0.3442
0.176762
0.3442
0.3442
0.3442
0.3442
0.245878
0.3442
0.3442
0.3442
0.3442
0.3442
0.3442
0.3442
0.3442
0.0903429
0.3442
0.3442
0.195712
0.177456
0.3442
0.0572694
0.3442
0.3442
0.178437
0.3442
0.114177
0.0440781
0.3442
0.3442
0.198887
0.174501
0.151575
0.168521
0.199521
0.19195
0.3442
0.3442
0.197034
0.280392
0.133689
0.3442
0.0935404
0.165784
0.3442
0.3442
0.00325894
0.193678
0.00692724
0.3442
0.0102789
0.152938
0.3442
0.0565985
0.131072
0.137869
0.3442
0.191863
0.00109974
0.190823
0.103831
0.3442
0.0647948
0.3442
0.150624
0.20406
0.0200226
0.0874186
0.143669
0.183228
0.181242
0.216453
0.3442
0.3442
0.3442
0.00576655
0.3442
0.0863634
0.175219
0.3442
0.3442
0.3442
0.187807
0.3442
0.193272
0.0397198
0.0649206
0.19096
0.3442
0.3442
0.10516
0.3442
0.019482
0.078066
0.259847
0.000690024
0.073102
0.10339
0.06473
0.192248
0.3442
0.027164
0.0263432
0.3442
0.163275
0.0560096
0.19506
0.11479
0.0397989
0.0524617
0.12404
0.181627
0.3442
0.1507
0.3442
0.21942
0.00210167
0.00180204
0.0291662
0.11819
0.0673851
0.0504291
0.3442
0.135005
0.158478
0.3442
0.200438
0.3442
0.3442
0.0981752
0.132747
0.3442
0.123062
0.3442
0.3442
0.00164101
0.3442
0.101173
0.00465132
0.3442
0.160203
0.3442
0.0792948
0.180816
0.3442
0.0909854
0.0780624
0.0724721
0.0985038
0.3442
0.3442
0.0840504
0.0613378
0.189844
0.0858059
0.3442
0.3442
0.17925
0.3442
0.0304023
0.0667722
0.190309
0.181687
0.0113605
0.127047
0.3442
0.0967048
0.188821
0.177993
0.3442
0.0861385
0.3442
0.3442
0.112965
0.00915571
0.0619115
0.010544
0.3442
0.3442
0.043527
0.3442
0.16457
0.0633387
0.3442
0.3442
0.3442
0.210221
0.162142
0.0615303
0.166169
0.16593
0.3442
0.0112478
0.128506
0.00362488
0.118513
0.070227
0.127929
0.0552295
0.0705374
0.3442
0.3442
0.3442
0.3442
0.185775
0.137446
0.3442
0.0273387
0.195493
0.253476
0.197354
0.3442
0.3442
0.3442
0.3442
0.3442
0.3442
0.3442
0.3442
0.0359338
0.3442
0.111481
0.3442
0.3442
0.3442
0.3442
0.3442
0.3442
0.3442
0.0202698
0.3442
0.3442
0.3442
0.3442
0.196233
0.00855513
0.3442
0.0816748
0.193304
0.3442
0.189654
0.18623
0.3442
0.170174
0.0710007
0.3442
0.3442
0.3442
0.0723502
0.0999095
0.3442
0.11486
0.107895
0.3442
0.0473555
0.151621
0.174597
0.18676
0.3442
0.223145
0.12837
0.016511
0.0282963
0.3442
0.149044
0.185758
0.3442
0.3442
0.195562
0.104013
0.085805
0.0557904
0.3442
0.3442
0.3442
0.3442
0.0903001
0.0380674
0.0750505
0.0263212
0.0996363
0.27824
0.3442
0.3442
0.149378
0.3442
0.310618
0.147825
0.0156055
0.3442
0.218959
0.3442
0.195335
0.3442
0.106756
0.148678
0.3442
0.3442
0.21195
0.0867311
0.0750653
0.19344
0.187893
0.205984
0.180009
0.3442
0.3442
0.3442
0.1196
0.207929
0.0646837
0.0739767
0.0466822
0.14574
0.066929
0.3442
0.3442
0.0499649
0.3442
0.0411321
0.3442
0.0819365
0.3442
0.146463
0.184349
0.00500775
0.3442
0.3442
0.0894872
0.3442
0.0559083
0.0285099
0.127189
0.00495876
0.3442
0.143499
0.212861
0.3442
0.3442
0.182102
0.160806
0.3442
0.3442
0.197807
0.194449
0.0734644
0.3442
0.3442
0.3442
0.133341
0.3442
0.0744296
0.063962
0.18284
0.3442
0.147584
0.177283
0.3442
0.231885
0.114124
0.22301
0.3442
0.240035
0.162883
0.0295337
0.181143
0.131219
0.128475
0.165143
0.0388833
0.0106046
0.063342
0.12286
0.3442
0.3442
0.3442
0.0142571
0.163305
0.3442
0.0368999
0.101183
0.3442
0.3442
0.3442
0.173849
0.0636494
0.3442
0.030013
0.169817
0.130898
0.0988442
0.022457
0.226406
0.0325048
0.106464
0.3442
0.179318
0.178627
0.141343
0.3442
0.195827
0.187764
0.3442
0.3442
0.115335
0.3442
0.156984
0.3442
0.0821022
0.0406409
0.138828
0.124766
0.3442
0.3442
0.164838
0.0237629
0.185036
0.3442
0.268561
0.0630117
0.187035
0.3442
0.3442
0.3442
0.3442
0.3442
0.245264
0.3442
0.207113
0.214033
0.00741228
0.185979
0.16281
0.0343578
0.143336
0.3442
0.093895
0.0889286
0.25654
0.112608
0.124325
0.3442
0.3442
0.3442
0.3442
0.3442
0.27199
0.203108
0.3442
0.00579257
0.0575932
0.0340992
0.191612
0.0159676
0.0466584
0.0543992
0.3442
0.1919
0.3442
0.0696751
0.0424144
0.3442
0.053863
0.3442
0.3442
0.3442
0.0195137
0.0362274
0.0370392
0.00918409
0.3442
0.3442
0.11891
0.0426167
0.228658
0.169658
0.3442
0.0493741
0.134756
0.187404
0.049095
0.3442
0.3442
0.112938
0.0516959
0.225328
0.0598787
0.3442
0.157661
0.240322
0.3442
0.3442
0.3442
0.106254
0.169607
0.20318
0.244265
0.0538867
0.3442
0.3442
0.204461
0.3442
0.0561863
0.176628
0.3442
0.196945
0.3442
0.0648258
0.210539
0.3442
0.109639
0.3442
0.186647
0.193027
0.190561
0.3442
0.3442
0.3442
0.158623
0.211228
0.3442
0.117362
0.0882788
0.119279
0.0858853
0.165044
0.3442
0.3442
0.3442
0.180529
0.0872695
0.136247
0.0124048
0.0472792
0.3442
0.134876
0.200138
0.0727202
0.304404
0.3442
0.022
0.0738126
0.3442
0.110131
0.0986583
0.0113844
0.15282
0.3442
0.3442
0.125999
0.0901605
0.129369
0.0563123
0.134748
0.3442
0.3442
0.00825725
0.3442
0.3442
0.0875358
0.3442
0.3442
0.217843
0.3442
0.0638762
0.134078
0.174525
0.147075
0.0119361
0.15758
0.122955
0.208569
0.3442
0.194137
0.169798
0.0484032
0.3442
0.0327659
0.0957876
0.0402709
0.166566
0.031914
0.3442
0.3442
0.0472007
0.0961414
0.101233
0.14477
0.3442
0.3442
0.13505
0.157859
0.0883593
0.3442
0.180687
0.174732
0.188672
0.183752
0.175602
0.204139
0.220838
0.3442
0.0976527
0.0819738
0.179433
0.3442
0.087952
0.3442
0.0492465
0.0476261
0.3442
0.3442
0.171972
0.18145
0.3442
0.3442
0.0812797
0.150052
0.3442
0.3442
0.177895
0.0528792
0.157723
0.0401148
0.172854
0.3442
0.0535318
0.100279
0.3442
0.3442
0.3442
0.194727
0.114009
0.197367
0.3442
0.3442
0.3442
0.148166
0.3442
0.0267959
0.3442
0.188646
0.0652096
0.255741
0.0155999
0.3442
0.00998468
0.0385281
0.192817
0.193195
0.216588
0.102133
0.3442
0.0458364
0.187329
0.3442
0.3442
0.0818584
0.197072
0.0534308
0.3442
0.0371002
0.3442
0.3442
0.090281
0.0171109
0.144635
0.113624
0.0138766
0.3442
0.128332
0.3442
0.140942
0.124104
0.224082
0.189569
0.3442
0.3442
0.042441
0.3442
0.150764
0.11218
0.3442
0.0046691
0.3442
0.150683
0.175867
0.13041
0.193374
0.3442
0.3442
0.310298
0.3442
0.147933
0.186191
0.3442
0.3442
0.3442
0.067505
0.3442
0.3442
0.195786
0.00516345
0.0389027
0.0665304
0.0380101
0.202669
0.3442
0.0791025
0.3442
0.172229
0.110431
0.3442
0.3442
0.00586384
0.3442
0.0760116
0.266971
0.22245
0.23306
0.3442
0.149915
0.3442
0.0292323
0.19051
0.0122186
0.079367
0.3442
0.3442
0.16804
0.182309
0.0892014
0.3442
0.251534
0.119056
0.3442
0.189891
0.0776043
0.3442
0.3442
0.3442
0.3442
0.111176
0.168515
0.132559
0.0653705
0.0324447
0.3442
0.051111
0.140779
0.3442
0.0139289
0.0178681
0.0192577
0.106871
0.3442
0.3442
0.165947
0.174244
0.110806
0.184659
0.3442
0.241753
0.192672
0.138659
0.3442
0.3442
0.3442
0.078876
0.089562
0.3442
0.190542
0.01467
0.181556
0.3442
0.3442
0.192318
0.3442
0.0824923
0.3442
0.147374
0.117333
0.3442
0.118076
0.043708
0.3442
0.011803
0.189201
0.3442
0.3442
0.3442
0.3442
0.174226
0.3442
0.3442
0.179555
0.3442
0.0197134
0.3442
0.186352
0.3442
0.00764458
0.3442
0.216551
0.190289
0.183431
0.20022
0.107789
0.126516
0.132055
0.140245
0.3442
0.0269349
0.0377373
0.0329639
0.120906
0.3442
0.3442
0.3442
0.0153484
0.135708
0.3442
0.152922
0.3442
0.3442
0.174664
0.00742447
0.134666
0.3442
0.3442
0.163439
0.188608
0.0473808
0.3442
0.208328
0.143775
0.0266592
0.3442
0.00666988
0.180912
0.3442
0.160564
0.3442
0.208894
0.148798
0.171109
0.3442
0.0601529
0.3442
0.0978465
0.3442
0.0372237
0.3442
0.3442
0.203674
0.158251
0.018487
0.3442
0.3442
0.3442
0.168443
0.17717
0.3442
0.107176
0.3442
0.3442
0.00151892
0.213314
0.0431408
0.3442
0.0681777
0.00265488
0.124185
0.186482
0.3442
0.3442
0.106163
0.1817
0.0327828
0.173885
0.0431578
0.0714092
0.0507889
0.3442
0.3442
0.00939239
0.3442
0.189097
0.3442
0.3442
0.187137
0.188938
0.12097
0.3442
0.3442
0.3442
0.0457345
0.154421
0.140851
0.182484
0.112833
0.181386
0.127152
0.101247
0.100912
0.231701
0.188362
0.3442
0.3442
0.0580917
0.104367
0.179313
0.3442
0.3442
0.0110755
0.193943
0.3442
0.000502852
0.138229
0.3442
0.3442
0.3442
0.0965822
0.3442
0.00308779
0.3442
0.3442
0.3442
0.0303514
0.3442
0.189047
0.124437
0.188014
0.3442
0.3442
0.189924
0.3442
0.0701041
0.185721
0.3442
0.0132909
0.14451
0.0532087
0.3442
0.3442
0.181492
0.3442
0.3442
0.3442
0.113849
0.169116
0.3442
0.168626
0.3442
0.3442
0.018067
0.0439385
0.3442
0.3442
0.0883599
0.0325919
0.3442
0.221443
0.00978179
0.3442
0.3442
0.185911
0.185322
0.18138
0.0963565
0.0678976
0.3442
0.0621359
0.016059
0.172242
0.0647974
0.159938
0.168309
0.100003
0.104739
0.3442
0.180651
0.3442
0.3442
0.197268
0.122905
0.164149
0.0195198
0.195512
0.3442
0.115761
0.3442
0.3442
0.132832
0.3442
0.177062
0.0927855
0.3442
0.0234881
0.0292813
0.3442
0.3442
0.3442
0.3442
0.126671
0.3442
0.128415
0.3442
0.126953
0.154208
0.0900197
0.3442
0.230402
0.101521
0.181339
0.3442
0.3442
0.3442
0.183464
0.212058
0.00834472
0.3442
0.3442
0.065
0.13969
0.139234
0.3442
0.3442
0.3442
0.3442
0.0995859
0.0776199
0.0570581
0.3442
0.107718
0.197322
0.3442
0.3442
0.167677
0.173774
0.3442
0.0740539
0.3442
0.0434151
0.0951453
0.194176
0.193155
0.081976
0.160588
0.182363
0.3442
0.268847
0.152007
0.3442
0.3442
0.3442
0.0289737
0.0457834
0.3442
0.21243
0.022141
0.129917
0.258013
0.3442
0.3442
0.20349
0.190444
0.0449984
0.121818
0.14667
0.3442
0.3442
0.118981
0.175846
0.087555
0.0114545
0.105097
0.171239
0.0309159
0.3442
0.032762
0.162452
0.107674
0.0646977
0.159112
0.218279
0.3442
0.189517
0.01039
0.3442
0.0257202
0.000778319
0.166707
0.3442
0.0681336
0.151342
0.0650239
0.3442
0.3442
0.164257
0.3442
0.148022
0.3442
0.3442
0.0169675
0.0189728
0.11353
0.163314
0.3442
0.3442
0.3442
0.3442
0.3442
0.0258243
0.3442
0.0227044
0.023854
0.168277
0.212364
0.3442
0.120687
0.114468
0.129782
0.17319
0.211656
0.107523
0.0700229
0.156936
0.3442
0.0488171
0.3442
0.3442
0.0296586
0.156687
0.3442
0.193106
0.157296
0.110527
0.151646
0.3442
0.3442
0.120367
0.3442
0.0487157
0.0743303
0.197109
0.00190708
0.133956
0.193297
0.187751
0.103227
0.17374
0.183701
0.198723
0.3442
0.3442
0.184554
0.3442
0.162171
0.200433
0.0398321
0.182279
0.0754146
0.0249458
0.0501031
0.3442
0.14767
0.0744318
0.185338
0.3442
0.133113
0.3442
0.3442
0.3442
0.3442
0.188994
0.00615356
0.118017
0.3442
0.3442
0.033498
0.111133
0.3442
0.3442
0.0204965
0.015758
0.0998829
0.0337588
0.202472
0.126555
0.178774
0.118051
0.172407
0.3442
0.3442
0.156011
0.199013
0.3442
0.0154657
0.152506
0.3442
0.023755
0.0728206
0.3442
0.232266
0.112885
0.218917
0.3442
0.0641082
0.3442
0.3442
0.185719
0.0901656
0.0524618
0.3442
0.3442
0.3442
0.0510031
0.3442
0.3442
0.3442
0.3442
0.0609005
0.3442
0.0824705
0.3442
0.000677244
0.3442
0.0161234
0.3442
0.3442
0.0574927
0.3442
0.013798
0.3442
0.0367503
0.3442
0.043365
0.3442
0.00449981
0.3442
0.0334893
0.151652
0.3442
0.3442
0.0695155
0.208679
0.196235
0.186734
0.0156303
0.3442
0.3442
0.0429912
0.3442
0.106682
0.0481065
0.3442
0.116827
0.304432
0.127607
0.203552
0.0433589
0.3442
0.0715855
0.0774671
0.3442
0.14317
0.3442
0.213471
0.3442
0.3442
0.3442
0.147958
0.216248
0.065382
0.182274
0.3442
0.3442
0.0779444
0.151282
0.3442
0.3442
0.3442
0.3442
0.0577278
0.3442
0.3442
0.0841687
0.178909
0.0553282
0.201033
0.0316741
0.3442
0.225833
0.3442
0.3442
0.0267976
0.3442
0.3442
0.3442
0.3442
0.3442
0.3442
0.3442
0.3442
0.0368893
0.3442
0.3442
0.121299
0.00245595
0.122511
0.163542
0.3442
0.143281
0.3442
0.220829
0.3442
0.3442
0.3442
0.067661
0.0817455
0.3442
0.3442
0.147024
0.136543
0.0553576
0.101891
0.3442
0.0957988
0.150462
0.174112
0.252114
0.167131
0.3442
0.131106
0.3442
0.193188
0.3442
0.0791529
0.170588
0.0153254
0.156133
0.0307062
0.3442
0.3442
0.244948
0.127464
0.3442
0.0123002
0.3442
0.204813
0.0146111
0.0132605
0.3442
0.3442
0.3442
0.194893
0.104287
0.117471
0.3442
0.3442
0.18989
0.3442
0.3442
0.3442
0.119551
0.3442
0.12446
0.19362
0.3442
0.183139
0.156289
0.3442
0.3442
0.3442
0.0465337
0.0289369
0.111773
0.3442
0.3442
0.0234418
0.187203
0.16612
0.3442
0.151032
0.144505
0.3442
0.0452512
0.0669748
0.3442
0.0376986
0.141802
0.3442
0.0374804
0.148302
0.3442
0.3442
0.0818934
0.0173787
0.182903
0.019481
0.249893
0.3442
0.3442
0.150554
0.143212
0.0970222
0.3442
0.100248
0.0376088
0.0925979
0.3442
0.175693
0.151084
0.131556
0.0800315
0.0714295
0.3442
0.3442
0.0310654
0.0421921
0.145155
0.3442
0.00712128
0.3442
0.0453149
0.1835
0.3442
0.0210372
0.128049
0.187299
0.3442
0.17515
0.0251011
0.3442
0.208142
0.188103
0.3442
0.17567
0.0883345
0.157873
0.3442
0.0143886
0.3442
0.3442
0.3442
0.121615
0.184221
0.3442
0.010989
0.3442
0.3442
0.249977
0.3442
0.183227
0.3442
0.0822909
0.0103245
0.00597638
0.3442
0.0420489
0.0383358
0.3442
0.3442
0.3442
0.0633747
0.3442
0.185496
0.00259348
0.168735
0.3442
0.3442
0.101991
0.3442
0.0462095
0.182956
0.185346
0.083255
0.3442
0.3442
0.0393649
0.0683344
0.3442
0.3442
0.121107
0.3442
0.176852
0.201763
0.182133
0.0406701
0.164586
0.3442
0.3442
0.169621
0.3442
0.0987933
0.109307
0.193048
0.3442
0.3442
0.200462
0.211329
0.3442
0.3442
0.3442
0.3442
0.179817
0.0138076
0.3442
0.3442
0.3442
0.3442
0.3442
0.163214
0.3442
0.159151
0.3442
0.135359
0.0733655
0.17949
0.186241
0.3442
0.175236
0.228515
0.0666474
0.3442
0.3442
0.3442
0.3442
0.3442
0.3442
0.0573473
0.3442
0.0411476
0.0152951
0.213372
0.3442
0.3442
0.203642
0.3442
0.3442
0.3442
0.116892
0.172919
0.3442
0.3442
0.158764
0.3442
0.3442
0.195405
0.3442
0.3442
0.3442
0.3442
0.00145502
0.170482
0.3442
0.3442
0.00309274
0.3442
0.0919851
0.244349
0.3442
0.219815
0.178397
0.0593198
0.3442
0.3442
0.0115171
0.0496553
0.207257
0.123692
0.043746
0.078252
0.193414
0.195578
0.3442
0.3442
0.184347
0.0687993
0.00352631
0.00499928
0.19059
0.3442
0.3442
0.0427093
0.3442
0.0293545
0.3442
0.0443663
0.0706793
0.0204363
0.3442
0.0851405
0.3442
0.00545559
0.041258
0.3442
0.3442
0.241319
0.00621554
0.180129
0.0700461
0.3442
0.3442
0.3442
0.3442
0.113479
0.0312017
0.0111813
0.156267
0.3442
0.176025
0.141076
0.225664
0.152249
0.134817
0.191512
0.153279
0.3442
0.3442
0.3442
0.0329094
0.3442
0.00848204
0.3442
0.3442
0.3442
0.113754
0.3442
0.193082
0.3442
0.0191886
0.3442
0.01802
0.178463
0.3442
0.141333
0.0486419
0.0794283
0.3442
0.135433
0.055225
0.0829378
0.194274
0.0262965
0.156806
0.3442
0.132917
0.3442
0.0346842
0.3442
0.0710622
0.3442
0.233002
0.3442
0.3442
0.0328628
0.177733
0.3442
0.3442
0.00689841
0.3442
0.0638838
0.164351
0.175834
0.169096
0.210389
0.18377
0.0543768
0.0309706
0.3442
0.196357
0.3442
0.0881899
0.3442
0.3442
0.0594772
0.109131
0.0298576
0.3442
0.206866
0.0669285
0.169426
0.3442
0.3442
0.102133
0.0179625
0.0736308
0.183539
0.189433
0.0684866
0.169204
0.3442
0.0307024
0.0198216
0.3442
0.3442
0.0157475
0.0317494
0.0881512
0.125774
0.3442
0.3442
0.3442
0.3442
0.193164
0.221531
0.0452508
0.3442
0.233866
0.158433
0.3442
0.3442
0.3442
0.138483
0.3442
0.0174829
0.11955
0.3442
0.122268
0.3442
0.3442
0.3442
0.0483699
0.000306708
0.0232602
0.00127826
0.3442
0.3442
0.3442
0.3442
0.3442
0.3442
0.222398
0.177678
0.3442
0.0582907
0.228733
0.3442
0.0451837
0.077608
0.129551
0.3442
0.3442
0.3442
0.3442
0.082936
0.3442
0.0783872
0.173534
0.151262
0.0344551
0.3442
0.0354092
0.0169283
0.0506511
0.0117456
0.0332076
0.0945851
0.3442
0.123526
0.0085232
0.0270677
0.106986
0.3442
0.0103428
0.0715007
0.0499398
0.3442
0.3442
0.3442
0.00819899
0.0229165
0.3442
0.153672
0.140319
0.0324623
0.0245246
0.3442
0.190032
0.0794365
0.00411317
0.3442
0.0659579
0.0400336
0.0319648
0.204612
0.187432
0.3442
0.0857464
0.168447
0.0491527
0.3442
0.205535
0.182191
0.0894595
0.3442
0.0879156
0.0420598
0.183738
0.00395448
0.0906091
0.087706
0.119392
0.3442
0.00612016
0.3442
0.161839
0.0882786
0.0553421
0.3442
0.161604
0.170396
0.0621377
0.0660179
0.117711
0.3442
0.3442
0.3442
0.3442
0.3442
0.124064
0.136383
0.3442
0.0914816
0.124821
0.3442
0.3442
0.266009
0.0369107
0.0104455
0.050137
0.3442
0.214948
0.0952955
0.0276716
0.201639
0.241367
0.0612558
0.0108346
0.00721971
0.20385
0.3442
0.3442
0.3442
0.0988525
0.295766
0.3442
0.148446
0.0570304
0.3442
0.0638748
0.16412
0.168992
0.177904
0.3442
0.0947756
0.0684504
0.0278939
0.3442
0.118653
0.3442
0.166318
0.3442
0.117959
0.3442
0.3442
0.0767295
0.3442
0.126211
0.341551
0.3442
0.3442
0.3442
0.3442
0.3442
0.22805
0.3442
0.0780715
0.0549358
0.0370482
0.3442
0.164483
0.3442
0.0449684
0.10357
0.3442
0.126221
0.309448
0.00980761
0.0346334
0.3442
0.3442
0.3442
0.0827647
0.3442
0.017002
0.146485
0.3442
0.3442
0.0187925
0.159708
0.3442
0.119839
0.3442
0.3442
0.0125728
0.203119
0.3442
0.0960883
0.3442
0.3442
0.159833
0.192851
0.104185
0.201738
0.3442
0.3442
0.3442
0.133992
0.0170049
0.0469475
0.3442
0.0161321
0.0899686
0.126291
0.3442
0.3442
0.191923
0.132756
0.0154329
0.0632523
0.0521843
0.0699072
0.0213474
0.3442
0.140409
0.0978022
0.159775
0.225958
0.3442
0.162039
0.3442
0.0384443
0.0482282
0.0595537
0.165791
0.3442
0.3442
0.3442
0.3442
0.189385
0.3442
0.190616
0.151438
0.3442
0.3442
0.101449
0.3442
0.3442
0.3442
0.3442
0.3442
0.217076
0.150744
0.162272
0.122826
0.0154827
0.3442
0.3442
0.0587799
0.176062
0.0697944
0.3442
0.0266996
0.3442
0.3442
0.14196
0.3442
0.0161917
0.3442
0.3442
0.3442
0.0262155
0.183974
0.10213
0.157198
0.3442
0.3442
0.3442
0.0150286
0.0590829
0.3442
0.3442
0.148077
0.148389
0.3442
0.00531291
0.3442
0.0574219
0.0243319
0.0331771
0.105181
0.150019
0.0777348
0.164394
0.105688
0.196523
0.3442
0.3442
0.3442
0.3442
0.3442
0.3442
0.16777
0.3442
0.120287
0.0318854
0.3442
0.3442
0.116578
0.205592
0.191843
0.3442
0.3442
0.170905
0.139561
0.218407
0.3442
0.173295
0.3442
0.0384251
0.0113703
0.3442
0.108611
0.3442
0.3442
0.3442
0.152488
0.3442
0.107851
0.0233836
0.156319
0.0241108
0.192475
0.135435
0.3442
0.12375
0.12332
0.3442
0.3442
0.3442
0.177453
0.1838
0.0935731
0.0493825
0.3442
0.010683
0.3442
0.09979
0.3442
0.0992398
0.3442
0.3442
0.3442
0.173162
0.3442
0.0354159
0.0353355
0.3442
0.186764
0.00689626
0.0445564
0.1792
0.3442
0.122963
0.3442
0.130733
0.3442
0.3442
0.3442
0.168053
0.109688
0.0924207
0.136806
0.3442
0.3442
0.3442
0.221226
0.3442
0.220781
0.0152867
0.3442
0.3442
0.3442
0.3442
0.147278
0.181825
0.3442
0.3442
0.0186518
0.131257
0.14508
0.00440436
0.144612
0.3442
0.3442
0.087552
0.3442
0.3442
0.3442
0.137655
0.3442
0.00478186
0.0127305
0.3442
0.0587034
0.030913
0.3442
0.147143
0.3442
0.0880501
0.3442
0.3442
0.130102
0.0447488
0.00576086
0.3442
0.0440139
0.0715356
0.183837
0.3442
0.147018
0.3442
0.173574
0.3442
0.0392881
0.063328
0.146367
0.3442
0.04386
0.102113
0.0448174
0.3442
0.00921993
0.3442
0.3442
0.0349441
0.3442
0.195484
0.0252363
0.3442
0.3442
0.3442
0.3442
0.3442
0.164307
0.0815457
0.099063
0.0140197
0.00581165
0.3442
0.3442
0.341712
0.0870244
0.0447191
0.139727
0.282725
0.0394265
0.108736
0.0242287
0.195611
0.139377
0.213236
0.3442
0.0843242
0.0258275
0.3442
0.221079
0.0628093
0.3442
0.205426
0.13163
0.0729486
0.3442
0.00514802
0.3442
0.3442
0.0933819
0.119611
0.161857
0.146272
0.100524
0.0451651
0.0135217
0.0458281
0.186237
0.174913
0.131407
0.107087
0.3442
0.0386238
0.3442
0.0150809
0.100236
0.3442
0.3442
0.131145
0.3442
0.0427926
0.3442
0.196178
0.3442
0.0367545
0.3442
0.3442
0.132999
0.0839131
0.0665372
0.150384
0.0676677
0.3442
0.3442
0.168586
0.0701002
0.210847
0.3442
0.207474
0.3442
0.3442
0.125797
0.186918
0.0851171
0.3442
0.3442
0.126838
0.132053
0.148444
0.17462
0.3442
0.067019
0.0305657
0.229886
0.18295
0.037726
0.0777948
0.155335
0.194549
0.189002
0.228307
0.0838088
0.3442
0.3442
0.3442
0.3442
0.0859852
0.255268
0.3442
0.0683443
0.0337644
0.3442
0.0150051
0.0115498
0.179242
0.3442
0.160199
0.3442
0.225933
0.3442
0.0738791
0.0942816
0.3442
0.0895579
0.0279893
0.3442
0.3442
0.00864791
0.0210538
0.3442
0.3442
0.142391
0.3442
0.00680103
0.334388
0.3442
0.0947954
0.0397295
0.166833
0.0620439
0.3442
0.201132
0.3442
0.20507
0.0161844
0.0801943
0.126778
0.181066
0.3442
0.3442
0.3442
0.0567249
0.3442
0.3442
0.3442
0.3442
0.188655
0.123532
0.00693526
0.00784003
0.0529323
0.139444
0.3442
0.00665367
0.119259
0.00565653
0.250519
0.0561801
0.00127965
0.3442
0.0161549
0.0311874
0.3442
0.188934
0.0549815
0.172004
0.3442
0.0753877
0.151782
0.196568
0.00584279
0.3442
0.171825
0.3442
0.3442
0.119743
0.104673
0.3442
0.13305
0.3442
0.0926854
0.147375
0.225163
0.168068
0.3442
0.00444391
0.3442
0.203421
0.3442
0.209528
0.3442
0.0851422
0.186331
0.3442
0.151886
0.0371145
0.3442
0.3442
0.158076
0.148582
0.213521
0.0513819
0.0795786
0.169735
0.184696
0.3442
0.150995
0.240709
0.15407
0.0776285
0.0952783
0.0996886
0.203402
0.0938932
0.0184893
0.3442
0.172924
0.0602656
0.3442
0.3442
0.012789
0.119277
0.070309
0.197007
0.3442
0.3442
0.0476826
0.0636781
