0.0466495
0.2447
0.2447
0.2447
0.2447
0.112055
0.2447
0.2447
0.2447
0.157051
0.2447
0.2447
0.2447
0.2447
0.2447
0.2447
0.2447
0.2447
0.2447
0.2447
0.2447
0.2447
0.2447
0.2447
0.2447
0.0218007
0.110345
0.0265854
0.2447
0.2447
0.2447
0.2447
0.0642296
0.0809154
0.2447
0.120439
0.2447
0.2447
0.0234597
0.2447
0.2447
0.104509
0.2447
0.2447
0.2447
0.127679
0.0718294
0.2447
0.2447
0.2447
0.2447
0.160783
0.2447
0.2447
0.103806
0.2447
0.2447
0.2447
0.2447
0.2447
0.2447
0.2447
0.2447
0.112792
0.2447
0.2447
0.2447
0.128956
0.2447
0.13411
0.016601
0.2447
0.2447
0.112322
0.00951824
0.21688
0.2447
0.2447
0.11568
0.100597
0.2447
0.2447
0.103106
0.2447
0.2447
0.00852764
0.0730103
0.0813544
0.2447
0.2447
0.2447
0.0259227
0.2447
0.014684
0.0894523
0.2447
0.2447
0.0974822
0.2447
0.2447
0.0828482
0.2447
0.0639188
0.2447
0.2447
0.2447
0.0387246
0.2447
0.2447
0.0602593
0.138714
0.0422247
0.2447
0.0873112
0.126909
0.2447
0.2447
0.069032
0.2447
0.2447
0.00240857
0.0566602
0.0748054
0.2447
0.129264
0.2447
0.044706
0.00408329
0.2447
0.2447
0.2447
0.0599915
0.2447
0.2447
0.00714994
0.00876198
0.2447
0.0455401
0.2447
0.0160529
0.2447
0.2447
0.0396422
0.2447
0.135493
0.2447
0.133298
0.147926
0.2447
0.2447
0.2447
0.2447
0.0758378
0.00431818
0.0118442
0.2447
0.0549978
0.2447
0.0132364
0.125007
0.2447
0.0138001
0.0478304
0.2447
0.0409912
0.112478
0.2447
0.2447
0.0506195
0.2447
0.2447
0.114881
0.2447
0.2447
0.110725
0.2447
0.110566
0.2447
0.2447
0.069205
0.2447
0.2447
0.2447
0.2447
0.2447
0.119572
0.2447
0.2447
0.2447
0.118675
0.2447
0.2447
0.2447
0.2447
0.0928669
0.0309425
0.2447
0.2447
0.2447
0.2447
0.0686371
0.2447
0.116365
0.0457393
0.2447
0.112862
0.2447
0.234856
0.2447
0.033544
0.0271875
0.2447
0.2447
0.2447
0.2447
0.0499954
0.116318
0.117345
0.00855274
0.0312231
0.152487
0.00102905
0.2447
0.111088
0.2447
0.2447
0.2447
0.107454
0.00170369
0.2447
0.0375342
0.115106
0.2447
0.0630786
0.0450917
0.2447
0.2447
0.2447
0.0372998
0.040697
0.2447
0.2447
0.2447
0.2447
0.2447
0.2447
0.23583
0.2447
0.125548
0.137495
0.2447
0.0149809
0.2447
0.0620125
0.2447
0.2447
0.000559329
0.2447
0.2447
0.2447
0.2447
0.00548916
0.114493
0.2447
0.2447
0.134426
0.0351988
0.2447
0.2447
0.110546
0.130784
0.2447
0.216381
0.167846
0.0192716
0.2447
0.0233619
0.2447
0.2447
0.0228267
0.0203348
0.2447
0.0204298
0.2447
0.2447
0.00140389
0.0542992
0.2447
0.2447
0.2447
0.0384188
0.172427
0.2447
0.0339209
0.0649265
0.2447
0.0772474
0.2447
0.0673454
0.113853
0.2447
0.2447
0.0829542
0.0329957
0.2447
0.150744
0.013642
0.0409612
0.2447
0.2447
0.2447
0.2447
0.2447
0.0657191
0.0051556
0.2447
0.2447
0.2447
0.2447
0.0726207
0.2447
0.2447
0.2447
0.0427452
0.2447
0.2447
0.2447
0.2447
0.0723147
0.2447
0.2447
0.2447
0.0726005
0.2447
0.2447
0.0734939
0.2447
0.2447
0.2447
0.2447
0.2447
0.2447
0.2447
0.2447
0.0841969
0.047041
0.2447
0.0342057
0.0751409
0.00537357
0.0998299
0.2447
0.2447
0.0788092
0.2447
0.2447
0.2447
0.0475326
0.2447
0.100383
0.0225254
0.0296323
0.0354857
0.2447
0.225516
0.2447
0.103301
0.110523
0.0592648
0.0118995
0.2447
0.2447
0.2447
0.2447
0.0491732
0.20308
0.108231
0.144468
0.2447
0.2447
0.0926702
0.2447
0.101825
0.2447
0.0441359
0.10665
0.2447
0.2447
0.110707
0.2447
0.2447
0.2447
0.2447
0.2447
0.2447
0.2447
0.2447
0.00772817
0.134502
0.0228023
0.2447
0.2447
0.2447
0.2447
0.0769321
0.0835074
0.222511
0.2447
0.11181
0.2447
0.2447
0.2447
0.0195395
0.0118269
0.0654979
0.2447
0.0286116
0.2447
0.0345227
0.2447
0.2447
0.2447
0.2447
0.0845271
0.0510284
0.0398796
0.0743211
0.116693
0.0159415
0.2447
0.116801
0.2447
0.2447
0.2447
0.2447
0.0826186
0.0307163
0.2447
0.0343956
0.0274723
0.2447
0.2447
0.2447
0.10262
0.2447
0.112546
0.2447
0.200332
0.2447
0.2447
0.0696832
0.2447
0.2447
0.2447
0.0110557
0.0326359
0.2447
0.165721
0.2447
0.00365419
0.2447
0.2447
0.2447
0.10759
0.2447
0.2447
0.2447
0.0165161
0.13244
0.169856
0.2447
0.2447
0.080621
0.149202
0.2447
0.202455
0.2447
0.2447
0.2447
0.0881224
0.0349767
0.2447
0.124041
0.122145
0.00717283
0.0346191
0.2447
0.0146985
0.0850309
0.2447
0.2447
0.2447
0.2447
0.2447
0.2447
0.2447
0.0893038
0.0880733
0.2447
0.2447
0.164309
0.05225
0.2447
0.0954921
0.2447
0.11061
0.110927
0.2447
0.2447
0.2447
0.050713
0.0198276
0.112368
0.2447
0.00104754
0.225717
0.2447
0.0164622
0.00191941
0.2447
0.2447
0.2447
0.132101
0.028287
0.108663
0.2447
0.2447
0.0170608
0.070986
0.2447
0.2447
0.0307768
0.2447
0.0493045
0.2447
0.116148
0.2447
0.2447
0.2447
0.0879611
0.00196266
0.0791465
0.16371
0.2447
0.2447
0.2447
0.15411
0.2447
0.137689
0.0432966
0.2447
0.2447
0.0457134
0.0746392
0.2447
0.2447
0.0766585
0.2447
0.2447
0.2447
0.2447
0.0296803
0.2447
0.2447
0.00668219
0.0384364
0.2447
0.2447
0.2447
0.2447
0.0839118
0.2447
0.2447
0.0662059
0.2447
0.2447
0.2447
0.2447
0.2447
0.2447
0.0596678
0.2447
0.2447
0.2447
0.2447
0.116138
0.2447
0.152129
0.2447
0.2447
0.2447
0.10833
0.0116164
0.2447
0.2447
0.2447
0.2447
0.2447
0.00624094
0.2447
0.2447
0.2447
0.102592
0.110078
0.2447
0.0701622
0.2447
0.2447
0.2447
0.2447
0.115395
0.2447
0.2447
0.0335039
0.084342
0.2447
0.2447
0.2447
0.135699
0.2447
0.0894348
0.2447
0.107605
0.114562
0.2447
0.2447
0.2447
0.2447
0.0454235
0.0576103
0.118284
0.0916115
0.2447
0.0595298
0.116787
0.2447
0.00407807
0.2447
0.2447
0.0891699
0.2447
0.2447
0.0829794
0.2447
0.2447
0.2447
0.00855573
0.2447
0.0738864
0.0256434
0.126585
0.2447
0.2447
0.0997633
0.2447
0.0443032
0.2447
0.073564
0.2447
0.2447
0.2447
0.0248144
0.2447
0.2447
0.2447
0.2447
0.2447
0.2447
0.2447
0.2447
0.00612873
0.00489683
0.0634236
0.2447
0.2447
0.2447
0.2447
0.0150726
0.2447
0.2447
0.0605496
0.2447
0.0890089
0.2447
0.0314488
0.0973631
0.0312471
0.2447
0.2447
0.0321814
0.00784576
0.2447
0.2447
0.0388519
0.2447
0.190171
0.2447
0.0946546
0.126856
0.2447
0.116663
0.0585155
0.2447
0.126659
0.2447
0.2447
0.2447
0.2447
0.00147226
0.2447
0.0274053
0.2447
0.2447
0.166375
0.0901144
0.2447
0.2447
0.2447
0.009829
0.0351252
0.2447
0.2447
0.2447
0.2447
0.108784
0.0097824
0.2447
0.2447
0.2447
0.112004
0.0229865
0.117015
0.2447
0.2447
0.126114
0.102159
0.11144
0.2447
0.2447
0.116392
0.208598
0.0734591
0.2447
0.0550316
0.0135422
0.103756
0.2447
0.107758
0.00804436
0.112087
0.056486
0.126637
0.2447
0.0160213
0.00841864
0.0303755
0.0775411
0.2447
0.2447
0.2447
0.0959753
0.2447
0.2447
0.2447
0.108948
0.2447
0.2447
0.2447
0.2447
0.0215688
0.0327548
0.2447
0.2447
0.2447
0.023404
0.2447
0.2447
0.2447
0.204215
0.152253
0.2447
0.2447
0.0268292
0.2447
0.2447
0.0413471
0.2447
0.2447
0.2447
0.2447
0.114478
0.2447
0.2447
0.2447
0.2447
0.0225831
0.0104671
0.177383
0.2447
0.103891
0.0129959
0.2447
0.2447
0.2447
0.0844005
0.2447
0.2447
0.10784
0.102799
0.0338688
0.2447
0.2447
0.2447
0.2447
0.10408
0.2447
0.0098796
0.2447
0.11855
0.2447
0.2447
0.067884
0.2447
0.00716631
0.0519173
0.2447
0.2447
0.2447
0.0117731
0.096456
0.2447
0.0822092
0.2447
0.14275
0.219811
0.00614269
0.2447
0.2447
0.2447
0.115906
0.2447
0.0110405
0.00347655
0.0491458
0.0652708
0.0523096
0.0853999
0.107408
0.2447
0.2447
0.00638725
0.0806391
0.2447
0.2447
0.102284
0.2447
0.2447
0.2447
0.0843385
0.11049
0.2447
0.2447
0.202707
0.2447
0.2447
0.2447
0.00472915
0.2447
0.0648668
0.0317344
0.0392509
0.2447
0.0671883
0.2447
0.2447
0.0924031
0.2447
0.2447
0.235273
0.0626119
0.2447
0.0694544
0.2447
0.196788
0.2447
0.024624
0.0508552
0.240784
0.2447
0.167564
0.00397049
0.2447
0.2447
0.194197
0.2447
0.2447
0.0934163
0.2447
0.2447
0.2447
0.0839012
0.2447
0.2447
0.2447
0.2447
0.2447
0.2447
0.2447
0.2447
0.2447
0.2447
0.118561
0.00362837
0.0746826
0.00825698
0.2447
0.00829511
0.2447
0.2447
0.020314
0.0190663
0.0242849
0.2447
0.0373442
0.2447
0.2447
0.163065
0.2447
0.0432865
0.2447
0.076045
0.2447
0.0227245
0.2447
0.2447
0.2447
0.00311346
0.2447
0.143237
0.118953
0.2447
0.2447
0.2447
0.2447
0.2447
0.2447
0.115494
0.2447
0.2447
0.2447
0.0479466
0.134564
0.2447
0.0129147
0.2447
0.2447
0.194143
0.2447
0.2447
0.2447
0.123395
0.00684717
0.2447
0.0426713
0.2447
0.2447
0.2447
0.056625
0.00209114
0.2447
0.2447
0.2447
0.2447
0.2447
0.0623496
0.115929
0.0526059
0.2447
0.2447
0.2447
0.2447
0.2447
0.2447
0.126577
0.2447
0.168988
0.112444
0.2447
0.0188193
0.00083565
0.2447
0.2447
0.2447
0.2447
0.2447
0.0517796
0.128376
0.2447
0.0838505
0.2447
0.0508726
0.103338
0.2447
0.163714
0.108727
0.2447
0.212461
0.0440952
0.2447
0.2447
0.2447
0.2447
0.2447
0.0124907
0.11089
0.2447
0.2447
0.00484021
0.2447
0.0949202
0.2447
0.0679199
0.2447
0.2447
0.101796
0.0512586
0.103294
0.2447
0.2447
0.0221137
0.2447
0.2447
0.0349222
0.2447
0.2447
0.0187757
0.0063527
0.0363866
0.000465465
0.2447
0.2447
0.2447
0.0054302
0.2447
0.2447
0.0662504
0.2447
0.2447
0.0258556
0.2447
0.2447
0.133387
0.0869507
0.062743
0.00409975
0.0759426
0.2447
0.089862
0.2447
0.125084
0.00702301
0.2447
0.2447
0.00844986
0.2447
0.2447
0.0106648
0.132789
0.0480773
0.2447
0.0198849
0.2447
0.2447
0.2447
0.2447
0.0360713
0.0262569
0.2447
0.110011
0.2447
0.2447
0.2447
0.0875529
0.2447
0.0535408
0.0853505
0.2447
0.15247
0.2447
0.2447
0.2447
0.193604
0.101351
0.2447
0.2447
0.2447
0.2447
0.2447
0.0323494
0.0719359
0.2447
0.2447
0.2447
0.2447
0.2447
0.2447
0.0832357
0.2447
0.0242559
0.142738
0.2447
0.198622
0.2447
0.2447
0.2447
0.2447
0.2447
0.0987455
0.0587763
0.0454756
0.126867
0.2447
0.2447
0.2447
0.2447
0.2447
0.0917247
0.040641
0.0195844
0.143353
0.2447
0.2447
0.2447
0.00426732
0.135099
0.2447
0.2447
0.2447
0.2447
0.243048
0.0609699
0.2447
0.11616
0.2447
0.2447
0.2447
0.0805713
0.243864
0.195326
0.00884605
0.2447
0.123173
0.0811562
0.2447
0.0277634
0.2447
0.2447
0.114101
0.00859535
0.0873454
0.2447
0.0872183
0.105298
0.2447
0.2447
0.065868
0.00636819
0.0500675
0.0246697
0.0318158
0.00744257
0.0302098
0.2447
0.2447
0.2447
0.2447
0.2447
0.2447
0.2447
0.0971545
0.2447
0.2447
0.0769156
0.2447
0.0497425
0.2447
0.128683
0.119442
0.17143
0.12122
0.115329
0.2447
0.2447
0.2447
0.0782592
0.2447
0.2447
0.100306
0.2447
0.2447
0.2447
0.2447
0.195981
0.2447
0.11771
0.2447
0.2447
0.13203
0.2447
0.2447
0.2447
0.2447
0.2447
0.2447
0.0246992
0.11827
0.2447
0.2447
0.0476142
0.2447
0.0567911
0.2447
0.105447
0.0477838
0.0739354
0.2447
0.2447
0.2447
0.028244
0.0396326
0.2447
0.2447
0.2447
0.0223112
0.0451482
0.103862
0.0685107
0.114592
0.0871106
0.2447
0.2447
0.2447
0.2447
0.000495181
0.0340774
0.0960567
0.0157994
0.0976986
0.2447
0.110324
0.2447
0.2447
0.2447
0.2447
0.2447
0.2447
0.0111439
0.2447
0.2447
0.177737
0.2447
0.2447
0.13153
0.2447
0.2447
0.2447
0.2447
0.2447
0.2447
0.2447
0.12504
0.2447
0.2447
0.0148491
0.2447
0.2447
0.0441539
0.0253426
0.126741
0.2447
0.0283604
0.0469521
0.0722551
0.2447
0.0220008
0.2447
0.2447
0.0424176
0.0200469
0.2447
0.2447
0.00726574
0.107172
0.0162315
0.0570949
0.2447
0.2447
0.2447
0.2447
0.0318369
0.10723
0.0805787
0.2447
0.0808425
0.117926
0.2447
0.2447
0.2447
0.2447
0.0531386
0.0442521
0.2447
0.2447
0.0742122
0.2447
0.127135
0.00955369
0.2447
0.0469303
0.0200382
0.2447
0.0346916
0.2447
0.2447
0.2447
0.2447
0.00592203
0.2447
0.2447
0.2447
0.00886437
0.2447
0.0768227
0.135173
0.2447
0.2447
0.0523465
0.0655586
0.2447
0.2447
0.2447
0.2447
0.2447
0.127899
0.2447
0.2447
0.2447
0.0277484
0.2447
0.2447
0.2447
0.2447
0.108704
0.000404213
0.2447
0.108427
0.2447
0.18076
0.2447
0.2447
0.2447
0.2447
0.2447
0.0512251
0.2447
0.2447
0.0448151
0.2447
0.0190304
0.115628
0.2447
0.0538483
0.2447
0.2447
0.2447
0.172667
0.2447
0.2447
0.0771758
0.2447
0.00218039
0.0536174
0.2447
0.0880092
0.2447
0.2447
0.2447
0.102679
0.2447
0.2447
0.0946454
0.0834185
0.2447
0.0623456
0.0260773
0.0680955
0.0264959
0.2447
0.016544
0.2447
0.2447
0.0216527
0.160619
0.2447
0.2447
0.2447
0.0443217
0.2447
0.0797385
0.2447
0.0300645
0.2447
0.2447
0.2447
0.2447
0.2447
0.2447
0.037816
0.2447
0.2447
0.0433029
0.2447
0.039641
0.2447
0.0694176
0.0175305
0.044873
0.141932
0.0351492
0.0181114
0.2447
0.128366
0.0101679
0.2447
0.2447
0.2447
0.2447
0.2447
0.2447
0.2447
0.243227
0.2447
0.2447
0.105423
0.2447
0.2447
0.2447
0.2447
0.2447
0.0127055
0.2447
0.012739
0.118834
0.2447
0.2447
0.2447
0.143014
0.2447
0.2447
0.2447
0.2447
0.2447
0.0264702
0.0187256
0.0350965
0.2447
0.2447
0.2447
0.111436
0.24098
0.111868
0.0214672
0.2447
0.108728
0.2447
0.2447
0.2447
0.2447
0.000848486
0.0793956
0.0946103
0.2447
0.2447
0.2447
0.2447
0.2447
0.0555521
0.0996287
0.2447
0.2447
0.2447
0.2447
0.2447
0.2447
0.2447
0.112733
0.2447
0.2447
0.147623
0.0957892
0.2447
0.2447
0.2447
0.2447
0.2447
0.2447
0.2447
0.0395702
0.021184
0.2447
0.005577
0.2447
0.2447
0.2447
0.11495
0.0245189
0.116222
0.2447
0.2447
0.2447
0.2447
0.2447
0.2447
0.2447
0.2447
0.2447
0.2447
0.2447
0.0828443
0.2447
0.109471
0.2447
0.2447
0.211243
0.2447
0.0783055
0.2447
0.2447
0.2447
0.0313806
0.2447
0.2447
0.2447
0.136352
0.119532
0.0210193
0.2447
0.2447
0.2447
0.2447
0.2447
0.2447
0.2447
0.0718241
0.2447
0.2447
0.2447
0.131872
0.2447
0.2447
0.00821114
0.2447
0.2447
0.0462162
0.0357946
0.14724
0.2447
0.0097806
0.2447
0.215152
0.2447
0.027158
0.2447
0.101601
0.2447
0.2447
0.124563
0.2447
0.2447
0.2447
0.2447
0.116312
0.2447
0.0609408
0.2447
0.2447
0.0564769
0.2447
0.225233
0.2447
0.2447
0.2447
0.2447
0.2447
0.2447
0.0372722
0.2447
0.148957
0.2447
0.0542793
0.0400212
0.2447
0.2447
0.2447
0.2447
0.0718054
0.2447
0.0213751
0.154436
0.0439953
0.0685254
0.2447
0.110432
0.117945
0.127768
0.2447
0.0168142
0.0471028
0.2447
0.140296
0.2447
0.0172119
0.2447
0.169282
0.2447
0.2447
0.2447
0.2447
0.0300158
0.2447
0.2447
0.2447
0.00809051
0.2447
0.2447
0.0965275
0.2447
0.2447
0.11655
0.2447
0.11017
0.0962912
0.118147
0.2447
0.2447
0.0411073
0.0912535
0.117774
0.0735502
0.2447
0.0412596
0.2447
0.2447
0.112035
0.2447
0.2447
0.2447
0.2447
0.2447
0.2447
0.097718
0.2447
0.0143207
0.2447
0.2447
0.0649546
0.152043
0.0366938
0.00553872
0.2447
0.114033
0.112521
0.00902968
0.0934392
0.2447
0.2447
0.2447
0.0512382
0.2447
0.0125562
0.050771
0.101486
0.00806027
0.16305
0.2447
0.2447
0.2447
0.0598809
0.0441686
0.153425
0.0302459
0.2447
0.00746314
0.2447
0.2447
0.24074
0.0581288
0.2447
0.2447
0.2447
0.2447
0.0573829
0.2447
0.2447
0.2447
0.034596
0.0507503
0.2447
0.037668
0.00971823
0.2447
0.111125
0.2447
0.0155586
0.2447
0.105462
0.2447
0.2447
0.2447
0.0407564
0.2447
0.2447
0.108082
0.102621
0.106376
0.2447
0.0953329
0.2447
0.2447
0.0236403
0.0174837
0.2447
0.2447
0.2447
0.0781834
0.2447
0.0896206
0.2447
0.107284
0.2447
0.0237315
0.2447
0.0656586
0.2447
0.136954
0.0404647
0.0380024
0.11424
0.171279
0.2447
0.2447
0.0881676
0.2447
0.2447
0.111857
0.2447
0.0275123
0.119116
0.109983
0.2447
0.12781
0.2447
0.2447
0.0696773
0.2447
0.2447
0.2447
0.2447
0.2447
0.2447
0.2447
0.2447
0.230034
0.115069
0.104421
0.0189166
0.146018
0.0484252
0.117291
0.0388221
0.00920412
0.2447
0.2447
0.2447
0.2447
0.00369885
0.2447
0.2447
0.2447
0.2447
0.2447
0.130135
0.2447
0.2447
0.2447
0.2447
0.0268159
0.0286607
0.2447
0.0462977
0.043354
0.00965332
0.2447
0.2447
0.2447
0.2447
0.0707783
0.2447
0.2447
0.133938
0.130123
0.2447
0.2447
0.112157
0.0225306
0.2447
0.2447
0.131016
0.0476837
0.00544262
0.2447
0.2447
0.2447
0.0715442
0.2447
0.016129
0.0458759
0.115106
0.0744107
0.0337322
0.2447
0.0644685
0.2447
0.2447
0.0795716
0.2447
0.2447
0.2447
0.13057
0.2447
0.127979
0.2447
0.2447
0.2447
0.2447
0.2447
0.2447
0.0586539
0.2447
0.00526471
0.113943
0.2447
0.2447
0.105578
0.2447
0.2447
0.105866
0.0902963
0.2447
0.00547476
0.2447
0.0602319
0.2447
0.2447
0.2447
0.2447
0.2447
0.2447
0.00699838
0.2447
0.2447
0.2447
0.2447
0.2447
0.2447
0.2447
0.102146
0.0176034
0.109785
0.2447
0.00032458
0.2447
0.114748
0.0625548
0.2447
0.062667
0.0953098
0.0283617
0.2447
0.0178515
0.145768
0.0214149
0.0113412
0.2447
0.2447
0.2447
0.0309172
0.2447
0.026843
0.2447
0.2447
0.110591
0.129606
0.0354658
0.2447
0.2447
0.0427882
0.103598
0.0901715
0.2447
0.2447
0.0504843
0.0375262
0.2447
0.2447
0.11639
0.0492939
0.2447
0.119779
0.2447
0.131775
0.2447
0.2447
0.0428193
0.2447
0.2447
0.0197797
0.0530051
0.2447
0.181528
0.0829548
0.0157634
0.2447
0.0513165
0.142413
0.2447
0.2447
0.174647
0.2447
0.103198
0.2447
0.106552
0.0559723
0.2447
0.0647109
0.2447
0.2447
0.2447
0.0516464
0.2447
0.2447
0.2447
0.0509082
0.2447
0.0270035
0.2447
0.2447
0.2447
0.0352265
0.2447
0.134185
0.2447
0.2447
0.19438
0.2447
0.0136949
0.045213
0.104302
0.2447
0.2447
0.038285
0.0933801
0.2447
0.2447
0.0855087
0.173957
0.0211409
0.0922928
0.2447
0.0307199
0.2447
0.0378512
0.2447
0.116228
0.2447
0.2447
0.2447
0.2447
0.2447
0.2447
0.2447
0.2447
0.2447
0.109449
0.2447
0.2447
0.2447
0.114257
0.118694
0.0964261
0.2447
0.0207646
0.2447
0.2447
0.139741
0.00545173
0.15127
0.2447
0.2447
0.0090346
0.2447
0.115075
0.0238973
0.2447
0.2447
0.10528
0.0768869
0.0151233
0.0189318
0.2447
0.147122
0.2447
0.0537709
0.2447
0.0472787
0.2447
0.0984701
0.2447
0.2447
0.0870902
0.0967043
0.0469227
0.2447
0.099583
0.2447
0.0156491
0.2447
0.00639523
0.0554334
0.0572651
0.2447
0.2447
0.0708593
0.104052
0.137429
0.0722649
0.2447
0.2447
0.138584
0.2447
0.2447
0.2447
0.2447
0.2447
0.2447
0.100602
0.2447
0.2447
0.2447
0.2447
0.2447
0.2447
0.144122
0.2447
0.2447
0.0397336
0.2447
0.2447
0.2447
0.2447
0.2447
0.2447
0.2447
0.113797
0.0562931
0.2447
0.2447
0.2447
0.2447
0.2447
0.2447
0.2447
0.2447
0.0718347
0.00991666
0.00813206
0.2447
0.0316205
0.2447
0.0689214
0.0290597
0.2447
0.103258
0.2447
0.129168
0.2447
0.2447
0.0132248
0.0579225
0.2447
0.04379
0.2447
0.0360551
0.125444
0.2447
0.012921
0.2447
0.2447
0.2447
0.2447
0.2447
0.096086
0.2447
0.2447
0.0206665
0.145519
0.2447
0.2447
0.2447
0.2447
0.2447
0.2447
0.05851
0.140425
0.2447
0.050218
0.0827904
0.2447
0.0634218
0.0524358
0.2447
0.0829495
0.2447
0.0365595
0.2447
0.0956464
0.118121
0.2447
0.0695666
0.2447
0.2447
0.05011
0.2447
0.2447
0.0636031
0.118341
0.152703
0.2447
0.2447
0.0291553
0.2447
0.179528
0.2447
0.2447
0.2447
0.100329
0.2447
0.2447
0.0955885
0.11662
0.2447
0.2447
0.00320719
0.122357
0.11742
0.2447
0.0832618
0.0183242
0.2447
0.2447
0.0582401
0.0213079
0.2447
0.2447
0.0689176
0.00275312
0.2447
0.2447
0.0886121
0.0106112
0.2447
0.0994378
0.2447
0.2447
0.2447
0.2447
0.2447
0.2447
0.2447
0.2447
0.2447
0.0146868
0.0012648
0.136671
0.0142884
0.2447
0.0588644
0.2447
0.2447
0.0578077
0.10998
0.108138
0.15266
0.2447
0.2447
0.0514975
0.0102667
0.0301747
0.2447
0.110168
0.133799
0.2447
0.2447
0.2447
0.0902245
0.0278411
0.2447
0.2447
0.0274049
0.2447
0.164144
0.2447
0.2447
0.2447
0.2447
0.2447
0.2447
0.123698
0.00943771
0.001314
0.2447
0.116936
0.2447
0.2447
0.2447
0.11808
0.2447
0.0807507
0.2447
0.134854
0.0600476
0.2447
0.2447
0.0464538
0.2447
0.0524288
0.2447
0.078933
0.2447
0.010652
0.2447
0.00906757
0.2447
0.0273339
0.2447
0.2447
0.2447
0.2447
0.0470489
0.2447
0.2447
0.116557
0.2447
0.119858
0.120282
0.0442798
0.2447
0.2447
0.2447
0.0262844
0.104631
0.110534
0.2447
0.0649438
0.2447
0.2447
0.2447
0.151515
0.0791564
0.139757
0.02984
0.2447
0.2447
0.2447
0.2447
0.210657
0.105935
0.106709
0.2447
0.117396
0.2447
0.130418
0.2447
0.0234571
0.2447
0.2447
0.176321
0.2447
0.2447
0.2447
0.0681531
0.0854954
0.2447
0.2447
0.2447
0.2447
0.2447
0.2447
0.2218
0.2447
0.107362
0.0298735
0.2447
0.2447
0.2447
0.2447
0.00252232
0.2447
0.2447
0.135416
0.2447
0.2447
0.2447
0.2447
0.2447
0.2447
0.2447
0.0796914
0.0898248
0.0546028
0.2447
0.2447
0.2447
0.2447
0.2447
0.2447
0.0472723
0.2447
0.124954
0.2447
0.2447
0.00476044
0.2447
0.2447
0.2447
0.2447
0.2447
0.2447
0.2447
0.00621103
0.2447
0.108404
0.2447
0.2447
0.2447
0.2447
0.2447
0.00491698
0.106693
0.2447
0.0704112
0.0450811
0.130172
0.20144
0.2447
0.0573818
0.0218498
0.2447
0.115107
0.2447
0.109946
0.2447
0.106156
0.2447
0.0611586
0.00812653
0.0986015
0.1203
0.00548529
0.155222
0.2447
0.2447
0.0569505
0.2447
0.2447
0.0033902
0.025144
0.2447
0.00475332
0.104526
0.2447
0.2447
0.0361188
0.2447
0.2447
0.2447
0.2447
0.2447
0.2447
0.2447
0.2447
0.2447
0.2447
0.2447
0.2447
0.129122
0.2447
0.2447
0.2447
0.0691501
0.102005
0.00810756
0.2447
0.2447
0.2447
0.0586974
0.2447
0.2447
0.0132331
0.0194167
0.2447
0.2447
0.2447
0.2447
0.2447
0.113989
0.2447
0.0359876
0.142525
0.2447
0.11394
0.2447
0.2447
0.172416
0.0897802
0.2447
0.2447
0.2447
0.0977965
0.2447
0.2447
0.2447
0.2447
0.0478027
0.2447
0.2447
0.2447
0.2447
0.107573
0.2447
0.2447
0.2447
0.0389324
0.0678016
0.105769
0.0431674
0.2447
0.2447
0.2447
0.0283569
0.2447
0.207877
0.020819
0.2447
0.2447
0.0305856
0.2447
0.0977631
0.2447
0.196861
0.2447
0.2447
0.119209
0.0240695
0.2447
0.2447
0.016652
0.2447
0.00504121
0.0726324
0.0715743
0.121034
0.232223
0.035994
0.130009
0.2447
0.0820421
0.2447
0.2447
0.178169
0.2447
0.2447
0.2447
0.2447
0.0779364
0.188468
0.2447
0.2447
0.130502
0.163255
0.2447
0.00145106
0.2447
0.2447
0.00145289
0.111768
0.0186281
0.0214994
0.0105736
0.2447
0.2447
0.2447
0.0305598
0.2447
0.2447
0.2447
0.2447
0.0829532
0.2447
0.2447
0.238956
0.0363684
0.2447
0.2447
0.0397939
0.2447
0.2447
0.13941
0.2447
0.0708993
0.2447
0.126606
0.2447
0.126016
0.2447
0.2447
0.192054
0.181007
0.101189
0.0424075
0.2447
0.2447
0.2447
0.0347826
0.2447
0.2447
0.2447
0.2447
0.2447
0.2447
0.2447
0.2447
0.2447
0.0321002
0.2447
0.12161
0.2447
0.0790537
0.2447
0.027089
0.179232
0.118639
0.2447
0.0317324
0.0871471
0.2447
0.0518293
0.2447
0.2447
0.0580351
0.115084
0.0441276
0.13045
0.2447
0.2447
0.0935527
0.143179
0.0496309
0.2447
0.00406682
0.2447
0.125674
0.2447
0.115686
0.2447
0.0350251
0.2447
0.0739112
0.111777
0.2447
0.2447
0.2447
0.2447
0.2447
0.2447
0.2447
0.2447
0.2447
0.2447
0.0438963
0.0111691
0.2447
0.2447
0.2447
0.144678
0.0359025
0.2447
0.2447
0.0695621
0.0134537
0.116412
0.2447
0.2447
0.0998665
0.108356
0.2447
0.0266594
0.120416
0.023066
0.2447
0.2447
0.2447
0.065783
0.2447
0.2447
0.2447
0.116409
0.0594344
0.2447
0.2447
0.104639
0.2447
0.2447
0.2447
0.2447
0.00390558
0.102635
0.2447
0.2447
0.115596
0.2447
0.2447
0.2447
0.133729
0.2447
0.124016
0.2447
0.0893242
0.0961958
0.0205689
0.2447
0.0201161
0.2447
0.103911
0.2447
0.2447
0.089027
0.110326
0.2447
0.2447
0.013012
0.2447
0.2447
0.0481586
0.0274861
0.2447
0.2447
0.2447
0.2447
0.2447
0.2447
0.0336781
0.114615
0.110527
0.2447
0.103768
0.2447
0.112152
0.2447
0.0394066
0.2447
0.203561
0.2447
0.2447
0.2447
0.030307
0.2447
0.2447
0.2447
0.0141618
0.2447
0.112
0.017632
0.2447
0.2447
0.0590143
0.2447
0.0661254
0.2447
0.0784157
0.10648
0.0520053
0.2447
0.2447
0.113958
0.126742
0.151812
0.2447
0.2447
0.2447
0.2447
0.1391
0.151759
0.101991
0.2447
0.2447
0.2447
0.0893648
0.102878
0.2447
0.2447
0.0552999
0.0398956
0.0479253
0.0747107
0.2447
0.2447
0.10792
0.135988
0.109585
0.0447506
0.118979
0.2447
0.0163633
0.2447
0.2447
0.2447
0.2447
0.0440456
0.0902909
0.2447
0.114902
0.2447
0.2447
0.2447
0.0311734
0.2447
0.2447
0.107449
0.2447
0.2447
0.2447
0.2447
0.2447
0.2447
0.0810357
0.2447
0.113174
0.2447
0.2447
0.2447
0.2447
0.0127933
0.2447
0.18525
0.2447
0.0824258
0.13587
0.117001
0.2447
0.2447
0.0922354
0.0569679
0.0217619
0.2447
0.066136
0.105558
0.2447
0.0108115
0.113919
0.117816
0.124897
0.2447
0.033215
0.2447
0.0120302
0.2447
0.2447
0.2447
0.2447
0.2447
0.0827392
0.0525706
0.135245
0.2447
0.0106626
0.0637618
0.0358316
0.2447
0.00627065
0.2447
0.2447
0.113386
0.0168196
0.0062458
0.2447
0.2447
0.2447
0.0119434
0.2447
0.0325453
0.2447
0.0178762
0.0754125
0.2447
0.11231
0.2447
0.0411222
0.2447
0.2447
0.0108452
0.00879946
0.145411
0.0460956
0.2447
0.0736428
0.2447
0.2447
0.2447
0.2447
0.2447
0.0941409
0.2447
0.0641266
0.2447
0.0796712
0.00135636
0.0529981
0.127457
0.2447
0.177109
0.2447
0.0951018
0.2447
0.2447
0.0938936
0.2447
0.2447
0.2447
0.2447
0.0425769
0.2447
0.2447
0.2447
0.2447
0.2447
0.115077
0.142465
0.2447
0.2447
0.2447
0.0771234
0.00106881
0.2447
0.2447
0.000814824
0.2447
0.0228231
0.2447
0.2447
0.0661058
0.0530794
0.2447
0.2447
0.0845406
0.179008
0.122891
0.2447
0.2447
0.107137
0.2447
0.2447
0.2447
0.0243023
0.2447
0.2447
0.2447
0.0534023
0.0518886
0.2447
0.2447
0.2447
0.109091
0.2447
0.039468
0.2447
0.2447
0.2447
0.0307078
0.0458848
0.2447
0.0606581
0.2447
0.2447
0.00529453
0.0414867
0.0446526
0.138314
0.2447
0.2447
0.2447
0.0681624
0.2447
0.101109
0.0982651
0.2447
0.0250256
0.2447
0.2447
0.0970636
0.0263991
0.123232
0.2447
0.2447
0.2447
0.0642601
0.0763141
0.058727
0.2447
0.00394954
0.0306406
0.2447
0.0150143
0.2447
0.2447
0.2447
0.223964
0.2447
0.2447
0.2447
0.0839187
0.115197
0.2447
0.2447
0.2447
0.2447
0.0742985
0.2447
0.2447
0.0726647
0.0405631
0.2447
0.2447
0.2447
0.2447
0.130914
0.2447
0.103429
0.00267131
0.2447
0.116733
0.2447
0.2447
0.20539
0.2447
0.125449
0.0387302
0.2447
0.2447
0.108021
0.2447
0.0475635
0.0317164
0.2447
0.2447
0.0309619
0.2447
0.00930937
0.00109996
0.176501
0.132803
0.0375206
0.2447
0.2447
0.0796027
0.2447
0.2447
0.2447
0.0661496
0.2447
0.2447
0.117902
0.2447
0.2447
0.132275
0.2447
0.2447
0.2447
0.2447
0.0169341
0.189549
0.0273454
0.2447
0.2447
0.2447
0.0668816
0.2447
0.16672
0.0246675
0.2447
0.2447
0.129412
0.0621525
0.2447
0.227134
0.2447
0.0447307
0.149694
0.00305899
0.2447
0.2447
0.0187692
0.2447
0.102116
0.2447
0.2447
0.2447
0.2447
0.2447
0.0364012
0.0556285
0.0927612
0.2447
0.0492009
0.2447
0.2447
0.2447
0.0231841
0.2447
0.0207624
0.00294263
0.0288235
0.151645
0.2447
0.010946
0.2447
0.2447
0.2447
0.2447
0.2447
0.0239415
0.2447
0.0855641
0.0670352
0.2447
0.0808881
0.2447
0.098936
0.0127555
0.107171
0.0666244
0.2447
0.2447
0.2447
0.2447
0.2447
0.2447
0.0220899
0.0904048
0.0438234
0.2447
0.0615332
0.2447
0.115891
0.2447
0.2447
0.2447
0.0551845
0.237882
0.0780874
0.122275
0.2447
0.2447
0.2447
0.2447
0.2447
0.163122
0.146913
0.11704
0.040319
0.2447
0.132605
0.00224056
0.00489385
0.2447
0.2447
0.2447
0.0652515
0.2447
0.0162212
0.2447
0.2447
0.124192
0.2447
0.12748
9.61659e-05
0.00192019
0.0864039
0.0261742
0.2447
0.138266
0.2447
0.2447
0.2447
0.104432
0.2447
0.2447
0.0288004
0.2447
0.2447
0.044776
0.2447
0.2447
0.2447
0.0466355
0.2447
0.2447
0.0276784
0.2447
0.139697
0.2447
0.0643877
0.0933075
0.0260267
0.0796064
0.0209396
0.2447
0.00586604
0.047099
0.0272303
0.125167
0.2447
0.2447
0.0115373
0.111879
0.129823
0.2447
0.103692
0.2447
0.0575612
0.021841
0.113605
0.2447
0.2447
0.0597853
0.129277
0.2447
0.0273526
0.2447
0.0174878
0.0182287
0.2447
0.0062313
0.2447
0.0314774
0.2447
0.103189
0.0729588
0.2447
0.2447
0.2447
0.2447
0.2447
0.0152794
0.2447
0.2447
0.2447
0.0661785
0.2447
0.119646
0.2447
0.2447
0.0171187
0.2447
0.2447
0.2447
0.2447
0.2447
0.202246
0.2447
0.0965838
0.0329929
0.2447
0.2447
0.2447
0.2447
0.0994757
0.2447
0.2447
0.0713786
0.2447
0.2447
0.2447
0.0855016
0.2447
0.2447
0.2447
0.0583459
0.0924872
0.2447
0.122603
0.157712
0.2447
0.2447
0.2447
0.0675458
0.2447
0.0579518
0.2447
0.2447
0.0128793
0.2447
0.2447
0.217158
0.2447
0.109179
0.2447
0.2447
0.2447
0.2447
0.0122003
0.2447
0.0935631
0.2447
0.2447
0.0483001
0.0895825
0.2447
0.2447
0.2447
0.110189
0.0372768
0.170474
0.2447
0.2447
0.2447
0.2447
0.2447
0.2447
0.0453392
0.0232856
0.2447
0.2447
0.2447
0.2447
0.0816557
0.2447
0.114172
0.2447
0.2447
0.177706
0.2447
0.021725
0.0197875
0.2447
0.2447
0.2447
0.0675717
0.2447
0.112768
0.113961
0.0787607
0.0971927
0.0423912
0.0308392
0.0558038
0.2447
0.2447
0.2447
0.0991834
0.2447
0.2447
0.2447
0.0874547
0.2447
0.09764
0.0255336
0.2447
0.2447
0.2447
0.2447
0.164395
0.2447
0.2447
0.2447
0.2447
0.116875
0.2447
0.2447
0.2447
0.2447
0.2447
0.110912
0.2447
0.0794464
0.2447
0.00841702
0.2447
0.232517
0.114143
0.2447
0.114667
0.2447
0.2447
0.0890784
0.2447
0.2447
0.0020751
0.2447
0.2447
0.2447
0.2447
0.2447
0.2447
0.2447
0.2447
0.2447
0.2447
0.2447
0.0656476
0.0525823
0.00207009
0.103224
0.2447
0.118708
0.2447
0.2447
0.110404
0.2447
0.115443
0.2447
0.126143
0.2447
0.2447
0.2447
0.0838639
0.2447
0.118714
0.2447
0.0572659
0.2447
0.2447
0.0382128
0.045312
0.0466612
0.112078
0.2447
0.00492748
0.2447
0.2447
0.2447
0.2447
0.2447
0.2447
0.112393
0.2447
0.0114963
0.00092831
0.2447
0.0324093
0.2447
0.2447
0.0981613
0.107146
0.2447
0.2447
0.2447
0.2447
0.2447
0.2447
0.104948
0.2447
0.11568
0.2447
0.0407792
0.0129299
0.2447
0.2447
0.2447
0.0340818
0.2447
0.2447
0.2447
0.0668743
0.2447
0.2447
0.036319
0.0275047
0.0523526
0.2447
0.2447
0.2447
0.102695
0.2447
0.2447
0.2447
0.2447
0.0108319
0.2447
0.2447
0.2447
0.2447
0.2447
0.2447
0.2447
0.0524821
0.11793
0.2447
0.0260649
0.2447
0.2447
0.2447
0.0546828
0.2447
0.0352822
0.2447
0.2447
0.2447
0.0645504
0.2447
0.2447
0.2447
0.0737708
0.190165
0.0742988
0.2447
0.2447
0.210008
0.2447
0.2447
0.2447
0.112475
0.110093
0.2447
0.0642712
0.114015
0.2447
0.2447
0.2447
0.2447
0.2447
0.116787
0.2447
0.102988
0.2447
0.0192606
0.2447
0.2447
0.137841
0.10911
0.2447
0.2447
0.2447
0.2447
0.113384
0.115205
0.2447
0.2447
0.2447
0.2447
0.2447
0.113017
0.0962493
0.2447
0.2447
0.0933403
0.089853
0.2447
0.2447
0.150849
0.0549629
0.2447
0.2447
0.2447
0.0635426
0.00725482
0.0910497
0.2447
0.2447
0.2447
0.040768
0.2447
0.2447
0.2447
0.00580079
0.2447
0.2447
0.2447
0.2447
0.2447
0.2447
0.2447
0.2447
0.0108891
0.2447
0.11947
0.00122394
0.0166908
0.2447
0.2447
0.2447
0.2447
0.2447
0.2447
0.2447
0.2447
0.2447
0.2447
0.2447
0.2447
0.0557563
0.2447
0.2447
0.2447
0.15014
0.2447
0.2447
0.2447
0.133579
0.15754
0.2447
0.118349
0.236525
0.2447
0.2447
0.2447
0.0486923
0.2447
0.0283953
0.112639
0.2447
0.095231
0.2447
0.0428615
0.2447
0.2447
0.2447
0.2447
0.2447
0.109259
0.2447
0.2447
0.2447
0.2447
0.2447
0.2447
0.2447
0.2447
0.0174041
0.2447
0.0100582
0.2447
0.2447
0.2447
0.00285101
0.2447
0.0251177
0.2447
0.114457
0.2447
0.2447
0.2447
0.2447
0.100263
0.2447
0.2447
0.2447
0.0339105
0.0217617
0.0503242
0.2447
0.2447
0.2447
0.2447
0.2447
0.2447
0.2447
0.2447
0.0686904
0.2447
0.0920636
0.117869
0.2447
0.223477
0.2447
0.0455794
0.2447
0.2447
0.2447
0.0108402
0.0288246
0.2447
0.2447
0.133658
0.079786
0.0343304
0.2447
0.0449333
0.2447
0.0575849
0.0952977
0.196082
0.103374
0.2447
0.2447
0.2447
0.020171
0.0115852
0.144504
0.138582
0.2447
0.0570477
0.2447
0.097967
0.2447
0.2447
0.2447
0.2447
0.0253198
0.2447
0.2447
0.2447
0.2447
0.0186013
0.0454746
0.2447
0.2447
0.2447
0.2447
0.126465
0.0542265
0.2447
0.118641
0.2447
0.079296
0.2447
0.2447
0.2447
0.0962829
0.167903
0.0935778
0.00598036
0.2447
0.2447
0.0810255
0.10595
0.2447
0.2447
0.2447
0.2447
0.2447
0.068434
0.0625751
0.048985
0.2447
0.0832557
0.00595571
0.0858619
0.2447
0.2447
0.2447
0.2447
0.2447
0.0178647
0.0723601
0.2447
0.131346
0.2447
0.2447
0.0726101
0.109703
0.145769
0.0782476
0.2447
0.2447
0.0226263
0.0139448
0.2447
0.137239
0.2447
0.2447
0.0187512
0.2447
0.2447
0.2447
0.2447
0.109139
0.2447
0.2447
0.134531
0.2447
0.152486
0.0914814
0.0243363
0.0475909
0.2447
0.2447
0.2447
0.2447
0.2447
0.2447
0.2447
0.2447
0.2447
0.2447
0.0277492
0.2447
0.2447
0.2447
0.117767
0.0459624
0.2447
0.2447
0.215876
0.2447
0.2447
0.109144
0.2447
0.2447
0.021481
0.2447
0.10439
0.2447
0.2447
0.0405218
0.2447
0.2447
0.2447
0.23477
0.2447
0.0955585
0.2447
0.2447
0.2447
0.2447
0.0368103
0.2447
0.2447
0.2447
0.0783075
0.2447
0.0762067
0.2447
0.2447
0.2447
0.2447
0.11289
0.116244
0.2447
0.00615242
0.2447
0.0208612
0.2447
0.014368
0.2447
0.2447
0.2447
0.113432
0.154009
0.2447
0.0152066
0.000772707
0.2447
0.0693187
0.034892
0.115971
0.2447
0.2447
0.135745
0.2447
0.2447
0.2447
0.2447
0.2447
0.2447
0.0505842
0.0905718
0.2447
0.2447
0.0963466
0.0885671
0.051776
0.108306
0.2447
0.2447
0.100935
0.2447
0.194599
0.0272101
0.2447
0.0983665
0.23322
0.2447
0.2447
0.2447
0.2447
0.113753
0.215725
0.2447
0.2447
0.0894575
0.104507
0.0570126
0.2447
0.2447
0.2447
0.2447
0.2447
0.2447
0.2447
0.0650689
0.00500613
0.2447
0.2447
0.2447
0.0522385
0.2447
0.2447
0.2447
0.125429
0.2447
0.04321
0.2447
0.0478849
0.2447
0.2447
0.0864595
0.0111212
0.12738
0.0453854
0.2447
0.00791291
0.00372235
0.0959045
0.2447
0.2447
0.2447
0.2447
0.0236144
0.2447
0.116042
0.0138408
0.2447
0.0617909
0.2447
0.2447
0.2447
0.0930149
0.0915919
0.000866635
0.2447
0.2447
0.2447
0.2447
0.2447
0.2447
0.105205
0.2447
0.2447
0.2447
0.0547644
0.104186
0.0176402
0.2447
0.2447
0.2447
0.2447
0.0704637
0.2447
0.0368347
0.2447
0.119601
0.141381
0.0111225
0.0211557
0.10031
0.0936122
0.139302
0.133183
0.2447
0.208719
0.11868
0.2447
0.2447
0.0861517
0.2447
0.2447
0.142475
0.0838263
0.134583
0.062072
0.0969652
0.2447
0.2447
0.2447
0.00427771
0.110621
0.2447
0.2447
0.2447
0.2447
0.2447
0.104639
0.2447
0.104008
0.2447
0.2447
0.2447
0.0925275
0.0229392
0.0127444
0.0287017
0.2447
0.201934
0.2447
0.2447
0.0790145
0.2447
0.2447
0.2447
0.0166693
0.2447
0.2447
0.2447
0.2447
0.2447
0.0063675
0.2447
0.0431119
0.2447
0.2447
0.2447
0.2447
0.2447
0.00220291
0.2447
0.2447
0.0411311
0.00971604
0.0379774
0.2447
0.105272
0.0653818
0.0215996
0.0698059
0.109397
0.2447
0.2447
0.00825303
0.0474301
0.0118354
0.2447
0.2447
0.2447
0.2447
0.2447
0.2447
0.0489492
0.111179
0.0250526
0.2447
0.113006
0.2447
0.181129
0.2447
0.2447
0.2447
0.0720947
0.2447
0.0317311
0.053769
0.132893
0.186017
0.126492
0.0713487
0.2447
0.0694135
0.0545026
0.0161791
0.2447
0.2447
0.2447
0.0469217
0.0731642
0.115412
0.20822
0.0466693
0.0844632
0.2447
0.0516795
0.2447
0.2447
0.0138437
0.063518
0.2447
0.2447
0.2447
0.2447
0.2447
0.0203075
0.195802
0.00372953
0.0475151
0.0251552
0.0731595
0.083881
0.0866874
0.00948063
0.2447
0.2447
0.2447
0.103285
0.2447
0.0443014
0.2447
0.2447
0.0177626
0.2447
0.0967867
0.2447
0.135007
0.2447
0.0122385
0.136261
0.00635118
0.2447
0.0157965
0.2447
0.2447
0.2447
0.2447
0.0714869
0.2447
0.2447
0.2447
0.2447
0.2447
0.2447
0.2447
0.2447
0.2447
0.197073
0.2447
0.0142491
0.2447
0.2447
0.0510719
0.116629
0.0510325
0.207211
0.2447
0.2447
0.0168154
0.2447
0.0410778
0.0945613
0.2447
0.2447
0.00599226
0.2447
0.2447
0.2447
0.107356
0.2447
0.2447
0.0166126
0.2447
0.0243748
0.2447
0.0309389
0.0847908
0.0865121
0.2447
0.118614
0.0305562
0.115771
0.2447
0.2447
0.113694
0.2447
0.2447
0.0584623
0.2447
0.2447
0.2447
0.2447
0.005549
0.00718414
0.2447
0.2447
0.114184
0.2447
0.2447
0.2447
0.0801764
0.2447
0.2447
0.2447
0.149929
0.2447
0.2447
0.2447
0.0288754
0.2447
0.2447
0.16263
0.0520556
0.2447
0.2447
0.00373047
0.113096
0.2447
0.2447
0.114497
0.168688
0.2447
0.109535
0.2447
0.0434531
0.2447
0.0989194
0.0369328
0.2447
0.0951301
0.2447
0.0164298
0.018106
0.2447
0.2447
0.0602338
0.2447
0.0582707
0.2447
0.0904191
0.0620067
0.2447
0.2447
0.2447
0.140974
0.0921716
0.2447
0.09835
0.116911
0.2447
0.16774
0.2447
0.2447
0.0542704
0.2447
0.0336773
0.171472
0.2447
0.2447
0.2447
0.2447
0.2447
0.104704
0.2447
0.0932049
0.2447
0.2447
0.2447
0.2447
0.2447
0.2447
0.113931
0.2447
0.2447
0.0380553
0.2447
0.2447
0.2447
0.2447
0.2447
0.2447
0.2447
0.2447
0.2447
0.101077
0.0954974
0.2447
0.2447
0.2447
0.0830613
0.2447
0.2447
0.2447
0.2447
0.2447
0.2447
0.2447
0.2447
0.00289491
0.183982
0.112814
0.2447
0.0687562
0.2447
0.2447
0.2447
0.0256715
0.134859
0.0248691
0.2447
0.0731591
0.0851867
0.0312072
0.00413639
0.135995
0.2447
0.2447
0.2447
0.2447
0.2447
0.2447
0.2447
0.2447
0.2447
0.0921371
0.144613
0.102706
0.0976121
0.2447
0.2447
0.0933261
0.2447
0.0405917
0.2447
0.2447
0.2447
0.2447
0.2447
0.2447
0.000442926
0.2447
0.0895473
0.104227
0.2447
0.119179
0.2447
0.0433802
0.2447
0.0128649
0.2447
0.000821337
0.131993
0.2447
0.0257517
0.2447
0.0103461
0.2447
0.2447
0.113933
0.0570624
0.00260699
0.0265717
0.2447
0.00255187
0.2447
0.2447
0.092922
0.2447
0.2447
0.2447
0.2447
0.2447
0.2447
0.0475585
0.2447
0.2447
0.2447
0.17744
0.0112673
0.2447
0.2447
0.0774479
0.233528
0.2447
0.0272708
0.115038
0.0190372
0.0140497
0.2447
0.110881
0.2447
0.2447
0.0884254
0.2447
0.101406
0.2447
0.0558617
0.2447
0.2447
0.0429766
0.2447
0.0739311
0.116562
0.0604727
0.2447
0.011507
0.0583208
0.2447
0.187202
0.0620065
0.2447
0.2447
0.127139
0.0924627
0.159223
0.2447
0.2447
0.2447
0.2447
0.2447
0.2447
0.2447
0.2447
0.2447
0.0310771
0.0779619
0.115465
0.2447
0.2447
0.2447
0.109742
0.2447
0.2447
0.2447
0.141614
0.2447
0.2447
0.2447
0.2447
0.0332605
0.0847792
0.0963363
0.2447
0.2447
0.2447
0.2447
0.2447
0.118928
0.2447
0.0968142
0.2447
0.0572378
0.2447
0.2447
0.2447
0.2447
0.2447
0.2447
0.112766
0.172908
0.00521746
0.2447
0.2447
0.113504
0.107589
0.035354
0.108458
0.2447
0.0792921
0.105981
0.0505944
0.2447
0.0633616
0.2447
0.2447
0.2447
0.0575545
0.0852564
0.000434868
0.2447
0.2447
0.2447
0.2447
0.116208
0.0251973
0.2447
0.2447
0.2447
0.2447
0.2447
0.1359
0.13219
0.0895484
0.00105322
0.2447
0.2447
0.0370198
0.0984177
0.2447
0.2447
0.00977757
0.2447
0.2447
0.2447
0.107689
0.2447
0.2447
0.2447
0.0281586
0.2447
0.2447
0.136432
0.2447
0.2447
0.177297
0.2447
0.0168951
0.0206382
0.2447
0.2447
0.00969423
0.0786048
0.157472
0.128471
0.129581
0.2447
0.222136
0.2447
0.0886877
0.2447
0.0427653
0.0523244
0.2447
0.2447
0.2447
0.2447
0.2447
0.0298394
0.2447
0.2447
0.133931
0.00372775
0.2447
0.0696013
0.0168544
0.0943048
0.2447
0.0305879
0.2447
0.0370974
0.2447
0.2447
0.2447
0.113558
0.116496
0.2447
0.2447
0.2447
0.2447
0.104574
0.2447
0.0590051
0.119105
0.12931
0.0611397
0.2447
0.2447
0.108242
0.2447
0.2447
0.2447
0.0938999
0.2447
0.2447
0.2447
0.2447
0.2447
0.2073
0.2447
0.101389
0.10847
0.2447
0.0770161
0.2447
0.2447
0.2447
0.2447
0.154298
0.125703
0.0732891
0.0913503
0.049499
0.0504828
0.153384
0.2447
0.2447
0.131367
0.0248093
0.2447
0.0651509
0.2447
0.2447
0.2447
0.0788661
0.0247808
0.2447
0.2447
0.0348804
0.2447
0.2447
0.0273757
0.0456669
0.0067585
0.2447
0.0537625
0.062589
0.2447
0.2447
0.0752993
0.2447
0.2447
0.2447
0.2447
0.200593
0.2447
0.0456732
0.0687907
0.111693
0.00230532
0.2447
0.0418671
0.0824928
0.2447
0.0172685
0.110157
0.128069
0.112963
0.2447
0.157862
0.0518329
0.137985
0.2447
0.117494
0.2447
0.0280755
0.2447
0.105402
0.20436
0.0984697
0.2447
0.2447
0.2447
0.2447
0.2447
0.2447
0.0254959
0.2447
0.0469715
0.050292
0.2447
0.2447
0.0412719
0.2447
0.101552
0.2447
0.2447
0.2447
0.2447
0.0642836
0.2447
0.2447
0.2447
0.00368767
0.2447
0.2447
0.110525
0.072864
0.2447
0.2447
0.2447
0.0277539
0.109167
0.2447
0.109178
0.2447
0.0110171
0.0825172
0.2447
0.0856258
0.2447
0.2447
0.2447
0.2447
0.2447
0.00945533
0.0840456
0.0559417
0.2447
0.2447
0.2447
0.177976
0.000926209
0.2447
0.2447
0.2447
0.2447
0.108104
0.2447
0.2447
0.2447
0.0902328
0.0847013
0.2447
0.0484702
0.10771
0.0900776
0.2447
0.0192068
0.2447
0.2447
0.2447
0.2447
0.117162
0.2447
0.2447
0.2447
0.2447
0.2447
0.0455108
0.173066
0.155464
0.2447
0.2447
0.2447
0.0740202
0.127562
0.156686
0.0177721
0.2447
0.2447
0.104824
0.0849406
0.2447
0.104587
0.102948
0.162837
0.2447
0.2447
0.2447
0.2447
0.096701
0.0387399
0.0391556
0.0581505
0.2447
0.2447
0.114438
0.2447
0.2447
0.2447
0.105836
0.0401677
0.0422603
0.2447
0.113667
0.106274
0.2447
0.2447
0.2447
0.0300222
0.0257408
0.2447
0.096133
0.2447
0.054371
0.2447
0.0261266
0.2447
0.2447
0.2447
0.2447
0.2447
0.2447
0.2447
0.2447
0.0346505
0.2447
0.2447
0.00769218
0.2447
0.162703
0.2447
0.0381439
0.2447
0.025147
0.029354
0.2447
0.2447
0.00879219
0.2447
0.2447
0.0202108
0.2447
0.2447
0.2447
0.0274103
0.2447
0.0300864
0.2447
0.017277
0.2447
0.05571
0.2447
0.2447
0.0013669
0.2447
0.00813735
0.2447
0.2447
0.0327309
0.2447
0.00755606
0.2447
0.2447
0.0165715
0.113407
0.2447
0.00246539
0.106476
0.2447
0.18658
0.0925803
0.0290876
0.2447
0.2447
0.2447
0.2447
0.155714
0.0208529
0.2447
0.2447
0.100793
0.103148
0.0341439
0.2447
0.2447
0.2447
0.2447
0.2447
0.0553782
0.0430318
0.2447
0.2447
0.2447
0.0881434
0.2447
0.105108
0.2447
0.2447
0.2447
0.2447
0.2447
0.0847206
0.2447
0.2447
0.2447
0.2447
0.0050205
0.118828
0.2447
0.2447
0.2447
0.2447
0.2447
0.2447
0.2447
0.2447
0.2447
0.0592646
0.0195182
0.0246901
0.2447
0.2447
0.126523
0.2447
0.0627719
0.2447
0.2447
0.2447
0.2447
0.2447
0.118502
0.119661
0.2447
0.2447
0.2447
0.2447
0.2447
0.2447
0.00355724
0.2447
0.2447
0.2447
0.2447
0.0914403
0.110078
0.0207747
0.2447
0.2447
0.100908
0.2447
0.0588931
0.2447
0.2447
0.2447
0.0711953
0.2447
0.2447
0.2447
0.2447
0.2447
0.133915
0.2447
0.0369323
0.0280253
0.2447
0.2447
0.12131
0.2447
0.2447
0.0323354
0.2447
0.137337
0.0137425
0.0054656
0.2447
0.133534
0.00992003
0.0447167
0.2447
0.2447
0.093921
0.2447
0.2447
0.2447
0.2447
0.0462202
0.206505
0.2447
0.0975922
0.2447
0.2447
0.0342725
0.2447
0.134312
0.2447
0.111684
0.2447
0.0426069
0.2447
0.2447
0.2447
0.00896608
0.0944081
0.2447
0.2447
0.2447
0.111567
0.2447
0.2447
0.0915733
0.189735
0.2447
0.2447
0.0773955
0.133012
0.0412219
0.2447
0.2447
0.0619963
0.2447
0.123151
0.2447
0.0513459
0.0578188
0.0141019
0.2447
0.2447
0.0405984
0.127574
0.2447
0.2447
0.113579
0.2447
0.2447
0.2447
0.2447
0.0192483
0.0240847
0.2447
0.2447
0.100491
0.2447
0.110218
0.0452369
0.2447
0.2447
0.0741209
0.0856313
0.019516
0.06725
0.2447
0.0271504
0.2447
0.00954845
0.2447
0.0652054
0.2447
0.2447
0.2447
0.0187178
0.0177211
0.12957
0.2447
0.020658
0.2447
0.0178257
0.2447
0.2447
0.00853591
0.15879
0.2447
0.0497018
0.12446
0.2447
0.2447
0.0542222
0.108751
0.2447
0.2447
0.0154535
0.2447
0.2447
0.2447
0.2447
0.2447
0.2447
0.149671
0.2447
0.0390457
0.0680389
0.2447
0.128172
0.120459
0.2447
0.0659794
0.2447
0.0227528
0.2447
0.0863818
0.2447
0.146049
0.2447
0.2447
0.2447
0.0306123
0.0459074
0.0413093
0.226736
0.0333591
0.2447
0.2447
0.129965
0.2447
0.0168299
0.2447
0.0754389
0.2447
0.2447
0.2447
0.0127344
0.0863368
0.2447
0.2447
0.101053
0.113534
0.0774971
0.116843
0.2447
0.2447
0.0820673
0.116787
0.0225198
0.2447
0.2447
0.2447
0.0572969
0.114676
0.2447
0.2447
0.000501232
0.2447
0.140288
0.2447
0.116589
0.2447
0.2447
0.2447
0.155467
0.099014
0.107215
0.101125
0.0862031
0.2447
0.2447
0.117427
0.0106208
0.0360815
0.2447
0.2447
0.2447
0.2447
0.0610619
0.2447
0.0109724
0.2447
0.2447
0.0251861
0.2447
0.2447
0.0742959
0.2447
0.0105817
0.2447
0.108715
0.2447
0.2447
0.15219
0.2447
0.127959
0.2447
0.151795
0.190547
0.175846
0.0949425
0.0459902
0.2447
0.127755
0.0512536
0.0328882
0.2447
0.2447
0.2447
0.0895134
0.2447
0.2447
0.2447
0.2447
0.2447
0.2447
0.2447
0.0683673
0.2447
0.0279378
0.2447
0.0738337
0.2447
0.2447
0.0524609
0.0877491
0.01261
0.2447
0.2447
0.0557471
0.2447
0.2447
0.2447
0.2447
0.0280572
0.117168
0.2447
0.2447
0.109775
0.2447
0.000213244
0.2447
0.2447
0.2447
0.0148682
0.111389
0.2447
0.2447
0.110954
0.2447
0.2447
0.2447
0.0850901
0.0933839
0.2447
0.2447
0.0743849
0.0523702
0.0361149
0.0192043
0.2447
0.0785762
0.219913
0.2447
0.2447
0.133353
0.2447
0.0117611
0.102742
0.2447
0.2447
0.2447
0.0932333
0.2447
0.2447
0.0176378
0.0539358
0.2447
0.0331352
0.2447
0.131195
0.0286499
0.2447
0.2447
0.2447
0.2447
0.039681
0.2447
0.0154884
0.2447
0.0126673
0.2447
0.2447
0.2447
0.2447
0.2447
0.2447
0.2447
0.2447
0.0766199
0.0118293
0.0383916
0.2447
0.0236927
0.2447
0.2447
0.2447
0.047193
0.00498932
0.2447
0.0493233
0.0604243
0.0769899
0.2447
0.2447
0.0363376
0.2447
0.2447
0.0201216
0.2447
0.2447
0.00622812
0.102099
0.201301
0.2447
0.2447
0.0142397
0.109015
0.146809
0.2447
0.0834395
0.2447
0.2447
0.2447
0.00713209
0.0871287
0.102787
0.2447
0.2447
0.2447
0.0282215
0.0307099
0.2447
0.2447
0.0747574
0.0123217
0.2447
0.2447
0.2447
0.0942788
0.0298009
0.2447
0.2447
0.0581438
0.112524
0.2447
0.2447
0.108026
0.0649282
0.0573841
0.00788218
0.2447
0.0215047
0.2447
0.11338
0.2447
0.2447
0.2447
0.2447
0.2447
0.111261
0.2447
0.2447
0.0496176
0.0502461
0.2447
0.0154262
0.2447
0.2447
0.0208277
0.10922
0.2447
0.2447
0.2447
0.2447
0.0271146
0.2447
0.0485304
0.0484472
0.2447
0.11559
0.2447
0.2447
0.2447
0.2447
0.2447
0.2447
0.194912
0.2447
0.2447
0.2447
0.0383382
0.119445
0.105894
0.0569411
0.0278316
0.2447
0.125061
0.0252455
0.2447
0.0484145
0.2447
0.2447
0.2447
0.0997341
0.10312
0.2447
0.2447
0.0963139
0.0925443
0.2447
0.0501368
0.2447
0.2447
0.2447
0.00513962
0.118083
0.12547
0.2447
0.0233583
0.2447
0.0331284
0.2447
0.0114391
0.2447
0.2447
0.0187439
0.078245
0.00912863
0.2447
0.127752
0.0495949
0.0238415
0.2447
0.2447
0.2447
0.2447
0.0109078
0.00151693
0.2447
0.0337801
0.2447
0.2447
0.2447
0.0747085
0.2447
0.2447
0.0785107
0.130676
0.0304266
0.2447
0.0220292
0.2447
0.0177109
0.2447
0.0365353
0.2447
0.2447
0.2447
0.117289
0.2447
0.0917186
0.2447
0.2447
0.2447
0.0570313
0.2447
0.2447
0.2447
0.124849
0.2447
0.2447
0.2447
0.2447
0.2447
0.2447
0.0456004
0.100314
0.2447
0.2447
0.2447
0.136256
0.2447
0.0240869
0.0445476
0.2447
0.00648037
0.107436
0.2447
0.105526
0.2447
0.2447
0.2447
0.2447
0.109028
0.2447
0.117412
0.0207297
0.2447
0.2447
0.2447
0.0178194
0.2447
0.2447
0.0728635
0.2447
0.139652
0.2447
0.2447
0.0122686
0.2447
0.00398658
0.2447
0.2447
0.2447
0.2447
0.2447
0.0448299
0.2447
0.2447
0.2447
0.0147299
0.127405
0.2447
0.2447
0.00182049
0.2447
0.2447
0.2447
0.2447
0.2447
0.0890478
0.0125638
0.114593
0.10379
0.0956401
0.158312
0.2447
0.2447
0.2447
0.0727358
0.2447
0.167115
0.126993
0.107203
0.2447
0.2447
0.2447
0.2447
0.2447
0.2447
0.10612
0.0932675
0.2447
0.118459
0.2447
0.115177
0.0974857
0.2447
0.2447
0.133433
0.2447
0.2447
0.2447
0.2447
0.2447
0.015479
4.65918e-05
0.0555543
0.0684021
0.2447
0.0629604
0.2447
0.0336421
0.2447
0.0656777
0.2447
0.0764069
0.2447
0.2447
0.2447
0.2447
0.2447
0.2447
0.2447
0.2447
0.138473
0.2447
0.2447
0.2447
0.12561
0.2447
0.2447
0.0689969
0.128027
0.2447
0.2447
0.114444
0.107541
0.0598333
0.0556526
0.144339
0.0259133
0.2447
0.141712
0.2447
0.2447
0.00630037
0.2447
0.2447
0.00335642
0.2447
0.129035
0.2447
0.000815864
0.0418857
0.2447
0.128716
0.2447
0.2447
0.2447
0.123349
0.2447
0.2447
0.2447
0.2447
0.2447
0.2447
0.034656
0.2447
0.000951019
0.2447
0.2447
0.117447
0.0543202
0.0764986
0.2447
0.2447
0.2447
0.0361539
0.2447
0.0937556
0.0636475
0.101533
0.0980811
0.2447
0.0237573
0.0639074
0.2447
0.2447
0.109729
0.2447
0.0144255
0.2447
0.00272331
0.110007
0.0998352
0.0495653
0.2447
0.2447
0.0864213
0.2447
0.080075
0.2447
0.2447
0.0527419
0.2447
0.2447
0.2447
0.0472554
0.196556
0.113982
0.2447
0.2447
0.0622825
0.2447
0.0946684
0.2447
0.0582191
0.2447
0.2447
0.0309149
0.108069
0.2447
0.0723779
0.00258001
0.0176687
0.132996
0.00608529
0.2447
0.2447
0.116784
0.00462997
0.2447
0.0198552
0.199484
0.0326796
0.116085
0.0364306
0.2447
0.115437
0.2447
0.2447
0.2447
0.2447
0.0699565
0.2447
0.2447
0.0710902
0.2447
0.00893198
0.2447
0.2447
0.0512544
0.2447
0.0126476
0.0125402
0.0277307
0.2447
0.2447
0.0791923
0.2447
0.2447
0.2447
0.0588344
0.2447
0.0847361
0.2447
0.2447
0.129392
0.2447
0.2447
0.2447
0.110959
0.2447
0.2447
0.2447
0.2447
0.2447
0.2447
0.2447
0.2447
0.0253034
0.2447
0.2447
0.0178085
0.2447
0.2447
0.0248484
0.00582754
0.2447
0.0134628
0.2447
0.0348944
0.2447
0.2447
0.104637
0.0415882
0.0509355
0.214045
0.0773199
0.2447
0.2447
0.2447
0.2447
0.0288385
0.0743803
0.2447
0.2447
0.2447
0.2447
0.12857
0.2447
0.2447
0.107338
0.0235056
0.2447
0.2447
0.2447
0.2447
0.2447
0.114345
0.00583475
0.0312828
0.0911622
0.2447
0.2447
0.2447
0.0352596
0.2447
0.0259579
0.2447
0.2447
0.142638
0.105818
0.105529
0.233976
0.00966925
0.2447
0.2447
0.101571
0.2447
0.0463463
0.2447
0.00338678
0.2447
0.2447
0.234739
0.0848709
0.2447
0.2447
0.2447
0.2447
0.2447
0.0294177
0.0635328
0.14652
0.2447
0.116593
0.202344
0.2447
0.2447
0.217633
0.2447
0.2447
0.2447
0.2447
0.2447
0.2447
0.0346428
0.2447
0.2447
0.118519
0.2447
0.0197816
0.2447
0.2447
0.00937275
0.00299539
0.0335713
0.2447
0.0544162
0.2447
0.118729
0.2447
0.2447
0.2447
0.00727939
0.2447
0.116732
0.2447
0.2447
0.0400827
0.2447
0.2447
0.0295273
0.2447
0.2447
0.0912932
0.2447
0.2447
0.2447
0.112893
0.2447
0.0910058
0.0331774
0.174939
0.135696
0.2447
0.2447
0.126627
0.2447
0.2447
0.2447
0.2447
0.2447
0.11444
0.2447
0.2447
0.151725
0.0936357
0.2447
0.2447
0.2447
0.2447
0.2447
0.052563
0.2447
0.0723849
0.0729768
0.0795617
0.2447
0.2447
0.2447
0.0122061
0.2447
0.0625981
0.2447
0.2447
0.2447
0.118273
0.0561018
0.2447
0.2447
0.2447
0.2447
0.0312897
0.2447
0.2447
0.2447
0.2447
0.2447
0.0436831
0.2447
0.2447
0.0109182
0.07647
0.0875486
0.2447
0.2447
0.0485009
0.183546
0.2447
0.2447
0.2447
0.2447
0.2447
0.158379
0.0276152
0.2447
0.2447
0.055341
0.0975984
0.2447
0.2447
0.024797
0.2447
0.2447
0.2447
0.00465116
0.0500634
0.2447
0.2447
0.0571753
0.100032
0.2447
0.2447
0.0102687
0.2447
0.2447
0.2447
0.0769458
0.2447
0.0148696
0.2447
0.2447
0.2447
0.0880158
0.0898426
0.2447
0.2447
0.2447
0.2447
0.115372
0.2447
0.2447
0.0705693
0.041671
0.00371368
0.2447
0.2447
0.2447
0.0144136
0.0460988
0.2447
0.2447
0.2447
0.2447
0.2447
0.2447
0.2447
0.0246697
0.11247
0.0241541
0.118037
0.0804514
0.2447
0.2447
0.2447
0.0785953
0.2447
0.2447
0.2447
0.13611
0.0495875
0.2447
0.00790325
0.2447
0.2447
0.2447
0.0370803
0.2447
0.2447
0.00541275
0.2447
0.2447
0.0457775
0.117245
0.0676776
0.2447
0.2447
0.2447
0.000820443
0.0740519
0.2447
0.108565
0.0502006
0.0364384
0.2447
0.2447
0.2447
0.2447
0.11781
0.0905479
0.2447
0.0456402
0.140107
0.105169
0.2447
0.0857577
0.2447
0.109102
0.2447
0.101779
0.2447
0.2447
0.107756
0.2447
0.2447
0.2447
0.2447
0.2447
0.233762
0.137948
0.2447
0.2447
0.0591109
0.2447
0.2447
0.00685217
0.2447
0.2447
0.2447
0.00741151
0.0118858
0.2447
0.0337744
0.2447
0.0815103
0.2447
0.2447
0.00152544
0.043259
0.139098
0.0495001
0.149523
0.2447
0.0124823
0.128564
0.2447
0.2447
0.2447
0.2447
0.2447
0.2447
0.2447
0.131186
0.2447
0.2447
0.0198289
0.2447
0.0648739
0.0121306
0.2447
0.0335658
0.0166319
0.112954
0.2447
0.2447
0.2447
0.0554626
0.2447
0.107316
0.2447
0.068335
0.0681258
0.147665
0.2447
0.2447
0.2447
0.2447
0.2447
0.2447
0.112677
0.2447
0.2447
0.056921
0.0848082
0.102716
0.2447
0.2447
0.0442053
0.0967286
0.183418
0.2447
0.2447
0.2447
0.132815
0.036214
0.103852
0.2447
0.2447
0.2447
0.2447
0.2447
0.2447
0.2447
0.117975
0.0774027
0.0274268
0.0807812
0.0199057
0.2447
0.2447
0.2447
0.0198356
0.2447
0.2447
0.2447
0.2447
0.2447
0.0236545
0.0150201
0.0976681
0.2447
0.0149769
0.0912585
0.155885
0.2447
0.112124
0.111938
0.2447
0.2447
0.103765
0.125432
0.2447
0.110803
0.2447
0.2447
0.155976
0.2447
0.2447
0.00173284
0.145734
0.2447
0.2447
0.0832915
0.2447
0.102229
0.0339298
0.2447
0.2447
0.2447
0.2447
0.2447
0.2447
0.2447
0.2447
0.0865028
0.156575
0.0881294
0.106859
0.0298939
0.2447
0.0676008
0.209583
0.2447
0.0208132
0.2447
0.2447
0.2447
0.102488
0.0167885
0.2447
0.2447
0.2447
0.124078
0.0171342
0.00944286
0.019102
0.109799
0.2447
0.2447
0.207415
0.2447
0.0247802
0.215021
0.049777
0.2447
0.0645863
0.2447
0.2447
0.2447
0.2447
0.2447
0.0900676
0.087485
0.2447
0.105439
0.2447
0.2447
0.2447
0.0181511
0.2447
0.2447
0.105497
0.00299586
0.197927
0.2447
0.2447
0.2447
0.2447
0.2447
0.2447
0.00972307
0.2447
0.119716
0.2447
0.2447
0.2447
0.0745014
0.2447
0.121419
0.2447
0.0461771
0.100517
0.0176598
0.00583803
0.00150373
0.2447
0.2447
0.2447
0.2447
0.0326534
0.2447
0.0251221
0.2447
0.0935901
0.076659
0.2447
0.2447
0.2447
0.2447
0.132181
0.142243
0.0169244
0.2447
0.115057
0.2447
0.0737412
0.0123444
0.2447
0.2447
0.2447
0.0159771
0.016265
0.2447
0.16407
0.107779
0.2447
0.128793
0.010043
0.2447
0.0515917
0.2447
0.2447
0.2447
0.127659
0.2447
0.2447
0.2447
0.0561996
0.2447
0.2447
0.2447
0.2447
0.2447
0.00284454
0.2447
0.0746493
0.2447
0.2447
0.2447
0.2447
0.2447
0.0490304
0.0445881
0.119341
0.078312
0.0697673
0.0290713
0.2447
0.117762
0.2447
0.0774652
0.2447
0.2447
0.2447
0.0429785
0.0535997
0.2447
0.2447
0.2447
0.2447
0.100254
0.2447
0.2447
0.083524
0.117889
0.0188701
0.0628757
0.0257652
0.120295
0.0122274
0.2447
0.2447
0.127266
0.2447
0.2447
0.0512691
0.03971
0.233758
0.2447
0.2447
0.0414452
0.0122478
0.2447
0.0676696
0.2447
0.2447
0.2447
0.2447
0.0997564
0.187964
0.0586966
0.2447
0.0167464
0.102145
0.10501
0.2447
0.0152317
0.2447
0.2447
0.0929246
0.2447
0.2447
0.0314298
0.2447
0.0962724
0.2447
0.118613
0.081332
0.2447
0.2447
0.0707843
0.0261406
0.2447
0.2447
0.136057
0.2447
0.2447
0.2447
0.2447
0.2447
0.2447
0.0855546
0.109799
0.0239828
0.0977131
0.2447
0.2447
0.2447
0.102375
0.2447
0.2447
0.0762704
0.0395202
0.108647
0.2447
0.2447
0.2447
0.0139396
0.2447
0.0106882
0.135063
0.2447
0.2447
0.2447
0.2447
0.0110623
0.127579
0.128348
0.00376287
0.2447
0.2447
0.0193682
0.00246402
0.2447
0.165184
0.2447
0.2447
0.101571
0.2447
0.2447
0.126559
0.2447
0.135036
0.2447
0.2447
0.2447
0.159074
0.2447
0.2447
0.19372
0.0197835
0.00312865
0.2447
0.0473062
0.2447
0.102986
0.2447
0.2447
0.160893
0.2447
0.0152271
0.0416424
0.2447
0.136616
0.2447
0.2447
0.110711
0.125807
0.2447
0.122037
0.0217507
0.2447
0.194509
0.2447
0.2447
0.0225493
0.2447
0.2447
0.00919403
0.2447
0.2447
0.118534
0.2447
0.0834414
0.0285871
0.0367388
0.2447
0.2447
0.175334
0.050916
0.2447
0.0116908
0.114317
0.2447
0.2447
0.2447
0.2447
0.2447
0.0559761
0.2447
0.2447
0.131839
0.0168076
0.2447
0.2447
0.2447
0.2447
0.2447
0.2447
0.2447
0.2447
0.0478178
0.0575796
0.0487397
0.0853753
0.0336314
0.2447
0.0803088
0.00709146
0.2447
0.026959
0.0860792
0.0200689
0.0304944
0.2447
0.2447
0.036257
0.2447
0.2447
0.0572773
0.2447
0.2447
0.2447
0.2447
0.2447
0.2447
0.244286
0.2447
0.0658178
0.2447
0.0170672
0.0513131
0.135721
0.2447
0.0523411
0.2447
0.2447
0.2447
0.209503
0.117432
0.0283241
0.0124097
0.0036043
0.0480582
0.00165939
0.0120295
0.2447
0.2447
0.2447
0.0360258
0.114737
0.2447
0.0307505
0.2447
0.2447
0.0223433
0.0221295
0.2447
0.00794453
0.2447
0.2447
0.2447
0.2447
0.2447
0.2447
0.2447
0.2447
0.112923
0.0543375
0.2447
0.111224
0.2447
0.109529
0.2447
0.00267081
0.125955
0.2447
0.00905705
0.2447
0.0400081
0.2447
0.0134805
0.0504942
0.2447
0.00643474
0.0549638
0.2447
0.101678
0.2447
0.2447
0.2447
0.00299761
0.114206
0.11202
0.2447
0.2447
0.0741153
0.2447
0.2447
0.2447
0.2447
0.2447
0.102044
0.2447
0.00229615
0.2447
0.2447
0.0372681
0.2447
0.2447
0.2447
0.2447
0.148064
0.0548351
0.2447
0.2447
0.0115115
0.113088
0.2447
0.2447
0.0240898
0.07164
0.0972681
0.2447
0.2447
0.119328
0.112145
0.2447
0.2447
0.0207375
0.114734
0.2447
0.2447
0.2447
0.2447
0.2447
0.2447
0.101045
0.0471051
0.2447
0.2447
0.0781824
0.2447
0.0668948
0.156193
0.0277324
0.2447
0.2447
0.2447
0.2447
0.0556323
0.2447
0.2447
0.0951046
0.0119469
0.0665067
0.0385976
0.2447
0.0411264
0.2447
0.2447
0.2447
0.2447
0.07886
0.0414515
0.0271394
0.0794431
0.2447
0.00883768
0.0501337
0.0555634
0.2447
0.2447
0.2447
0.028613
0.2447
0.0925066
0.0320067
0.2447
0.0439829
0.0670561
0.2447
0.2447
0.0892034
0.2447
0.131606
0.0570063
0.2447
0.2447
0.139973
0.2447
0.2447
0.2447
0.191057
0.176287
0.0838743
0.077285
0.223889
0.2447
0.2447
0.2447
0.2447
0.124294
0.2447
0.103281
0.2447
0.2447
0.2447
0.2447
0.2447
0.2447
0.000281519
0.2447
0.0866181
0.0241644
0.0564284
0.2447
0.2447
0.030085
0.2447
0.2447
0.2447
0.2447
0.2447
0.0659962
0.2447
0.0903442
0.2447
0.2447
0.2447
0.2447
0.137817
0.0763712
0.060101
0.2447
0.0697074
0.0232045
0.0367313
0.2447
0.0707084
0.2447
0.00719877
0.0756154
0.00999518
0.2447
0.2447
0.2447
0.132168
0.2447
0.2447
0.0234562
0.00872853
0.2447
0.2447
0.0342243
0.0578515
0.2447
0.2447
0.0404623
0.0669417
0.2447
0.2447
0.0578456
0.2447
0.2447
0.2447
0.2447
0.0221725
0.0649996
0.2447
0.111661
0.2447
0.2447
0.2447
0.2447
0.2447
0.00739565
0.2447
0.0878498
0.2447
0.2447
0.0285796
0.0398268
0.2447
0.2447
0.2447
0.0454359
0.118993
0.126997
0.2447
0.2447
0.0037612
0.2447
0.2447
0.0293856
0.0227524
0.063027
0.2447
0.2447
0.00306767
0.113005
0.2447
0.2447
0.2447
0.2447
0.2447
0.2447
0.2447
0.2447
0.112622
0.0155147
0.0647338
0.2447
0.2447
0.0179175
0.2447
0.2447
0.2447
0.2447
0.2447
0.2447
0.027397
0.2447
0.2447
0.0542038
0.0973502
0.2447
0.2447
0.0106041
0.0036952
0.2447
0.104926
0.00686565
0.2447
0.140092
0.2447
0.2447
0.0120659
0.2447
0.2447
0.0794091
0.123331
0.2447
0.208508
0.2447
0.2447
0.2447
0.114689
0.0705069
0.2447
0.129462
0.2447
0.2447
0.0801383
0.2447
0.2447
0.2447
0.0224352
0.0254384
0.108789
0.00331454
0.00649893
0.2447
0.0277047
0.0273075
0.106196
0.0650184
0.2447
0.2447
0.2447
0.2447
0.2447
0.2447
0.2447
0.2447
0.2447
0.00999574
0.0584945
0.2447
0.2447
0.0993144
0.2447
0.2447
0.2447
0.00745355
0.2447
0.2447
0.104204
0.2447
0.0200676
0.2447
0.0388567
0.119496
0.2447
0.118167
0.2447
0.2447
0.180717
0.2447
0.17842
0.2447
0.2447
0.0425945
0.2447
0.2447
0.2447
0.2447
0.2447
0.2447
0.2447
0.2447
0.2447
0.106457
0.0650928
0.0501226
0.2447
0.2447
0.2447
0.2447
0.0259783
0.2447
0.2447
0.0988414
0.0593511
0.0739684
0.0433663
0.2447
0.0896478
0.2447
0.0227719
0.2447
0.2447
0.0120044
0.109488
0.2447
0.113729
0.113206
0.132205
0.113266
0.2447
0.0564924
0.103452
0.114347
0.2447
0.2447
0.0477409
0.045631
0.2447
0.2447
0.0198906
0.00845933
0.2447
0.00411314
0.105116
0.2447
0.2447
0.2447
0.2447
0.0419505
0.2447
0.2447
0.0666037
0.113679
0.00480762
0.0531712
0.172914
0.0517333
0.2447
0.2447
0.2447
0.116655
0.0922711
0.2447
0.0411403
0.2447
0.2447
0.101131
0.2447
0.2447
0.2447
0.2447
0.019373
0.085994
0.116358
0.135225
0.0773281
0.2447
0.2447
0.0608072
0.2447
0.2447
0.0755671
0.0305486
0.0329349
0.023688
0.2447
0.2447
0.2447
0.0122712
0.0301759
0.2447
0.2447
0.0147159
0.2447
0.0253971
0.113216
0.2447
0.0597071
0.2447
0.2447
0.2447
0.2447
0.2447
0.2447
0.022007
0.106109
0.135547
0.0708758
0.2447
0.0473136
0.0980365
0.152705
0.2447
0.2447
0.2447
0.2447
0.2447
0.0915915
0.2447
0.122897
0.2447
0.00158232
0.2447
0.0131452
0.2447
0.0806273
0.2447
0.2447
0.0159241
0.2447
0.0355931
0.127167
0.2447
0.2447
0.2447
0.094877
0.2447
0.2447
0.131642
0.00692357
0.2447
0.2447
0.0440733
0.2447
0.110893
0.2447
0.2447
0.2447
0.2447
0.0239771
0.2447
0.0737505
0.2447
0.2447
0.2447
0.0588928
0.0373784
0.2447
0.2447
0.2447
0.2447
0.2447
0.2447
0.2447
0.0357677
0.111515
0.2447
0.2447
0.0381818
0.137755
0.0151953
0.0180675
0.0209013
0.10481
0.2447
0.0430886
0.2447
0.016629
0.2447
0.2447
0.2447
0.2447
0.0536459
0.2447
0.0123235
0.2447
0.2447
0.083317
0.2447
0.2447
0.0516188
0.0256375
0.2447
0.2447
0.169207
0.0706689
0.0762527
0.169893
0.00430225
0.2447
0.109305
0.2447
0.00551484
0.0236142
0.124076
0.2447
0.129242
0.2447
0.2447
0.0121762
0.2447
0.132758
0.2447
0.2447
0.2447
0.2447
0.0617632
0.0742183
0.141208
0.00253719
0.0628802
0.2447
0.2447
0.2447
0.083211
0.2447
0.0979557
0.2447
0.2447
0.2447
0.2447
0.2447
0.2447
0.2447
0.2447
0.2447
0.0661289
0.2447
0.2447
0.0192862
0.2447
0.0983036
0.2447
0.118763
0.0382246
0.2447
0.0667565
0.0171715
0.2447
0.2447
0.2447
0.2447
0.2447
0.166357
0.2447
0.2447
0.0651039
0.104696
0.2447
0.0448509
0.2447
0.2447
0.2447
0.2447
0.2447
0.126373
0.2447
0.2447
0.2447
0.0108884
0.0898443
0.2447
0.2447
0.2447
0.2447
0.134741
0.2447
0.0203688
0.2447
0.2447
0.108954
0.117697
0.0574989
0.2447
0.2447
0.06618
0.2447
0.2447
0.0671552
0.2447
0.2447
0.2447
0.2447
0.10928
0.2447
0.2447
0.2447
0.2447
0.110874
0.2447
0.0320726
0.2447
0.0183516
0.139516
0.0900859
0.114927
0.0962147
0.00456691
0.0556752
0.2447
0.144968
0.2447
0.0999661
0.132419
0.2447
0.000568482
0.2447
0.0691818
0.2447
0.0549102
0.024904
0.2447
0.0545924
0.0975835
0.108444
0.2447
0.11146
0.151252
0.2447
0.0420244
0.2447
0.2447
0.2447
0.0898172
0.2447
0.2447
0.2447
0.2447
0.2447
0.0912279
0.2447
0.0324526
0.2447
0.0344518
0.0991021
0.0593503
0.2447
0.2447
0.2447
0.129922
0.2447
0.2447
0.2447
0.2447
0.2447
0.2447
0.2447
0.2447
0.11444
0.0108061
0.135893
0.13862
0.2447
0.144397
0.2447
0.185046
0.2447
0.2447
0.0361841
0.0981636
0.2447
0.109257
0.0862483
0.2447
0.109621
0.2447
0.2447
0.0814399
0.2447
0.206547
0.2447
0.2447
0.2447
0.0296033
0.117789
0.2447
0.2447
0.0955386
0.0741363
0.2447
0.0112231
0.2447
0.2447
0.126668
0.2447
0.2447
0.2447
0.2447
0.110492
0.170948
0.2447
0.2447
0.0726053
0.0449814
0.2447
0.2447
0.2447
0.2447
0.0283317
0.2447
0.0973954
0.2447
0.2447
0.0382375
0.2447
0.0910134
0.2447
0.2447
0.2447
0.216778
0.110844
0.2447
0.0284172
0.2447
0.070544
0.2447
0.103771
0.2447
0.2447
0.2447
0.2447
0.2447
0.2447
0.105183
0.2447
0.147516
0.2447
0.2447
0.2447
0.2447
0.2447
0.2447
0.2447
0.2447
0.2447
0.00371552
0.0206356
0.0353692
0.0745294
0.2447
0.2447
0.2447
0.2447
0.2447
0.2447
0.2447
0.0290107
0.2447
0.2447
0.2447
0.0659391
0.2447
0.118493
0.2447
0.2447
0.107683
0.2447
0.2447
0.2447
0.2447
0.2447
0.2447
0.101408
0.0260416
0.0207864
0.0976798
0.102527
0.2447
0.2447
0.2447
0.2447
0.0444754
0.2447
0.2447
0.2447
0.2447
0.0800987
0.2447
0.2447
0.2447
0.2447
0.2447
0.2447
0.00303997
0.2447
0.108195
0.00463362
0.2447
0.0662111
0.2447
0.2447
0.0119838
0.2447
0.00458412
0.000615798
0.2447
0.2447
0.118191
0.130467
0.2447
0.0808288
0.0516427
0.2447
0.0838317
0.0232461
0.2447
0.11909
0.2447
0.0382789
0.2447
0.106879
0.2447
0.2447
0.2447
0.11088
0.0806223
0.2447
0.2447
0.2447
0.243
0.2447
0.106718
0.2447
0.2447
0.110657
0.2447
0.2447
0.2447
0.049069
0.2447
0.00359646
0.2447
0.2447
0.0579883
0.2447
0.2447
0.2447
0.2447
0.092243
0.2447
0.0123157
0.2447
0.2447
0.2447
0.2447
0.115251
0.2447
0.2447
0.000744268
0.2447
0.0558766
0.0158977
0.0788862
0.2447
0.2447
0.2447
0.2447
0.0908012
0.00677448
0.0709498
0.2447
0.0699592
0.2447
0.2447
0.2447
0.2447
0.2447
0.0804408
0.2447
0.2447
0.2447
0.2447
0.0178953
0.2447
0.2447
0.0509135
0.0926073
0.2447
0.0209927
0.2447
0.2447
0.2447
0.2447
0.2447
0.2447
0.2447
0.146791
0.034006
0.2447
0.2447
0.2447
0.2447
0.00150811
0.0350573
0.109499
0.0642758
0.126681
0.2447
0.0803249
0.0539872
0.2447
0.113773
0.0325634
0.2447
0.2447
0.0565764
0.0264717
0.2447
0.2447
0.2447
0.116328
0.00331246
0.0137905
0.0111989
0.0722669
0.2447
0.0160537
0.2447
0.2447
0.2447
0.2447
0.0882984
0.0424728
0.2447
0.034053
0.144586
0.0362337
0.2447
0.2447
0.2447
0.0100798
0.2447
0.190557
0.0450861
0.0568247
0.0483003
0.107802
0.112099
0.0430905
0.2447
0.116955
0.00625075
0.13281
0.2447
0.2447
0.2447
0.2447
0.2447
0.2447
0.2447
0.2447
0.111729
0.0373172
0.2447
0.2447
0.2447
0.2447
0.041914
0.0965524
0.2447
0.2447
0.2447
0.101941
0.113551
0.2447
0.0494717
0.106075
0.00707675
0.2447
0.2447
0.2447
0.2447
0.00132459
0.2447
0.2447
0.2447
0.2447
0.00951173
0.2447
0.2447
0.2447
0.2447
0.0279644
0.2447
0.0759169
0.2447
0.0950223
0.2447
0.051806
0.2447
0.2447
0.2447
0.2447
0.118055
0.2447
0.2447
0.0649309
0.2447
0.2447
0.0308054
0.2447
0.0542477
0.2447
0.2447
0.2447
0.2447
0.2447
0.2447
0.0466504
0.2447
0.0486611
0.2447
0.00691737
0.2447
0.049168
0.2447
0.2447
0.2447
0.235969
0.0556398
0.0211716
0.2447
0.176451
0.0493021
0.0222718
0.2447
0.2447
0.2447
0.2447
0.2447
0.168688
0.2447
0.0454818
0.2447
0.2447
0.093292
0.116704
0.0659422
0.2447
0.2447
0.2447
0.122917
0.2447
0.2447
0.2447
0.2447
0.2447
0.12834
0.2447
0.150078
0.193746
0.2447
0.2447
0.2447
0.0206902
0.192814
0.0407947
0.0567192
0.2447
0.00296886
0.2447
0.2447
0.0983635
0.2447
0.115998
0.0477911
0.0434411
0.2447
0.2447
0.000404456
0.2447
0.2447
0.2447
0.2447
0.2447
0.0477267
0.061412
0.2447
0.2447
0.2447
0.2447
0.2447
0.2447
0.2447
0.0316484
0.2447
0.11832
0.2447
0.0787645
0.0792379
0.2447
0.130979
0.2447
0.2447
0.0943391
0.2447
0.117265
0.0298735
0.0948616
0.0894899
0.2447
0.2447
0.0196653
0.2447
0.2447
0.102763
0.0930816
0.0651138
0.082502
0.142096
0.0481326
0.2447
0.118423
0.2447
0.222381
0.0368918
0.2447
0.2447
0.185441
0.03394
0.2447
0.2447
0.2447
0.0504648
0.2447
0.2447
0.2447
0.2447
0.0899009
0.0571406
0.2447
0.026253
0.172388
0.2447
0.2447
0.152519
0.0286766
0.2447
0.117068
0.2447
0.2447
0.2447
0.0762733
0.2447
0.2447
0.0946759
0.2447
0.2447
0.2447
0.2447
0.0199272
0.2447
0.000727876
0.2447
0.109433
0.0600072
0.2447
0.00020701
0.2447
0.2447
0.0592611
0.2447
0.2447
0.2447
0.2447
0.0216529
0.2447
0.2447
0.0626447
0.2447
0.0194262
0.2447
0.2447
0.2447
0.109177
0.0318285
0.2447
0.2447
0.129109
0.0860416
0.2447
0.0771993
0.122006
0.2447
0.2447
0.0901228
0.0114115
0.2447
0.0208817
0.2447
0.013817
0.2447
0.0326366
0.169312
0.2447
0.2447
0.2447
0.113183
0.2447
0.2447
0.2447
0.0542806
0.0944521
0.0187025
0.0598187
0.2447
0.125015
0.0346496
0.00794972
0.000170246
0.2447
0.0734081
0.2447
0.2447
0.0898626
0.0176368
0.0145761
0.2447
0.110081
0.2447
0.114604
0.2447
0.0270434
0.2447
0.121323
0.0441382
0.0788995
0.2447
0.2447
0.2447
0.119233
0.0547592
0.0625532
0.0654486
0.0544576
0.2447
0.2447
0.062891
0.2447
0.2447
0.2447
0.2447
0.2447
0.0381923
0.2447
0.2447
0.2447
0.2447
0.2447
0.2447
0.2447
0.2447
0.114783
0.123313
0.2447
0.112313
0.2447
0.0165908
0.0313033
0.2447
0.2447
0.0221443
0.130265
0.2447
0.2447
0.0582635
0.028785
0.2447
0.2447
0.096693
0.119119
0.101429
0.2447
0.2447
0.100438
0.0942377
0.2447
0.144686
0.0667424
0.2447
0.2447
0.0201078
0.2447
0.2447
0.2447
0.00962653
0.100973
0.2447
0.0350371
0.2447
0.2447
0.0368794
0.166378
0.0363009
0.10438
0.2447
0.2447
0.2447
0.2447
0.0372722
0.0504691
0.2447
0.2447
0.126021
0.2447
0.0946406
0.2447
0.0502728
0.2447
0.0573647
0.2447
0.133132
0.2447
0.2447
0.0474906
0.2447
0.0687091
0.2447
0.0193436
0.0602293
0.00282309
0.2447
0.101506
0.0352036
0.2447
0.2447
0.2447
0.0428759
0.220508
0.2447
0.2447
0.2447
0.2447
0.0305996
0.00981138
0.2447
0.2447
0.2447
0.2447
0.178168
0.133268
0.2447
0.000434723
0.2447
0.2447
0.2447
0.00190746
0.0730769
0.14001
0.121982
0.2447
0.108194
0.0374851
0.2447
0.2447
0.0471446
0.0124621
0.2447
0.2447
0.2447
0.113628
0.2447
0.2447
0.079472
0.0324276
0.2447
0.132602
0.2447
0.2447
0.2447
0.2447
0.2447
0.0674123
0.0666142
0.119552
0.047904
0.0364159
0.2447
0.2447
0.2447
0.2447
0.0593623
0.0926379
0.0397498
0.2447
0.137101
0.2447
0.2447
0.0902748
0.2447
0.0662125
0.2447
0.10561
0.2447
0.2447
0.2447
0.11123
0.0647517
0.2447
0.2447
0.2447
0.2447
0.2447
0.2447
0.2447
0.0648963
0.2447
0.2447
0.2447
0.0962218
0.106535
0.2447
0.00326221
0.2447
0.2447
0.00971133
0.2447
0.2447
0.2447
0.0280978
0.0820857
0.0884069
0.106298
0.0681234
0.2447
0.2447
0.00452596
0.111653
0.2447
0.2447
0.2447
0.0143805
0.2447
0.2447
0.106372
0.2447
0.2447
0.2447
0.2447
0.2447
0.2447
0.0154221
0.0635648
0.0273858
0.0446921
0.126738
0.028527
0.2447
0.2447
0.137088
0.118659
0.134144
0.0873989
0.116268
0.2447
0.2447
0.2447
0.00937302
0.0155857
0.2447
0.2447
0.2447
0.10941
0.2447
0.2447
0.2447
0.2447
0.117681
0.2447
0.2447
0.0983978
0.0376712
0.2447
0.0498714
0.0840185
0.2447
0.0532207
0.0848169
0.2447
0.2447
0.2447
0.2447
0.2447
0.2447
0.2447
0.2447
0.2447
0.00213563
0.0685233
0.2447
0.102917
0.224208
0.21933
0.116527
0.0787955
0.2447
0.0196511
0.2447
0.128922
0.14777
0.106713
0.107424
0.2447
0.2447
0.2447
0.2447
0.163852
0.2447
0.2447
0.2447
0.2447
0.2447
0.2447
0.000850627
0.2447
0.2447
0.00429242
0.0689472
0.2447
0.2447
0.11033
0.2447
0.2447
0.2447
0.00753319
0.2447
0.242887
0.0944006
0.2447
0.0566108
0.2447
0.2447
0.2447
0.2447
0.0625199
0.00402
0.2447
0.2447
0.0812215
0.2447
0.0593884
0.0310087
0.21599
0.2447
0.2447
0.16719
0.2447
0.2447
0.0140082
0.0544677
0.0642222
0.2447
0.2447
0.2447
0.2447
0.000921236
0.110951
0.2447
0.2447
0.2447
0.2447
0.2447
0.2447
0.0170825
0.2447
0.2447
0.2447
0.2447
0.2447
0.2447
0.2447
0.2447
0.2447
0.2447
0.2447
0.134029
0.2447
0.011135
0.2447
0.2447
0.2447
0.2447
0.2447
0.2447
0.2447
0.0700565
0.0740984
0.105117
0.2447
0.0430751
0.0688725
0.0869608
0.0245029
0.2447
0.2447
0.2447
0.036726
0.2447
0.0720156
0.2447
0.2447
0.2447
0.125384
0.188374
0.2447
0.00527288
0.2447
0.131112
0.113509
0.2447
0.2447
0.2447
0.2447
0.2447
0.2447
0.2447
0.2447
0.0174603
0.051659
0.2447
0.2447
0.2447
0.0875218
0.12187
0.2447
0.2447
0.2447
0.2447
0.10747
0.0370308
0.117987
0.104543
0.2447
0.2447
0.0378272
0.0560033
0.2447
0.2447
0.2447
0.2447
0.2447
0.2447
0.2447
0.2447
0.2447
0.0339517
0.073992
0.0154111
0.103776
0.0062936
0.2447
0.0195611
0.2447
0.2447
0.2447
0.2447
0.2447
0.100112
0.141517
0.0950917
0.2447
0.234888
0.2447
0.0398654
0.2447
0.2447
0.2447
0.2447
0.2447
0.2447
0.2447
0.0999695
0.00177071
0.2447
0.033135
0.0268395
0.00122241
0.2447
0.2447
0.2447
0.109023
0.154602
0.0670878
0.0493532
0.2447
0.0222413
0.2447
0.2447
0.2447
0.2447
0.148225
0.0120319
0.2447
0.2447
0.178879
0.2447
0.2447
0.2447
0.2447
0.2447
0.2447
0.2447
0.0657835
0.0726576
0.2447
0.2447
0.2447
0.0364538
0.112351
0.2447
0.2447
0.2447
0.053692
0.10775
0.2447
0.0606168
0.2447
0.0501596
0.0326464
0.0951784
0.00173007
0.2447
0.022316
0.0463232
0.115343
0.077441
0.109287
0.0220505
0.2447
0.2447
0.2447
0.2447
0.2447
0.2447
0.116858
0.0740519
0.0813599
0.117358
0.2447
0.0544313
0.2447
0.2447
0.2447
0.2447
0.2447
0.2447
0.105427
0.2447
0.0461204
0.2447
0.2447
0.2447
0.2447
0.2447
0.2447
0.12001
0.10356
0.2447
0.2447
0.2447
0.2447
0.0395216
0.0598409
0.2447
0.2447
0.2447
0.2447
0.2447
0.0484107
0.0819419
0.2447
0.118228
0.0262144
0.2447
0.2447
0.029179
0.0411581
0.0220916
0.2447
0.2447
0.2447
0.0780671
0.2447
0.110021
0.0723641
0.2447
0.016914
0.0781392
0.0262476
0.2447
0.2447
0.2447
0.2447
0.2447
0.00805645
0.2447
0.2447
0.2447
0.0865967
0.00362461
0.0298737
0.2447
0.219705
0.2447
0.2447
0.0198355
0.2447
0.126758
0.2447
0.2447
0.2447
0.2447
0.2447
0.117813
0.022365
0.2447
0.0566861
0.0993709
0.2447
0.0117843
0.2447
0.00878752
0.145081
0.2447
0.2447
0.2447
0.2447
0.2447
0.0767609
0.2447
0.0135192
0.2447
0.2447
0.0953269
0.0430908
0.2447
0.0399726
0.103
0.2447
0.00361556
0.2447
0.2447
0.2447
0.000809699
0.2447
0.0612889
0.2447
0.2447
0.122777
0.2447
0.0968535
0.081993
0.2447
0.0197327
0.2447
0.146231
0.2447
0.2447
0.0751412
0.112167
0.2447
0.2447
0.2447
0.0984854
0.106312
0.2447
0.0119181
0.111372
0.0339534
0.2447
0.106434
0.2447
0.0339761
0.0587402
0.2447
0.17843
0.2447
0.052263
0.2447
0.0741025
0.2447
0.2447
0.2447
0.2447
0.0768965
0.00662417
0.111569
0.109536
0.10136
0.2447
0.2447
0.2447
0.2447
0.2447
0.0851158
0.2447
0.2447
0.2447
0.2447
0.119648
0.2447
0.2447
0.2447
0.2447
0.2447
0.0989445
0.0275
0.00418823
0.2447
0.103321
0.0956442
0.2447
0.0364563
0.00697066
0.2447
0.0666342
0.2447
0.0042738
0.2447
0.2447
0.0646011
0.00476527
0.2447
0.2447
0.2447
0.2447
0.130717
0.00348124
0.2447
0.145161
0.2447
0.153566
0.111569
0.2447
0.2447
0.0651696
0.0353329
0.2447
0.23814
0.0597312
0.000332775
0.0415626
0.2447
0.054054
0.2447
0.0983111
0.2447
0.0363333
0.2447
0.2447
0.0814713
0.2447
0.131487
0.0849645
0.2447
0.2447
0.0758699
0.2447
0.115921
0.110976
0.2447
0.2447
0.104832
0.2447
0.0681301
0.2447
0.2447
0.0952667
0.120045
0.2447
0.00580817
0.108532
0.0249155
0.2447
0.2447
0.2447
0.2447
0.2447
0.0326651
0.130509
0.2447
0.0131178
0.00439565
0.2447
0.2447
0.0119825
0.0466028
0.2447
0.2447
0.2447
0.2447
0.143747
0.2447
0.2447
0.0872252
0.2447
0.102311
0.2447
0.2447
0.0340579
0.0196165
0.0289951
0.0509868
0.2447
0.2447
0.0751386
0.0303874
0.0278878
0.0450316
0.0776573
0.120104
0.2447
0.077155
0.2447
0.2447
0.2447
0.158295
0.2447
0.0918385
0.0711038
0.2447
0.2447
0.110927
0.2447
0.2447
0.2447
0.114589
0.2447
0.2447
0.104496
0.2447
0.00670631
0.2447
0.0849893
0.0386667
0.0690366
0.138047
0.162949
0.2447
0.0928455
0.0947798
0.2447
0.2447
0.2447
0.032405
0.13055
0.2447
0.027232
0.117515
0.2447
0.20134
0.2447
0.133822
0.022132
0.2447
0.132709
0.2447
0.2447
0.141441
0.2447
0.2447
0.2447
0.2447
0.2447
0.0868744
0.2447
0.2447
0.2447
0.114857
0.110324
0.0745853
0.0236446
0.2447
0.0237017
0.17717
0.2447
0.00866324
0.0260912
0.112173
0.104749
0.2447
0.2447
0.143357
0.2447
0.0498509
0.2447
0.207266
0.0227582
0.2447
0.040508
0.0317168
0.2447
0.0190877
0.0347791
0.2447
0.026821
0.107706
0.2447
0.2447
0.10377
0.106012
0.00535555
0.0840795
0.2447
0.100323
0.2447
0.2447
0.2447
0.2447
0.2447
0.0324705
0.2447
0.11953
0.2447
0.2447
0.046629
0.2447
0.0899102
0.014359
0.2447
0.0779918
0.2447
0.0621444
0.2447
0.2447
0.2447
0.2447
0.14027
0.2447
0.2447
0.0151164
0.2447
0.2447
0.0983759
0.0467486
0.2447
0.2447
0.2447
0.168065
0.2447
0.2447
0.2447
0.105197
0.034942
0.0944038
0.2447
0.2447
0.2447
0.2447
0.2447
0.2447
0.0424633
0.0527001
0.006126
0.2447
0.00195402
0.2447
0.2447
0.0318403
0.2447
0.0740024
0.2447
0.00883992
0.2447
0.2447
0.2447
0.0313126
0.0269333
0.2447
0.238463
0.2447
0.0882765
0.2447
0.2447
0.0246168
0.2447
0.116668
0.0942809
0.0876986
0.2447
0.2447
0.0061025
0.2447
0.0869373
0.2447
0.0692405
0.2447
0.0189478
0.2447
0.2447
0.05369
0.0648143
0.2447
0.0307554
0.0345265
0.2447
0.2447
0.103342
0.0376938
0.2447
0.00424824
0.2447
0.00284094
0.2447
0.2447
0.2447
0.2447
0.0829887
0.0716217
0.109291
0.2447
0.2447
0.0255347
0.00972311
0.2447
0.0159341
0.2447
0.2447
0.110813
0.105435
0.018328
0.2447
0.2447
0.2447
0.0663074
0.2447
0.2447
0.2447
0.2447
0.000808254
0.100074
0.2447
0.118269
0.2447
0.2447
0.0295858
0.2447
0.0218143
0.2447
0.0808372
0.2447
0.2447
0.2447
0.0218239
0.2447
0.2447
0.0057138
0.2447
0.0540889
0.0574936
0.2447
0.2447
0.2447
0.2447
0.204183
0.2447
0.0409128
0.104908
0.0916556
0.2447
0.2447
0.0448263
0.00751586
0.2447
0.2447
0.2447
0.2447
0.0352769
0.2447
0.2447
0.2447
0.2447
0.0339096
0.2447
0.152092
0.2447
0.00684742
0.0181297
0.109641
0.2447
0.143165
0.2447
0.066182
0.108358
0.2447
0.2447
0.2447
0.112335
0.2447
0.2447
0.2447
0.0839024
0.0363798
0.194686
0.101673
0.184281
0.0787854
0.0231011
0.0907666
0.2447
0.0254919
0.0729833
0.2447
0.00877504
0.2447
0.2447
0.194487
0.2447
0.0263638
0.2447
0.2447
0.2447
0.2447
0.2447
0.2447
0.2447
0.2447
0.0104596
0.2447
0.2447
0.0347875
0.0230448
0.2447
0.119746
0.2447
0.2447
0.0581697
0.2447
0.0745164
0.121308
0.2447
0.2447
0.2447
0.2447
0.0209257
0.0966987
0.131916
0.2447
0.0251792
0.2447
0.2447
0.2447
0.114066
0.0513227
0.2447
0.2447
0.2447
0.2447
0.2447
0.0818278
0.0402975
0.2447
0.2447
0.2447
0.2447
0.2447
0.102683
0.0481346
0.2447
0.115904
0.119586
0.2447
0.105099
0.2447
0.00790371
0.2447
0.2447
0.2447
0.2447
0.2447
0.2447
0.0534305
0.2447
0.0583133
0.2447
0.0652712
0.00785116
0.0885091
0.2447
0.2447
0.2447
0.2447
0.133917
0.2447
0.0241859
0.2447
0.0118589
0.2447
0.056448
0.00318628
0.049117
0.0978575
0.0327482
0.2447
0.105479
0.0782958
0.2447
0.2447
0.050413
0.2447
0.2447
0.2447
0.0281848
0.2447
0.2447
0.2447
0.017173
0.2447
0.2447
0.105147
0.117861
0.2447
0.0513298
0.2447
0.2447
0.0703677
0.2447
0.2447
0.2447
0.2447
0.0348067
0.2447
0.2447
0.2447
0.2447
0.116028
0.0157416
0.2447
0.2447
0.118264
0.2447
0.0960836
0.2447
0.0890337
0.2447
0.0451589
0.2447
0.207898
0.2447
0.0536641
0.0544503
0.2447
0.2447
0.0059045
0.142285
0.0797595
0.2447
0.2447
0.126556
0.2447
0.0703808
0.2447
0.12635
0.2447
0.2447
0.2447
0.133514
0.2447
0.2447
0.2447
0.2447
0.2447
0.2447
0.2447
0.0100986
0.0179531
0.0120779
0.0333536
0.2447
0.0755595
0.2447
0.2447
0.2447
0.2447
0.0163533
0.2447
0.0572218
0.2447
0.2447
0.110489
0.2447
0.2447
0.2447
0.0969265
0.2447
0.2447
0.2447
0.0682932
0.2447
0.2447
0.0336543
0.2447
0.0161818
0.2447
0.2447
0.2447
0.2447
0.2447
0.2447
0.0482039
0.0930038
0.0628893
0.0322806
0.2447
0.137963
0.2447
0.0659745
0.0359327
0.2447
0.2447
0.2447
0.2447
0.2447
0.0768525
0.2447
0.0700411
0.2447
0.2447
0.2447
0.2447
0.2447
0.2447
0.0129002
0.0557893
0.166789
0.115593
0.0954046
0.2447
0.109902
0.0251102
0.2447
0.0901729
0.0148
0.2447
0.2447
0.0855885
0.129215
0.0285218
0.2447
0.0355669
0.2447
0.2447
0.0424487
0.2447
0.0870672
0.0411364
0.0155362
0.2447
0.2447
0.0283649
0.2447
0.2447
0.11706
0.2447
0.0418219
0.2447
0.2447
0.127985
0.2447
0.129473
0.2447
0.2447
0.2447
0.2447
0.2447
0.000196886
0.01488
0.116187
0.0520184
0.113383
0.071874
0.2447
0.2447
0.2447
0.2447
0.00938487
0.2447
0.2447
0.2447
0.100813
0.2447
0.2447
0.012397
0.0760432
0.2447
0.00359977
0.2447
0.0660751
0.2447
0.0103316
0.2447
0.0402195
0.2447
0.2447
0.0279598
0.0652716
0.2447
0.119025
0.2447
0.03364
0.18277
0.00337041
0.2447
0.2447
0.117926
0.0279371
0.2447
0.2447
0.2447
0.037394
0.126425
0.158436
0.0183929
0.0843783
0.2447
0.2447
0.0131891
0.2447
0.125148
0.133915
0.2447
0.0438443
0.0570415
0.2447
0.101239
0.2447
0.116214
0.2447
0.2447
0.077964
0.0331389
0.00832621
0.2447
0.2447
0.2447
0.0410868
0.0973876
0.111207
0.2447
0.0407159
0.2447
0.2447
0.16606
0.0350732
0.2447
0.2447
0.0250377
0.2447
0.2447
0.117075
0.0218237
0.2447
0.0323286
0.110131
0.2447
0.2447
0.206033
0.2447
0.0399399
0.2447
0.2447
0.2447
0.2447
0.2447
0.175625
0.2447
0.0825368
0.2447
0.2447
0.2447
0.129002
0.104514
0.2447
0.2447
0.119041
0.2447
0.235038
0.00472372
0.0982944
0.2447
0.142256
0.2447
0.0649831
0.2447
0.2447
0.2447
0.0197181
0.140094
0.0546951
0.086758
0.2447
0.221124
0.0132417
0.127914
0.09388
0.0524418
0.0875876
0.2447
0.2447
0.2447
0.0132194
0.2447
0.112812
0.103433
0.2447
0.2447
0.137465
0.2447
0.0222244
0.0721062
0.00458128
0.2447
0.2447
0.2447
0.0037476
0.2447
0.2447
0.2447
0.2447
0.2447
0.098352
0.2447
0.2447
0.2447
0.2447
0.2447
0.2447
0.200231
0.2447
0.0318
0.0700147
0.00728855
0.0135456
0.0459164
0.2447
0.2447
0.00625836
0.2447
0.2447
0.0399227
0.0248792
0.2447
0.0396164
0.0849012
0.0154972
0.2447
0.2447
0.0335454
0.0195963
0.043015
0.0347576
0.0141935
0.2447
0.0432442
0.2447
0.2447
0.171165
0.110214
0.2447
0.103455
0.2447
0.2447
0.2447
0.119528
0.0310332
0.2447
0.00819219
0.130987
0.2447
0.0603768
0.2447
0.2447
0.00913343
0.2447
0.2447
0.0672325
0.0179881
0.2447
0.102702
0.2447
0.100677
0.2447
0.2447
0.2447
0.101754
0.2447
0.122014
0.2447
0.103814
0.2447
0.115528
0.2447
0.0275981
0.00780717
0.2447
0.184602
0.103301
0.0814693
0.2447
0.2447
0.2447
0.0034997
0.150118
0.2447
0.110871
0.0295859
0.2447
0.0553356
0.000504471
0.051491
0.2447
0.2447
0.2447
0.0121598
0.105846
0.2447
0.2447
0.0107134
0.125038
0.2447
0.2447
0.0153397
0.2447
0.057881
0.0368645
0.0101123
0.0399688
0.2447
0.0436597
0.2447
0.2447
0.108319
0.159758
0.097967
0.2447
0.138397
0.130674
