0.441373
0.228689
0.0760879
0.662
0.662
0.0429828
0.0958075
0.184284
0.395289
0.137048
0.475417
0.289535
0.662
0.383533
0.432648
0.412951
0.286781
0.0960244
0.38694
0.662
0.375897
0.175949
0.662
0.163698
0.662
0.662
0.00114333
0.662
0.662
0.0509587
0.662
0.300196
0.229591
0.378188
0.527829
0.387792
0.168875
0.662
0.161796
0.302023
0.662
0.353552
0.489686
0.662
0.128637
0.470958
0.352323
0.38863
0.662
0.662
0.187678
0.662
0.662
0.254955
0.662
0.462006
0.435613
0.662
0.0568049
0.104788
0.419405
0.551163
0.511225
0.0530935
0.662
0.219821
0.662
0.392373
0.37065
0.426072
0.34925
0.201038
0.662
0.662
0.338241
0.21031
0.000920647
0.189307
0.0862945
0.00892452
0.253242
0.144018
0.179796
0.320264
0.492045
0.662
0.233531
0.160857
0.351934
0.383561
0.24475
0.0427784
0.00488761
0.165565
0.223113
0.0089496
0.362637
0.0981655
0.250045
0.316726
0.0250846
0.439407
0.115975
0.314929
0.0843321
0.662
0.0441129
0.662
0.645196
0.254696
0.662
0.662
0.533047
0.229215
0.170013
0.47422
0.662
0.343027
0.0712441
0.38488
0.378368
0.4284
0.358797
0.0420519
0.355418
0.466221
0.23548
0.445718
0.662
0.662
0.662
0.47196
0.407276
0.433895
0.662
0.520871
0.360762
0.662
0.662
0.098467
0.220495
0.403497
0.186907
0.437386
0.662
0.283253
0.320472
0.433942
0.450009
0.662
0.520117
0.00347645
0.148767
0.452702
0.662
0.465378
0.358084
0.32344
0.179787
0.493021
0.463445
0.149295
0.055334
0.0181937
0.662
0.452435
0.475414
0.391303
0.0282238
0.169936
0.336288
0.516899
0.196113
0.662
0.231524
0.206093
0.481795
0.4258
0.662
0.662
0.17913
0.236726
0.441155
0.460671
0.321848
0.0675864
0.0948844
0.142691
0.378461
0.0427689
0.342107
0.46972
0.4619
0.295191
0.0208933
0.481614
0.248702
0.0268824
0.541975
0.253974
0.662
0.118163
0.500114
0.050136
0.211105
0.457683
0.461184
0.254474
0.295056
0.201074
0.243226
0.662
0.662
0.244805
0.359931
0.662
0.542203
0.662
0.538771
0.24457
0.200345
0.0372138
0.534971
0.409929
0.293852
0.30547
0.163795
0.188598
0.662
0.343785
0.32278
0.662
0.361334
0.358251
0.367064
0.367391
0.509183
0.662
0.147743
0.222596
0.153861
0.662
0.454691
0.662
0.559213
0.317979
0.285634
0.0459756
0.214226
0.662
0.161049
0.0943719
0.00908649
0.448212
0.662
0.116772
0.254095
0.244191
0.0882445
0.071625
0.494889
0.0225804
0.662
0.272582
0.388813
0.26504
0.249918
0.235206
0.103019
0.159961
0.447787
0.477894
0.365641
0.0204909
0.662
0.168869
0.470806
0.463682
0.34028
0.166947
0.242387
0.184383
0.662
0.662
0.305473
0.662
0.26908
0.662
0.662
0.174186
0.339731
0.662
0.212309
0.152958
0.662
0.28147
0.357857
0.474307
0.121646
0.110146
0.11749
0.265297
0.662
0.494484
0.662
0.414845
0.662
0.662
0.500561
0.113682
0.297867
0.190011
0.209391
0.662
0.662
0.277892
0.263823
0.460635
0.102317
0.662
0.140165
0.301663
0.434238
0.0169495
0.662
0.515177
0.0598322
0.422005
0.372318
0.101866
0.662
0.0990763
0.0442475
0.243094
0.335013
0.662
0.000886733
0.487091
0.188553
0.283523
0.369359
0.350048
0.476124
0.662
0.215715
0.662
0.662
0.662
0.205312
0.00277443
0.38339
0.0657389
0.424593
0.459984
0.169704
0.250916
0.44564
0.184501
0.662
0.662
0.0824338
0.459122
0.352595
0.464805
0.662
0.0641993
0.452086
0.662
0.102829
0.298821
0.259086
0.106396
0.0974595
0.0809706
0.366992
0.221868
0.428465
0.662
0.308337
0.307052
0.392116
0.265409
0.418147
0.446889
0.355978
0.230012
0.417247
0.449992
0.0733573
0.301286
0.480292
0.505298
0.451276
0.143715
0.158202
0.100361
0.124661
0.0350779
0.400514
0.334132
0.662
0.503187
0.149378
0.438973
0.196558
0.662
0.208233
0.662
0.0913018
0.662
0.0802558
0.289794
0.450336
0.401626
0.261205
0.379557
0.355288
0.237917
0.414689
0.271817
0.447218
0.405866
0.310815
0.0899749
0.0332522
0.542907
0.167883
0.158596
0.662
0.168415
0.362824
0.429495
0.662
0.193783
0.204992
0.177252
0.188
0.662
0.111112
0.27571
0.456958
0.0731068
0.662
0.473787
0.229582
0.0713814
0.226842
0.194631
0.404271
0.662
0.17323
0.0249385
0.145288
0.662
0.504569
0.662
0.662
0.149109
0.662
0.464427
0.320705
0.381575
0.266694
0.489375
0.0117757
0.202695
0.204977
0.262728
0.662
0.459239
0.662
0.0397009
0.336908
0.268903
0.247247
0.366819
0.323256
0.335322
0.662
0.662
0.18667
0.239118
0.662
0.662
0.328103
0.662
0.407029
0.275053
0.209262
0.127098
0.457859
0.422843
0.255158
0.537609
0.0921638
0.0644038
0.662
0.400439
0.157782
0.0446085
0.46594
0.662
0.326509
0.00812259
0.0213681
0.459486
0.16423
0.334834
0.211036
0.429281
0.375863
0.331664
0.662
0.336795
0.117406
0.0669682
0.190312
0.662
0.662
0.37373
0.662
0.0337219
0.662
0.251253
0.662
0.43625
0.662
0.662
0.0724028
0.140526
0.662
0.0309892
0.455147
0.106639
0.662
0.662
0.454627
0.2152
0.378568
0.662
0.470034
0.374126
0.179566
0.0293542
0.259508
0.254145
0.425118
0.662
0.153691
0.662
0.451041
0.120578
0.515703
0.662
0.109277
0.662
0.206614
0.39384
0.296985
0.391308
0.662
0.339247
0.662
0.662
0.269724
0.176157
0.218033
0.413427
0.176817
0.0510891
0.138402
0.662
0.336334
0.662
0.662
0.662
0.187873
0.00731059
0.333356
0.0393563
0.109295
0.662
0.00502533
0.318568
0.498363
0.319436
0.478523
0.496386
0.243151
0.378471
0.322556
0.427454
0.662
0.503557
0.387847
0.662
0.454359
0.662
0.198244
0.472516
0.145744
0.279868
0.00776332
0.154385
0.413579
0.497684
0.0560708
0.042703
0.662
0.0709308
0.00995095
0.140471
0.662
0.271373
0.291501
0.340815
0.45854
0.454979
0.258964
0.406334
0.662
0.299152
0.419649
0.00962235
0.662
0.145512
0.130718
0.662
0.431649
0.0878553
0.428707
0.373257
0.0856019
0.437644
0.400135
0.385949
0.473177
0.283945
0.0216945
0.0916437
0.452064
0.169588
0.185286
0.466529
0.116844
0.520528
0.406145
0.524374
0.0314583
0.46432
0.262622
0.0629577
0.243124
0.574172
0.662
0.361943
0.302443
0.23821
0.191426
0.4086
0.0192381
0.662
0.662
0.0477153
0.483576
0.151993
0.450189
0.161568
0.497301
0.344233
0.252864
0.195377
0.130118
0.662
0.38457
0.344508
0.662
0.0949862
0.194943
0.279199
0.662
0.662
0.447223
0.197822
0.662
0.0743537
0.15194
0.662
0.61431
0.270836
0.662
0.0491239
0.131303
0.662
0.662
0.662
0.00273022
0.106758
0.121769
0.312631
0.228743
0.0317119
0.105694
0.275721
0.662
0.479679
0.439683
0.477474
0.512951
0.0999183
0.447255
0.458862
0.662
0.369413
0.0418617
0.662
0.355691
0.212463
0.106331
0.469349
0.471333
0.494533
0.278685
0.468154
0.215482
0.542036
0.471692
0.121104
0.474321
0.161959
0.396969
0.263501
0.188671
0.063065
0.0951689
0.324718
0.230256
0.662
0.423746
0.159727
0.176058
0.465863
0.456955
0.469346
0.125198
0.101924
0.662
0.662
0.421529
0.29018
0.249827
0.328286
0.019327
0.263661
0.410918
0.384178
0.260673
0.0488528
0.241135
0.436562
0.46789
0.486621
0.281674
0.662
0.662
0.263894
0.662
0.378768
0.461569
0.380222
0.662
0.105635
0.0691048
0.662
0.322853
0.504077
0.425584
0.13739
0.428998
0.662
0.662
0.11022
0.662
0.534084
0.191586
0.494649
0.400387
0.490994
0.238717
0.159134
0.51771
0.287837
0.158973
0.662
0.482656
0.0963361
0.377422
0.662
0.36091
0.662
0.420852
0.463242
0.249563
0.244565
0.445794
0.54428
0.662
0.379113
0.662
0.662
0.398559
0.134426
0.462748
0.203781
0.260469
0.431062
0.0223878
0.262525
0.0138724
0.27287
0.662
0.382665
0.112902
0.0246733
0.558869
0.175708
0.662
0.314567
0.150825
0.662
0.413101
0.469719
0.483233
0.16791
0.369054
0.240829
0.116062
0.202868
0.305628
0.426876
0.480394
0.179044
0.662
0.662
0.0445573
0.29842
0.0701238
0.0125132
0.662
0.662
0.0158183
0.331501
0.369398
0.0460899
0.321473
0.217115
0.397445
0.403788
0.662
0.662
0.662
0.28127
0.662
0.465213
0.493619
0.463953
0.437561
0.121482
0.155848
0.368773
0.126057
0.0139966
0.173732
0.206659
0.424768
0.662
0.515004
0.0887111
0.23963
0.323108
0.662
0.0823407
0.149066
0.184263
0.662
0.395165
0.133846
0.0981391
0.180796
0.662
0.662
0.259657
0.662
0.436861
0.330053
0.662
0.415514
0.662
0.463203
0.0460542
0.320383
0.173983
0.339273
0.14727
0.662
0.427161
0.0402482
0.437582
0.662
0.662
0.284825
0.2127
0.662
0.243751
0.32098
0.662
0.39524
0.0770288
0.223219
0.183061
0.662
0.0333188
0.461819
0.469055
0.0248705
0.437569
0.303096
0.173826
0.335453
0.662
0.145033
0.199568
0.29035
0.285943
0.456722
0.154586
0.238308
0.061537
0.662
0.203854
0.487933
0.238493
0.16324
0.225728
0.185621
0.255455
0.096144
0.662
0.662
0.344064
0.458878
0.504657
0.662
0.286077
0.431706
0.0994795
0.662
0.187664
0.34647
0.300023
0.0983355
0.662
0.473299
0.342395
0.0348311
0.662
0.171087
0.662
0.153765
0.400987
0.237573
0.426903
0.472302
0.398162
0.475497
0.474873
0.207354
0.662
0.662
0.254395
0.183184
0.0595704
0.132777
0.662
0.444031
0.662
0.662
0.460859
0.407141
0.474227
0.245047
0.157448
0.662
0.180982
0.426898
0.274615
0.0187231
0.447907
0.422202
0.662
0.256091
0.452028
0.431802
0.162054
0.217003
0.662
0.419256
0.662
0.213388
0.175371
0.482731
0.0354256
0.141932
0.200175
0.424643
0.187774
0.373749
0.460052
0.662
0.662
0.211376
0.374156
0.468823
0.107925
0.662
0.662
0.355977
0.662
0.325306
0.15726
0.662
0.662
0.154237
0.441053
0.291426
0.455781
0.45523
0.662
0.485871
0.529933
0.0603899
0.131493
0.392783
0.662
0.451853
0.153401
0.292183
0.662
0.119488
0.152996
0.428789
0.443678
0.0293073
0.662
0.17811
0.0213726
0.331701
0.35403
0.419225
0.0179265
0.197145
0.334817
0.113598
0.662
0.662
0.461754
0.38145
0.0922255
0.320848
0.662
0.469727
0.38255
0.476659
0.459889
0.085418
0.0948692
0.448844
0.12826
0.309261
0.330018
0.156609
0.662
0.215125
0.662
0.084977
0.307257
0.294723
0.34965
0.662
0.390097
0.428311
0.662
0.662
0.467169
0.506661
0.478059
0.48699
0.662
0.139678
0.459434
0.662
0.278023
0.0953685
0.0826825
0.382659
0.662
0.662
0.514747
0.426997
0.334785
0.369105
0.265293
0.211149
0.458824
0.652156
0.341971
0.185636
0.0899097
0.110927
0.394984
0.355632
0.23016
0.271338
0.182699
0.328754
0.285511
0.380172
0.112797
0.163592
0.662
0.125726
0.662
0.662
0.662
0.151633
0.476618
0.266654
0.395425
0.246748
0.285803
0.233976
0.145289
0.255902
0.272441
0.0026101
0.662
0.203798
0.0910455
0.0315377
0.455576
0.101259
0.662
0.386145
0.0497812
0.446278
0.662
0.0115278
0.662
0.0737233
0.194039
0.158396
0.279366
0.222377
0.088307
0.578086
0.513752
0.662
0.160954
0.662
0.24283
0.662
0.0617312
0.464167
0.121458
0.273528
0.662
0.213014
0.0345226
0.455494
0.301803
0.523619
0.662
0.133803
0.148815
0.240675
0.445611
0.159356
0.128457
0.41225
0.434211
0.234044
0.662
0.662
0.414441
0.0998417
0.0355407
0.457511
0.208274
0.0967996
0.424897
0.372252
0.283417
0.495511
0.434793
0.662
0.662
0.457581
0.304962
0.300808
0.662
0.662
0.184489
0.448121
0.0792443
0.0922117
0.350071
0.299234
0.509592
0.476983
0.252791
0.147257
0.448224
0.662
0.662
0.352437
0.418306
0.205756
0.0839663
0.0166847
0.433801
0.015286
0.450553
0.406306
0.466994
0.436527
0.383515
0.34935
0.153677
0.226324
0.293411
0.149317
0.147195
0.662
0.44741
0.442001
0.188535
0.384759
0.289029
0.0849517
0.0243723
0.389545
0.078476
0.0640674
0.0890026
0.517683
0.0459487
0.396528
0.309703
0.180535
0.0242329
0.0443798
0.0566864
0.460521
0.0955804
0.241437
0.0545228
0.662
0.0694007
0.662
0.468
0.662
0.115451
0.330037
0.489002
0.662
0.662
0.662
0.475687
0.270807
0.111094
0.0307836
0.0510285
0.662
0.0974932
0.471795
0.209266
0.409346
0.0648945
0.221935
0.467576
0.0163053
0.496985
0.310343
0.662
0.0974004
0.365678
0.472883
0.389594
0.0580098
0.662
0.304435
0.662
0.662
0.168195
0.378781
0.472183
0.190792
0.662
0.121788
0.249016
0.475449
0.662
0.0924148
0.434304
0.196013
0.130828
0.482661
0.00838233
0.00311205
0.440536
0.179464
0.662
0.139217
0.338518
0.402107
0.662
0.153944
0.35951
0.662
0.387984
0.324611
0.662
0.662
0.0109932
0.078951
0.0691371
0.278626
0.24511
0.543377
0.342399
0.439426
0.128274
0.420559
0.662
0.451085
0.433054
0.342436
0.0433308
0.466983
0.214592
0.473879
0.188027
0.142368
0.400696
0.064215
0.0283231
0.662
0.662
0.662
0.146074
0.309506
0.0223242
0.283784
0.662
0.662
0.458806
0.146894
0.662
0.539114
0.505513
0.460403
0.141217
0.662
0.464476
0.0407257
0.458247
0.662
0.234614
0.295267
0.403674
0.206368
0.475844
0.449936
0.405948
0.19871
0.165731
0.662
0.151001
0.279733
0.391309
0.662
0.0707094
0.662
0.352599
0.662
0.662
0.662
0.0518775
0.192686
0.389741
0.145554
0.662
0.0626882
0.662
0.662
0.662
0.198321
0.0163077
0.419029
0.411505
0.053051
0.158366
0.662
0.435667
0.102241
0.0276764
0.341569
0.313835
0.289533
0.438984
0.251195
0.368335
0.110171
0.0295659
0.0482918
0.662
0.662
0.662
0.282387
0.248425
0.314764
0.204401
0.364656
0.232253
0.470697
0.251013
0.416858
0.662
0.0526234
0.0131488
0.662
0.421843
0.00394153
0.278318
0.662
0.662
0.550835
0.213048
0.424227
0.0592812
0.0260327
0.618338
0.491396
0.481215
0.482332
0.465205
0.434252
0.369433
0.432541
0.40318
0.55833
0.372878
0.393457
0.200809
0.495855
0.244774
0.153426
0.450603
0.662
0.252743
0.268835
0.291239
0.467369
0.162456
0.481046
0.472235
0.100544
0.429694
0.251206
0.269019
0.460566
0.463565
0.0807069
0.0122742
0.194321
0.662
0.11639
0.458381
0.662
0.492065
0.0296126
0.128252
0.412407
0.219712
0.662
0.46108
0.508583
0.662
0.662
0.262597
0.0088144
0.123713
0.343628
0.128564
0.662
0.247938
0.454966
0.105883
0.0488436
0.459494
0.298796
0.018536
0.424251
0.138091
0.297509
0.174851
0.458416
0.406258
0.377979
0.304937
0.272358
0.662
0.235529
0.304907
0.151156
0.490923
0.0421332
0.662
0.662
0.135315
0.306025
0.43788
0.476903
0.121291
0.662
0.0568786
0.511527
0.295159
0.137629
0.431506
0.236495
0.458315
0.52087
0.490662
0.117268
0.419326
0.662
0.337301
0.501586
0.0329766
0.662
0.490626
0.162997
0.662
0.11443
0.0605588
0.23308
0.348097
0.401268
0.232929
0.458758
0.662
0.34299
0.0762969
0.361498
0.0049575
0.0236734
0.447668
0.453514
0.662
0.14765
0.417927
0.198486
0.429353
0.46231
0.383843
0.00355814
0.209406
0.473735
0.662
0.222829
0.211165
0.319448
0.662
0.175614
0.102796
0.0133591
0.227946
0.662
0.662
0.662
0.459664
0.0690834
0.335078
0.0756833
0.210614
0.168704
0.471595
0.46742
0.367649
0.152739
0.662
0.0486051
0.662
0.0304729
0.45444
0.224511
0.430991
0.428379
0.263899
0.0399896
0.159818
0.150725
0.00650537
0.46685
0.188196
0.476002
0.43818
0.329191
0.0689797
0.09593
0.0453698
0.1491
0.662
0.453903
0.662
0.0930159
0.0828928
0.662
0.353889
0.0712144
0.662
0.284905
0.380736
0.0329121
0.261422
0.430479
0.662
0.118678
0.240481
0.484637
0.221479
0.398223
0.662
0.0889351
0.337644
0.662
0.662
0.508099
0.0953522
0.520564
0.527936
0.16586
0.0754368
0.144148
0.276604
0.662
0.355395
0.662
0.249786
0.00284353
0.0854554
0.436352
0.1558
0.0398076
0.662
0.0741558
0.216149
0.263316
0.0899514
0.479796
0.117234
0.286886
0.662
0.662
0.18077
0.0105949
0.512978
0.137026
0.662
0.206041
0.476332
0.0135421
0.355503
0.0553403
0.0603921
0.0611961
0.436799
0.0416198
0.453609
0.231702
0.456339
0.383538
0.430764
0.311749
0.29077
0.267448
0.0988585
0.40413
0.47403
0.422972
0.475389
0.184167
0.0921492
0.386737
0.0826667
0.662
0.0488956
0.662
0.478153
0.269718
0.100529
0.239753
0.0240129
0.662
0.111677
0.247473
0.228632
0.435881
0.361823
0.290257
0.164311
0.277537
0.0810154
0.662
0.294404
0.0255352
0.131264
0.429744
0.143332
0.0911679
0.248439
0.662
0.100422
0.37321
0.0377757
0.493889
0.0719631
0.0459013
0.310022
0.467852
0.2147
0.662
0.662
0.486885
0.374818
0.337853
0.450753
0.409968
0.662
0.269251
0.662
0.39555
0.390773
0.662
0.662
0.500485
0.0350589
0.268954
0.432897
0.431317
0.288775
0.398493
0.217422
0.0824856
0.539708
0.662
0.662
0.235976
0.662
0.230382
0.191386
0.000157323
0.662
0.299917
0.157439
0.312271
0.467117
0.445754
0.662
0.426438
0.124364
0.662
0.281887
0.662
0.662
0.0335935
0.209802
0.0440816
0.155655
0.373357
0.565972
0.127744
0.0242931
0.418178
0.662
0.662
0.662
0.132787
0.179064
0.47125
0.0474202
0.0530777
0.148089
0.662
0.527532
0.418652
0.152604
0.268003
0.0790557
0.218574
0.435162
0.662
0.240051
0.0745741
0.456828
0.662
0.480146
0.500661
0.142229
0.0196442
0.447834
0.251088
0.283476
0.114242
0.0410697
0.662
0.662
0.266854
0.474717
0.0693794
0.0566686
0.662
0.334011
0.662
0.34902
0.15017
0.662
0.145481
0.287872
0.662
0.190254
0.315281
0.662
0.442793
0.243255
0.2964
0.662
0.515814
0.34487
0.451182
0.203899
0.26469
0.451974
0.662
0.0975708
0.253205
0.0583977
0.662
0.460617
0.360262
0.374
0.353236
0.274892
0.503896
0.0709734
0.662
0.0704919
0.497584
0.211642
0.460637
0.22494
0.158847
0.00287666
0.0528092
0.152174
0.662
0.216453
0.04548
0.486806
0.197586
0.390191
0.662
0.243971
0.117831
0.107352
0.0851794
0.310853
0.327369
0.662
0.101205
0.662
0.406192
0.662
0.454476
0.460978
0.0854572
0.11621
0.347544
0.662
0.311665
0.300071
0.511156
0.533899
0.157965
0.0857505
0.0684629
0.194854
0.662
0.0970632
0.662
0.285416
0.0126203
0.381225
0.247535
0.426605
0.266576
0.662
0.453893
0.448049
0.292223
0.0617541
0.662
0.0101296
0.115687
0.583954
0.275882
0.25778
0.0794414
0.163276
0.231206
0.142011
0.252011
0.422677
0.523928
0.662
0.0439974
0.271471
0.0599157
0.170509
0.662
0.333521
0.00706506
0.315875
0.454753
0.0805982
0.326401
0.662
0.211031
0.507305
0.662
0.413725
0.662
0.402897
0.662
0.131202
0.0969029
0.0643428
0.248623
0.067542
0.463555
0.662
0.662
0.321342
0.388198
0.662
0.416374
0.287843
0.00307316
0.0339293
0.00934239
0.16922
0.351531
0.121493
0.277112
0.420562
0.30863
0.468754
0.315123
0.328595
0.118949
0.214355
0.0492512
0.662
0.240101
0.662
0.293154
0.473172
0.178609
0.321959
0.365888
0.225949
0.395513
0.111136
0.47527
0.230204
0.0693556
0.219114
0.338931
0.474742
0.662
0.662
0.662
0.00553571
0.662
0.257877
0.142331
0.119799
0.204205
0.048188
0.662
0.120153
0.407251
0.306335
0.388665
0.0891889
0.394527
0.13459
0.180579
0.172678
0.403513
0.0359576
0.478418
0.372067
0.662
0.0273188
0.662
0.0669783
0.662
0.150054
0.261786
0.451218
0.197518
0.170584
0.289663
0.470943
0.46872
0.276298
0.481807
0.662
0.127209
0.304496
0.000664861
0.0169601
0.387952
0.387896
0.193623
0.276281
0.662
0.662
0.464513
0.443163
0.662
0.0459842
0.051379
0.0623619
0.0673045
0.196137
0.360916
0.0143791
0.288385
0.453985
0.47671
0.293008
0.662
0.46221
0.662
0.363281
0.0200202
0.662
0.435567
0.122202
0.161171
0.662
0.176775
0.277858
0.449222
0.349636
0.359587
0.0199805
0.319053
0.44112
0.205293
0.662
0.470425
0.35372
0.0188584
0.361729
0.104583
0.30706
0.10891
0.384458
0.662
0.0549027
0.447791
0.462064
0.511423
0.474794
0.459921
0.662
0.442455
0.0542559
0.0962732
0.178947
0.662
0.662
0.057582
0.0705011
0.311192
0.662
0.451145
0.0444199
0.121256
0.662
0.662
0.440874
0.662
0.662
0.289841
0.0623795
0.157245
0.396819
0.414087
0.00418871
0.662
0.662
0.133019
0.662
0.662
0.662
0.226816
0.215562
0.355897
0.662
0.123763
0.17219
0.662
0.0467118
0.0988102
0.662
0.062997
0.075242
0.112647
0.0975116
0.211586
0.110367
0.662
0.474641
0.292706
0.259026
0.04519
0.439749
0.475799
0.662
0.437122
0.662
0.0154749
0.662
0.662
0.557004
0.156669
0.662
0.301288
0.229668
0.211834
0.404761
0.150948
0.39774
0.0619098
0.136915
0.662
0.358016
0.393975
0.0474432
0.259758
0.179097
0.0773901
0.0699425
0.662
0.662
0.0101363
0.396362
0.11245
0.384914
0.0730209
0.662
0.182588
0.318863
0.0576828
0.464377
0.264189
0.662
0.175461
0.662
0.219416
0.306101
0.399266
0.262515
0.0370462
0.00778787
0.442728
0.662
0.662
0.662
0.210848
0.662
0.521174
0.0108471
0.471175
0.346988
0.264809
0.205224
0.185759
0.50193
0.297008
0.662
0.0281034
0.662
0.282117
0.430195
0.467806
0.45567
0.198462
0.204043
0.0478839
0.0545752
0.00463988
0.0124753
0.662
0.290321
0.662
0.301431
0.419012
0.662
0.0374197
0.299306
0.0690822
0.47251
0.102631
0.350721
0.662
0.662
0.336227
0.450483
0.131708
0.367073
0.662
0.169032
0.482284
0.228156
0.454158
0.662
0.200126
0.284521
0.047087
0.430728
0.505407
0.662
0.662
0.438197
0.433035
0.442914
0.357794
0.225272
0.662
0.245346
0.480919
0.662
0.662
0.662
0.0481417
0.662
0.662
0.437074
0.439456
0.473504
0.428968
0.0466219
0.425966
0.469792
0.662
0.307275
0.379153
0.168798
0.662
0.459483
0.349022
0.308404
0.149198
0.19168
0.662
0.507602
0.0320593
0.422264
0.183497
0.412733
0.204237
0.662
0.515787
0.0962757
0.303278
0.426969
0.413726
0.662
0.307513
0.100852
0.227526
0.523359
0.0445303
0.662
0.425431
0.100162
0.424395
0.094049
0.0892186
0.287502
0.0875926
0.163785
0.164054
0.133122
0.0422803
0.115913
0.000645625
0.662
0.26558
0.38099
0.311294
0.176876
0.370424
0.238936
0.424414
0.662
0.231882
0.454364
0.18788
0.457484
0.447632
0.156995
0.662
0.662
0.452865
0.46975
0.484008
0.662
0.474417
0.0122743
0.662
0.274806
0.662
0.410327
0.477268
0.1913
0.198285
0.416732
0.353494
0.248979
0.440594
0.302002
0.662
0.527166
0.297314
0.00563337
0.0581744
0.21563
0.114934
0.662
0.271087
0.0686333
0.474778
0.0702518
0.252021
0.0188963
0.662
0.269194
0.662
0.662
0.662
0.662
0.0581352
0.662
0.662
0.0812771
0.54135
0.465204
0.297055
0.662
0.453107
0.662
0.0148529
0.662
0.662
0.0619064
0.222398
0.02953
0.212904
0.662
0.176503
0.662
0.662
0.344761
0.030101
0.518693
0.662
0.371582
0.071427
0.662
0.40773
0.333968
0.45986
0.310606
0.27206
0.662
0.139402
0.249071
0.0580046
0.342217
0.286601
0.163656
0.196616
0.322002
0.127522
0.322276
0.662
0.435124
0.34289
0.00394403
0.0689326
0.432811
0.514813
0.21845
0.443953
0.087102
0.0938866
0.0524774
0.0503398
0.29747
0.168137
0.1629
0.0401781
0.662
0.588327
0.662
0.487114
0.328852
0.370326
0.133903
0.287649
0.526742
0.208626
0.662
0.662
0.110501
0.404497
0.466768
0.399561
0.296814
0.00511663
0.420894
0.00382651
0.46785
0.347944
0.383205
0.328181
0.480916
0.453242
0.3562
0.361604
0.173259
0.041614
0.662
0.0975704
0.662
0.662
0.128608
0.449479
0.284044
0.445288
0.0172137
0.22173
0.662
0.30469
0.662
0.526762
0.113167
0.125889
0.534086
0.48847
0.662
0.662
0.103849
0.238082
0.380962
0.332691
0.00887859
0.101631
0.662
0.156561
0.662
0.0942007
0.509016
0.403686
0.0392196
0.662
0.329323
0.357764
0.301341
0.111108
0.237458
0.392842
0.555002
0.662
0.662
0.662
0.662
0.662
0.0110671
0.285941
0.329359
0.314704
0.43944
0.662
0.662
0.436426
0.200839
0.0942027
0.272333
0.306752
0.450426
0.419212
0.309023
0.185944
0.0509283
0.0917883
0.662
0.458049
0.355813
0.47616
0.455707
0.662
0.449091
0.443022
0.128876
0.45476
0.39608
0.662
0.288245
0.322171
0.449511
0.297629
0.662
0.355869
0.0872342
0.434095
0.252108
0.0909383
0.284551
0.0436715
0.107448
0.34411
0.236803
0.177383
0.482265
0.097937
0.47293
0.046695
0.0738149
0.201324
0.129875
0.365747
0.161224
0.367361
0.467509
0.252335
0.432655
0.109499
0.139946
0.146826
0.0485564
0.463306
0.662
0.462357
0.662
0.0831146
0.240346
0.406245
0.117198
0.00277141
0.457536
0.494719
0.472581
0.130586
0.265772
0.363913
0.662
0.482686
0.00300373
0.102912
0.662
0.34365
0.662
0.0292167
0.216396
0.131421
0.662
0.0169035
0.497507
0.28044
0.0499633
0.662
0.107526
0.116469
0.361555
0.144133
0.37541
0.534328
0.20479
0.662
0.190361
0.387893
0.203111
0.202904
0.376871
0.0549769
0.169798
0.662
0.0373847
0.662
0.394001
0.424895
0.662
0.328821
0.662
0.417728
0.21395
0.105646
0.662
0.359956
0.459148
0.662
0.236127
0.51843
0.662
0.200137
0.662
0.662
0.0118554
0.00696555
0.245972
0.662
0.197793
0.451495
0.662
0.309338
0.061992
0.662
0.427717
0.130671
0.0983733
0.662
0.100415
0.163742
0.363604
0.276943
0.662
0.289306
0.0630939
0.230807
0.255972
0.0297116
0.509745
0.475736
0.0545537
0.470169
0.662
0.185588
0.390045
0.662
0.662
0.662
0.0088928
0.662
0.52511
0.354751
0.136614
0.313
0.445838
0.43482
0.298617
0.434806
0.241739
0.306643
0.436868
0.296323
0.662
0.0656567
0.305688
0.467699
0.662
0.662
0.14582
0.231092
0.662
0.428746
0.00096185
0.0637777
0.662
0.455862
0.435722
0.0153385
0.163935
0.0694056
0.300874
0.662
0.0814958
0.252228
0.662
0.662
0.266249
0.662
0.452222
0.382535
0.409897
0.434829
0.212044
0.662
0.108911
0.386379
0.230172
0.172791
0.0798261
0.662
0.137857
0.233964
0.451067
0.288674
0.473795
0.23867
0.217842
0.446869
0.38484
0.309352
0.258617
0.416535
0.231237
0.232291
0.444997
0.117287
0.327774
0.463223
0.662
0.298062
0.451793
0.452232
0.662
0.0582723
0.0313151
0.130136
0.183777
0.0219556
0.662
0.662
0.662
0.224023
0.10376
0.662
0.406577
0.372538
0.411823
0.159129
0.291187
0.662
0.201179
0.379004
0.218926
0.218258
0.383009
0.444926
0.280443
0.269191
0.538332
0.0750623
0.0303768
0.505456
0.183002
0.256612
0.441263
0.662
0.662
0.386455
0.662
0.204898
0.662
0.386981
0.662
0.662
0.468812
0.17957
0.305469
0.265215
0.662
0.118251
0.121494
0.032382
0.0527109
0.03778
0.0572842
0.48679
0.175485
0.662
0.464065
0.662
0.226043
0.0614662
0.0310639
0.662
0.0129254
0.330682
0.662
0.177527
0.0566206
0.394297
0.415286
0.439844
0.453812
0.00833037
0.0596927
0.662
0.145448
0.433059
0.443708
0.662
0.662
0.0625385
0.662
0.416692
0.123438
0.0491005
0.490801
0.189282
0.35783
0.323751
0.438193
0.25869
0.452143
0.355573
0.172053
0.662
0.451578
0.408729
0.435302
0.422818
0.662
0.214631
0.445249
0.662
0.257101
0.139107
0.0827966
0.251416
0.298601
0.0707069
0.263135
0.369147
0.467873
0.662
0.436472
0.184772
0.462161
0.269799
0.0527403
0.259185
0.318252
0.471919
0.662
0.213132
0.448308
0.460745
0.662
0.198905
0.134024
0.345238
0.160758
0.662
0.539575
0.467032
0.364259
0.662
0.489701
0.493176
0.0593395
0.662
0.662
0.040161
0.103877
0.361301
0.461149
0.267269
0.0897519
0.322344
0.174876
0.617236
0.0160894
0.476944
0.48531
0.662
0.339227
0.292449
0.0808039
0.475171
0.163412
0.5302
0.662
0.0105296
0.470961
0.0290096
0.383312
0.0605555
0.0546487
0.662
0.421704
0.461602
0.0412918
0.278776
0.178749
0.193701
0.662
0.262432
0.375849
0.0903945
0.662
0.0474106
0.406101
0.199121
0.317894
0.101497
0.291507
0.0947751
0.0408795
0.0171482
0.208879
0.273936
0.168035
0.136795
0.662
0.270181
0.662
0.126527
0.0572679
0.479501
0.254026
0.420496
0.220391
0.173107
0.464109
0.188825
0.420886
0.410577
0.100752
0.455237
0.150153
0.370041
0.662
0.0102806
0.443996
0.0156832
0.16047
0.141105
0.37963
0.662
0.662
0.358928
0.200124
0.662
0.662
0.475269
0.395752
0.662
0.247756
0.0734829
0.0359046
0.200395
0.38244
0.452218
0.402492
0.318564
0.118469
0.168535
0.507488
0.662
0.662
0.662
0.201145
0.27618
0.160554
0.245386
0.392241
0.131311
0.112957
0.428986
0.0332074
0.227367
0.0705695
0.444554
0.144702
0.0356408
0.119941
0.272945
0.112508
0.441075
0.19393
0.332611
0.662
0.500466
0.513801
0.489814
0.141082
0.248211
0.205236
0.379707
0.662
0.461289
0.473167
0.018296
0.287192
0.0169332
0.476091
0.378116
0.662
0.00509611
0.214002
0.662
0.279314
0.250167
0.23811
0.08936
0.0607936
0.430802
0.322469
0.162807
0.167084
0.662
0.394917
0.662
0.173332
0.662
0.0989334
0.337308
0.278642
0.662
0.0553445
0.401207
0.662
0.189185
0.211811
0.662
0.662
0.379266
0.495586
0.155528
0.290773
0.266752
0.178072
0.662
0.483772
0.115358
0.273455
0.0186862
0.158569
0.360209
0.662
0.0534024
0.662
0.388852
0.0798232
0.00429734
0.489679
0.0300093
0.207872
0.234718
0.305659
0.370177
0.0994043
0.45661
0.118794
0.662
0.25801
0.0937261
0.415856
0.0959862
0.346601
0.354872
0.662
0.341159
0.662
0.471344
0.662
0.317049
0.662
0.368228
0.283751
0.521508
0.662
0.187769
0.662
0.662
0.0593489
0.413837
0.42971
0.446562
0.430467
0.662
0.392389
0.149588
0.073762
0.300398
0.662
0.431202
0.00562221
0.662
0.239
0.457599
0.662
0.00567651
0.330384
0.47558
0.336676
0.662
0.0598484
0.3974
0.409804
0.276543
0.452349
0.169818
0.0652787
0.400776
0.0561203
0.051086
0.144821
0.327026
0.44568
0.378402
0.662
0.662
0.0863281
0.476747
0.662
0.462186
0.662
0.662
0.662
0.156467
0.449841
0.158741
0.0213959
0.44648
0.526553
0.287282
0.406798
0.242126
0.662
0.662
0.455035
0.102437
0.460358
0.464817
0.392653
0.370543
0.442083
0.453275
0.4675
0.0508726
0.0875465
0.517288
0.662
0.557266
0.450541
0.412921
0.367648
0.262914
0.128589
0.0126111
0.271724
0.201369
0.238197
0.387586
0.0841579
0.411661
0.32192
0.0185048
0.365183
0.453219
0.187245
0.133648
0.133266
0.284031
0.662
0.114477
0.47711
0.662
0.662
0.271456
0.662
0.27116
0.215629
0.117025
0.338822
0.301196
0.383341
0.0290198
0.28503
0.662
0.183343
0.235523
0.4125
0.342883
0.439855
0.0201855
0.261683
0.367774
0.662
0.473977
0.228646
0.458903
0.443352
0.316343
0.228594
0.381491
0.130992
0.253045
0.0262096
0.473062
0.448555
0.344022
0.301086
0.662
0.181192
0.307907
0.662
0.123407
0.417116
0.662
0.282037
0.662
0.437636
0.662
0.28316
0.490168
0.0553416
0.170086
0.13203
0.662
0.368082
0.662
0.465741
0.474554
0.134823
0.0396146
0.109928
0.126307
0.662
0.508216
0.241147
0.0100353
0.426179
0.662
0.39682
0.160928
0.419467
0.430795
0.0147803
0.662
0.398407
0.662
0.106196
0.662
0.39534
0.237692
0.124402
0.203021
0.315905
0.233655
0.662
0.423781
0.472546
0.185531
0.0612767
0.231459
0.662
0.0339514
0.41146
0.662
0.192875
0.295575
0.0700149
0.465393
0.465074
0.382762
0.485193
0.662
0.281977
0.662
0.0348565
0.662
0.0641504
0.352412
0.14949
0.166181
0.662
0.472292
0.474946
0.468498
0.154826
0.662
0.0285153
0.394436
0.115273
0.266927
0.662
0.486398
0.530999
0.324203
0.662
0.064555
0.503838
0.305574
0.258045
0.355511
0.333818
0.184256
0.47715
0.551931
0.286618
0.155925
0.662
0.662
0.662
0.465154
0.493633
0.0914508
0.10724
0.662
0.662
0.187044
0.181845
0.454567
0.527362
0.467659
0.662
0.180802
0.311009
0.20461
0.475117
0.662
0.662
0.662
0.00978573
0.261584
0.474386
0.458905
0.305289
0.108436
0.0717691
0.0242886
0.241497
0.456367
0.0299884
0.0657543
0.354211
0.331764
0.460324
0.43812
0.345674
0.482306
0.662
0.472854
0.17313
0.662
0.37214
0.460731
0.662
0.23882
0.406195
0.374867
0.374385
0.0324961
0.662
0.18813
0.305483
0.17169
0.662
0.235344
0.119501
0.242811
0.445229
0.453126
0.662
0.00921248
0.19162
0.429855
0.662
0.400939
0.271814
0.192134
0.194591
0.301234
0.255903
0.0523342
0.135911
0.662
0.246303
0.418705
0.274765
0.0330798
0.396279
0.203884
0.227409
0.040143
0.662
0.107692
0.508848
0.459332
0.198224
0.356362
0.466787
0.44622
0.494885
0.364999
0.450338
0.367478
0.662
0.457164
0.467458
0.00273373
0.662
0.662
0.513664
0.224371
0.662
0.194985
0.446892
0.396781
0.456704
0.662
0.0275575
0.662
0.662
0.662
0.0193504
0.662
0.264342
0.136933
0.0309773
0.524813
0.439541
0.410003
0.37668
0.464005
0.306986
0.662
0.354746
0.461307
0.463259
0.219384
0.0431862
0.536525
0.662
0.0232038
0.061836
0.127876
0.115146
0.220987
0.437929
0.262545
0.153345
0.145542
0.363206
0.42352
0.662
0.406064
0.278397
0.662
0.120402
0.0232029
0.662
0.450016
0.120418
0.662
0.662
0.0279738
0.471351
0.489338
0.125955
0.114716
0.234124
0.142877
0.0250909
0.466897
0.18433
0.407845
0.439182
0.177106
0.662
0.071014
0.410928
0.0822127
0.0520725
0.231239
0.487778
0.354675
0.132643
0.662
0.0491347
0.662
0.441438
0.481919
0.0849935
0.367383
0.15355
0.662
0.462306
0.0297158
0.662
0.224246
0.121656
0.662
0.662
0.0400972
0.2898
0.662
0.0262903
0.225641
0.662
0.143199
0.136612
0.456376
0.148196
0.371727
0.504352
0.148347
0.45288
0.662
0.425108
0.190061
0.662
0.151023
0.132701
0.450101
0.0435727
0.469859
0.522151
0.0109318
0.136272
0.334276
0.217521
0.26492
0.0630803
0.464491
0.430925
0.662
0.276286
0.232801
0.111134
0.662
0.455208
0.122457
0.358544
0.408848
0.438457
0.662
0.377951
0.22225
0.0783857
0.466198
0.181404
0.412913
0.662
0.398507
0.438358
0.0361419
0.441635
0.662
0.10388
0.364947
0.530782
0.662
0.18467
0.474874
0.294742
0.337166
0.274815
0.662
0.18818
0.662
0.4742
0.140413
0.150534
0.0488125
0.445781
0.0380028
0.662
0.339223
0.34152
0.318289
0.442112
0.662
0.30129
0.662
0.0881007
0.662
0.260626
0.247997
0.662
0.534648
0.256958
0.305928
0.41635
0.153223
0.662
0.0399234
0.461324
0.452568
0.117389
0.662
0.506466
0.662
0.591263
0.372957
0.230018
0.22699
0.172033
0.456076
0.437999
0.42712
0.323162
0.622269
0.662
0.394048
0.467564
0.398324
0.192183
0.495983
0.0448139
0.0618227
0.662
0.662
0.473447
0.442154
0.507499
0.461191
0.662
0.122745
0.0607659
0.662
0.495806
0.203595
0.453749
0.0500301
0.199931
0.476963
0.0577656
0.280887
0.194011
0.365697
0.184384
0.662
0.139885
0.662
0.662
0.158775
0.0307905
0.253989
0.662
0.662
0.662
0.313701
0.416213
0.662
0.473165
0.454843
0.466941
0.115461
0.662
0.201955
0.662
0.472866
0.132257
0.460811
0.138002
0.423894
0.662
0.228118
0.425693
0.457586
0.457677
0.0929067
0.459846
0.48609
0.32495
0.00482081
0.287235
0.184537
0.46753
0.662
0.259722
0.662
0.380215
0.22167
0.0168904
0.247903
0.662
0.215573
0.662
0.00254705
0.0617208
0.16436
0.405627
0.229126
0.159523
0.446992
0.458961
0.0210981
0.491955
0.662
0.662
0.132921
0.662
0.662
0.122182
0.39996
0.662
0.0529594
0.300476
0.0144626
0.364627
0.194954
0.361318
0.383916
0.285508
0.662
0.269942
0.662
0.111142
0.662
0.187618
0.339923
0.016216
0.479461
0.476782
0.197475
0.430976
0.416104
0.390054
0.0984789
0.662
0.531112
0.262537
0.049328
0.384534
0.201328
0.0135852
0.451388
0.348373
0.662
0.662
0.26283
0.0580256
0.190107
0.169251
0.223453
0.662
0.465918
0.111819
0.323274
0.345943
0.662
0.0441532
0.662
0.465723
0.662
0.219811
0.662
0.178681
0.186352
0.278669
0.141259
0.228151
0.254869
0.246969
0.00273446
0.149315
0.11988
0.479355
0.464564
0.495507
0.405723
0.0574658
0.214493
0.662
0.662
0.662
0.0945262
0.46603
0.662
0.249477
0.454783
0.135606
0.399003
0.0336242
0.418812
0.0429194
0.469157
0.174499
0.206309
0.171932
0.0232801
0.1892
0.662
0.0857827
0.424003
0.293646
0.377184
0.662
0.0638226
0.0825687
0.662
0.131088
0.534346
0.662
0.099152
0.662
0.288033
0.604877
0.662
0.172547
0.468853
0.279973
0.473599
0.442418
0.172348
0.530888
0.4708
0.337875
0.403989
0.364026
0.374136
0.186657
0.662
0.662
0.662
0.467301
0.375089
0.294085
0.662
0.662
0.662
0.0306066
0.115916
0.339798
0.275905
0.149521
0.282989
0.451022
0.390073
0.662
0.325896
0.325946
0.000837607
0.479747
0.662
0.537051
0.0679402
0.0812726
0.234731
0.0144586
0.662
0.662
0.381647
0.662
0.373587
0.179438
0.662
0.296331
0.662
0.00934109
0.288566
0.436379
0.348182
0.35047
0.10621
0.175666
0.0418034
0.00146818
0.25561
0.348097
0.509828
0.358906
0.363748
0.0165227
0.662
0.347318
0.662
0.0100237
0.662
0.662
0.0959379
0.662
0.434019
0.219239
0.227248
0.385674
0.463999
0.131746
0.662
0.0748579
0.302483
0.209008
0.198243
0.0858073
0.306321
0.161963
0.662
0.415153
0.662
0.429442
0.107905
0.310479
0.165427
0.0941313
0.150819
0.662
0.662
0.10397
0.220952
0.228449
0.167422
0.450918
0.662
0.504329
0.155223
0.0597439
0.662
0.662
0.488608
0.662
0.140331
0.164806
0.503856
0.339707
0.0166939
0.662
0.0514667
0.662
0.132693
0.662
0.662
0.0525152
0.224983
0.133841
0.0373153
0.487902
0.306951
0.112723
0.662
0.488392
0.177729
0.662
0.135118
0.352038
0.0186317
0.43493
0.277998
0.0838424
0.545867
0.0109517
0.30406
0.244536
0.523798
0.662
0.245463
0.458673
0.302106
0.213582
0.662
0.229091
0.263682
0.513489
0.103173
0.662
0.198028
0.369849
0.0943798
0.273605
0.662
0.255507
0.662
0.181025
0.662
0.662
0.406672
0.208091
0.662
0.662
0.662
0.455518
0.367653
0.662
0.143902
0.0618891
0.43587
0.0314152
0.100622
0.34495
0.285507
0.288112
0.481161
0.183776
0.245715
0.309269
0.392267
0.662
0.0323147
0.476767
0.662
0.0579191
0.662
0.185176
0.187405
0.488387
0.0918444
0.662
0.121224
0.0886647
0.208087
0.123757
0.167662
0.455218
0.26707
0.33032
0.461522
0.111329
0.277089
0.662
0.662
0.436246
0.495388
0.662
0.402992
0.0431481
0.485704
0.461492
0.478569
0.467041
0.662
0.224092
0.662
0.307246
0.662
0.23715
0.151719
0.173406
0.662
0.253164
0.438286
0.253929
0.662
0.551439
0.00316676
0.241116
0.407943
0.662
0.662
0.142883
0.662
0.446678
0.237124
0.12836
0.28172
0.298821
0.662
0.31568
0.285575
0.662
0.0497812
0.0426602
0.662
0.662
0.461717
0.195659
0.184487
0.195575
0.0959377
0.0201784
0.137778
0.143099
0.20974
0.662
0.00157203
0.52541
0.433334
0.662
0.536955
0.25024
0.223577
0.662
0.464939
0.110021
0.0966788
0.118042
0.474892
0.507066
0.662
0.0435625
0.18461
0.0356881
0.662
0.662
0.208844
0.662
0.158808
0.0975498
0.380028
0.662
0.662
0.335669
0.662
0.472065
0.119152
0.210739
0.285212
0.662
0.194681
0.461135
0.114938
0.481415
0.0625334
0.264591
0.456321
0.218495
0.348782
0.662
0.662
0.359082
0.0396839
0.0943787
0.182173
0.662
0.115202
0.662
0.271353
0.476106
0.619756
0.468803
0.262526
0.196518
0.300791
0.476885
0.214056
0.0851852
0.662
0.316721
0.470999
0.662
0.662
0.263242
0.662
0.366461
0.141862
0.360754
0.366361
0.662
0.18591
0.469404
0.129637
0.345227
0.662
0.437388
0.359724
0.454784
0.149139
0.464031
0.40422
0.662
0.212586
0.179231
0.662
0.0587572
0.453587
0.662
0.0288832
0.510241
0.42277
0.383724
0.662
0.662
0.214483
0.465928
0.261615
0.458831
0.449153
0.293452
0.662
0.077882
0.420336
0.157298
0.662
0.455802
0.324862
0.0642527
0.327114
0.064468
0.662
0.662
0.382202
0.0567399
0.379366
0.161114
0.443028
0.119983
0.211895
0.351055
0.0443838
0.662
0.163974
0.662
0.662
0.299756
0.371852
0.441456
0.662
0.290142
0.662
0.373362
0.662
0.662
0.662
0.0655443
0.157657
0.019646
0.662
0.50741
0.662
0.451047
0.662
0.434707
0.0811607
0.156616
0.662
0.347004
0.365267
0.0959703
0.223632
0.662
0.19209
0.0114001
0.156655
0.269102
0.277473
0.0208699
0.434569
0.526717
0.0335528
0.438151
0.0527431
0.662
0.294497
0.00515473
0.262512
0.425013
0.422369
0.388821
0.53205
0.31693
0.159623
0.0282377
0.511254
0.464548
0.510566
0.417214
0.558964
0.168828
0.662
0.662
0.324074
0.254746
0.0917798
0.662
0.662
0.181242
0.159266
0.165444
0.457415
0.662
0.342865
0.441638
0.367355
0.427041
0.662
0.439413
0.025581
0.308379
0.662
0.231508
0.393044
0.258372
0.414505
0.221023
0.14717
0.0993808
0.290054
0.286659
0.459595
0.432387
0.454081
0.662
0.662
0.123403
0.662
0.343311
0.451336
0.217444
0.470298
0.318646
0.662
0.0735014
0.662
0.662
0.662
0.459482
0.105737
0.36447
0.443152
0.662
0.209109
0.103524
0.159443
0.425505
0.373912
0.265743
0.0500897
0.266242
0.124605
0.0324226
0.245814
0.122357
0.303263
0.332313
0.662
0.33953
0.0603243
0.498707
0.295446
0.264759
0.47591
0.662
0.265137
0.385611
0.374846
0.193898
0.310975
0.0575117
0.2139
0.147637
0.0551495
0.662
0.0846343
0.662
0.662
0.662
0.101556
0.385308
0.662
0.060216
0.471867
0.188035
0.0277811
0.212971
0.662
0.662
0.390744
0.0227135
0.662
0.201077
0.13639
0.46306
0.203014
0.662
0.388105
0.0665243
0.113157
0.449919
0.662
0.0670786
0.483981
0.202626
0.367714
0.350595
0.0333621
0.12118
0.496168
0.292179
0.0441114
0.0219081
0.221466
0.662
0.136671
0.409449
0.244983
0.40708
0.515247
0.169168
0.083349
0.39566
0.248708
0.662
0.442918
0.662
0.110717
0.00765391
0.267503
0.449951
0.419689
0.159797
0.176883
0.662
0.518999
0.662
0.226061
0.41633
0.175601
0.133028
0.491741
0.662
0.662
0.397119
0.425147
0.662
0.032027
0.233378
0.21601
0.353202
0.326646
0.162258
0.467762
0.662
0.454882
0.423217
0.662
0.443078
0.435669
0.201287
0.471054
0.28577
0.17784
0.29454
0.250641
0.315852
0.20067
0.662
0.271867
0.248953
0.218954
0.0693405
0.414995
0.442255
0.440873
0.512512
0.252648
0.428476
0.0321484
0.251607
0.50426
0.146219
0.217315
0.185114
0.281756
0.168652
0.462576
0.191623
0.662
0.18071
0.25314
0.358269
0.0284168
0.456679
0.478804
0.662
0.179578
0.0853068
0.662
0.412145
0.531076
0.662
0.315346
0.0897331
0.510028
0.109807
0.188274
0.447857
0.662
0.662
0.662
0.431092
0.0989123
0.494289
0.418184
0.0390396
0.203299
0.329966
0.662
0.0672889
0.477155
0.0718202
0.662
0.339799
0.455776
0.0131447
0.0568046
0.662
0.459388
0.0248688
0.434054
0.146262
0.131584
0.0861063
0.211338
0.0866187
0.662
0.460782
0.0546839
0.36991
0.00701957
0.662
0.412498
0.34079
0.500199
0.662
0.360854
0.130213
0.388373
0.314748
0.662
0.493504
0.662
0.662
0.662
0.299207
0.480401
0.102831
0.247784
0.0496197
0.243872
0.662
0.308622
0.662
0.17835
0.100314
0.110665
0.128163
0.518238
0.225542
0.211575
0.261435
0.12738
0.146799
0.662
0.333948
0.308795
0.313204
0.415814
0.286786
0.279115
0.266192
0.114443
0.456974
0.24051
0.662
0.256086
0.145482
0.280795
0.662
0.442573
0.107005
0.480998
0.380143
0.662
0.403683
0.32527
0.223143
0.156794
0.447022
0.090813
0.202931
0.417339
0.662
0.442893
0.174661
0.662
0.662
0.0581899
0.0139958
0.548005
0.427175
0.109441
0.0735288
0.662
0.107531
0.662
0.662
0.256918
0.0136825
0.367471
0.662
0.0780234
0.0763247
0.19475
0.393488
0.167565
0.493724
0.221935
0.309774
0.261656
0.119308
0.411566
0.411198
0.662
0.240425
0.118164
0.0601605
0.662
0.662
0.0933572
0.198687
0.0453961
0.0770385
0.436712
0.427875
0.607885
0.0278873
0.662
0.662
0.275445
0.165262
0.275493
0.396181
0.452179
0.465842
0.286857
0.343789
0.422641
0.329491
0.173215
0.0756119
0.224862
0.148812
0.523835
0.472993
0.468809
0.311205
0.437682
0.18166
0.662
0.414941
0.662
0.435923
0.523439
0.0695746
0.436308
0.235231
0.662
0.474296
0.0549259
0.0675389
0.353967
0.28612
0.662
0.45066
0.414942
0.433377
0.284297
0.662
0.662
0.239055
0.662
0.662
0.495833
0.333932
0.182789
0.162468
0.434094
0.360673
0.268533
0.0970341
0.662
0.662
0.499171
0.662
0.230034
0.662
0.359402
0.171081
0.0671225
0.402777
0.271406
0.0126521
0.662
0.662
0.219409
0.662
0.135668
0.662
0.427
0.301192
0.469525
0.662
0.491159
0.662
0.538702
0.662
0.448086
0.413594
0.251871
0.456255
0.224974
0.225614
0.423618
0.109468
0.279118
0.0114311
0.454408
0.0863083
0.421521
0.201251
0.662
0.094729
0.502558
0.662
0.0785879
0.00149589
0.161274
0.662
0.467662
0.662
0.00522903
0.143052
0.156149
0.41127
0.484243
0.281443
0.662
0.155125
0.662
0.374617
0.0138925
0.0198717
0.478298
0.315528
0.0125634
0.236436
0.662
0.180084
0.27891
0.135586
0.318148
0.473321
0.320305
0.20497
0.662
0.478998
0.187284
0.0441396
0.407536
0.335495
0.238747
0.662
0.662
0.0400949
0.224899
0.11825
0.104699
0.444749
0.114932
0.122164
0.662
0.319325
0.167165
0.662
0.278598
0.33221
0.0723474
0.00801084
0.168708
0.469099
0.465859
0.275757
0.0434621
0.238494
0.176087
0.012956
0.662
0.0142453
0.408236
0.167579
0.262214
0.312067
0.203438
0.502403
0.662
0.378841
0.438682
0.481153
0.263307
0.662
0.662
0.324294
0.125928
0.509205
0.231407
0.0969643
0.43922
0.662
0.43201
0.319881
0.662
0.127625
0.307691
0.463025
0.471319
0.328266
0.278607
0.502579
0.662
0.00964067
0.372826
0.306217
0.41097
0.662
0.415022
0.424611
0.662
0.104781
0.375529
0.207469
0.662
0.0538766
0.662
0.217783
0.662
0.662
0.0274763
0.331214
0.509707
0.548914
0.467141
0.166214
0.436838
0.404712
0.092841
0.662
0.548099
0.211743
0.199734
0.408276
0.0371622
0.521219
0.243886
0.407748
0.204461
0.0559527
0.293856
0.662
0.0316083
0.0850888
0.0255173
0.0401335
0.0857878
0.252953
0.316825
0.662
0.0449503
0.483722
0.123129
0.243672
0.317828
0.238783
0.111194
0.0650399
0.662
0.0875707
0.662
0.662
0.19054
0.429293
0.492556
0.373618
0.662
0.157992
0.242648
0.524686
0.492978
0.0204288
0.242521
0.366836
0.402027
0.320304
0.450507
0.108812
0.345498
0.471162
0.0679918
0.476026
0.149306
0.102763
0.135901
0.291248
0.142718
0.662
0.0262622
0.662
0.480005
0.0713438
0.0749657
0.0470052
0.157862
0.0741191
0.335147
0.134121
0.349618
0.662
0.0913166
0.0692332
0.365367
0.443856
0.466573
0.662
0.026841
0.4745
0.249398
0.0839142
0.375919
0.473248
0.662
0.662
0.25227
0.662
0.189825
0.163465
0.476938
0.539369
0.386146
0.144791
0.549602
0.474962
0.109902
0.662
0.491971
0.662
0.135801
0.419859
0.456152
0.429639
0.0332031
0.0726276
0.196209
0.662
0.199527
0.662
0.662
0.328001
0.34499
0.244367
0.484355
0.241692
0.4664
0.494515
0.662
0.662
0.523087
0.41186
0.174768
0.0919902
0.364025
0.154792
0.332037
0.375878
0.451338
0.662
0.10423
0.324713
0.0934025
0.235466
0.452335
0.283433
0.662
0.446518
0.361004
0.0181337
0.168609
0.260001
0.197016
0.185969
0.662
0.0529993
0.304659
0.106827
0.662
0.160061
0.301042
0.662
0.662
0.662
0.0412858
0.443747
0.399499
0.213969
0.453881
0.251882
0.0768315
0.455022
0.105926
0.349109
0.136463
0.662
0.384469
0.176468
0.442819
0.369239
0.0672432
0.662
0.199671
0.41906
0.264307
0.662
0.0750413
0.293916
0.256107
0.355446
0.059588
0.419528
0.404548
0.24525
0.0480015
0.197921
0.174511
0.211578
0.662
0.401759
0.378022
0.302832
0.368576
0.662
0.302355
0.556912
0.477211
0.125754
0.299719
0.186088
0.442146
0.662
0.152164
0.0241348
0.281408
0.148764
0.662
0.662
0.662
0.228683
0.493437
0.186995
0.291746
0.182101
0.662
0.368171
0.33949
0.111247
0.662
0.0465303
0.299212
0.443899
0.214939
0.0710384
0.662
0.072287
0.0978351
0.449467
0.17302
0.662
0.234386
0.662
0.662
0.373077
0.662
0.450743
0.00843731
0.19222
0.234154
0.0573032
0.154075
0.332726
0.441646
0.662
0.398072
0.162353
0.214688
0.436361
0.662
0.452973
0.157853
0.349294
0.191544
0.662
0.283175
0.662
0.0727188
0.516503
0.109201
0.188421
0.0151124
0.340968
0.404112
0.498216
0.662
0.469357
0.208648
0.289095
0.204948
0.662
0.112073
0.438286
0.662
0.662
0.0990477
0.662
0.126658
0.28834
0.0404549
0.444489
0.303021
0.662
0.207832
0.125221
0.662
0.28105
0.662
0.545291
0.478741
0.662
0.496997
0.0285652
0.662
0.234007
0.0692928
0.662
0.451351
0.662
0.411467
0.662
0.237413
0.315355
0.446894
0.0117714
0.458057
0.303205
0.662
0.515523
0.33334
0.128702
0.338426
0.356911
0.191954
0.347058
0.264546
0.495383
0.426937
0.473092
0.662
0.466826
0.662
0.542597
0.00340117
0.395146
0.132376
0.25733
0.539825
0.0542878
0.362792
0.662
0.142164
0.154278
0.430716
0.251227
0.426291
0.462101
0.295838
0.28224
0.662
0.662
0.183203
0.422209
0.400931
0.477963
0.250807
0.0106169
0.428638
0.662
0.474833
0.662
0.434003
0.41157
0.1531
0.187595
0.0510859
0.364128
0.042824
0.662
0.0538242
0.225414
0.248173
0.142335
0.0931084
0.0478355
0.251161
0.47632
0.406916
0.0195249
0.662
0.0452381
0.662
0.525792
0.19856
0.662
0.662
0.662
0.0432952
0.419567
0.403312
0.304681
0.662
0.662
0.296923
0.662
0.0064255
0.454849
0.0280623
0.436892
0.141079
0.263546
0.463269
0.485566
0.662
0.538245
0.662
0.458369
0.662
0.171991
0.662
0.579913
0.41501
0.401389
0.0863747
0.383077
0.35749
0.662
0.205119
0.662
0.422027
0.194222
0.0955808
0.22387
0.517694
0.233073
0.4616
0.316392
0.116567
0.0534134
0.662
0.662
0.0517045
0.160077
0.232888
0.52827
0.0767218
0.499753
0.662
0.469364
0.527685
0.441145
0.0860245
0.432024
0.140465
0.0741112
0.662
0.384292
0.104847
0.164892
0.14928
0.0268495
0.376278
0.19339
0.281977
0.19894
0.357334
0.662
0.120655
0.662
0.477853
0.662
0.404384
0.246001
0.199761
0.441605
0.329832
0.511815
0.433933
0.290831
0.397641
0.251203
0.41574
0.662
0.177347
0.0474791
0.150531
0.194964
0.474441
0.205932
0.662
0.662
0.662
0.0786421
0.0223254
0.442659
0.00536038
0.428071
0.123917
0.0454592
0.662
0.0792431
0.199475
0.0941271
0.23335
0.662
0.448056
0.472614
0.662
0.0316347
0.406293
0.426953
0.211612
0.185534
0.498227
0.444705
0.449046
0.437088
0.20235
0.0424317
0.194507
0.40774
0.0100398
0.0426379
0.662
0.0302737
0.662
0.00146867
0.662
0.0980532
0.422753
0.291048
0.662
0.662
0.183776
0.439676
0.456958
0.662
0.188331
0.459562
0.170749
0.253512
0.430605
0.662
0.472747
0.0646033
0.188428
0.662
0.523208
0.3505
0.142591
0.662
0.46637
0.662
0.41089
0.103504
0.0749715
0.00361084
0.250322
0.139536
0.412975
0.662
0.184918
0.127013
0.402829
0.203007
0.486862
0.105044
0.161778
0.469255
0.662
0.43366
0.185664
0.449811
0.387682
0.398501
0.303029
0.433879
0.102444
0.662
0.662
0.309725
0.246892
0.0567021
0.47206
0.250826
0.0542409
0.662
0.171153
0.333095
0.662
0.662
0.662
0.662
0.445541
0.185405
0.662
0.181373
0.662
0.153045
0.265334
0.662
0.662
0.224448
0.662
0.452346
0.082772
0.0638121
0.450555
0.662
0.34405
0.476769
0.662
0.192908
0.420069
0.119497
0.0403272
0.662
0.0931897
0.510456
0.472327
0.432615
0.42421
0.034099
0.0517363
0.112859
0.433593
0.0365125
0.163022
0.159939
0.0202182
0.662
0.150258
0.206947
0.496493
0.426303
0.046007
0.236066
0.362198
0.662
0.344297
0.299954
0.189971
0.267354
0.105375
0.662
0.662
0.226056
0.043097
0.402993
0.462419
0.158631
0.406914
0.662
0.0543487
0.499846
0.43035
0.662
0.400959
0.117796
0.393651
0.207868
0.0301234
0.0770226
0.662
0.46104
0.433777
0.447029
0.662
0.167619
0.662
0.662
0.46653
0.662
0.350965
0.241462
0.049597
0.526249
0.403374
0.662
0.662
0.662
0.279223
0.662
0.402183
0.662
0.662
0.662
0.386757
0.114101
0.394189
0.483489
0.466787
0.422185
0.117991
0.0176108
0.460209
0.0647054
0.195458
0.384866
0.662
0.467862
0.262319
0.051195
0.662
0.435549
0.341947
0.381987
0.487694
0.0737222
0.662
0.426843
0.0107494
0.101925
0.556506
0.370592
0.293731
0.267474
0.225527
0.0232635
0.169061
0.0640472
0.432807
0.662
0.430934
0.216148
0.3813
0.116661
0.305983
0.0150912
0.662
0.662
0.411287
0.230822
0.497744
0.215179
0.662
0.476593
0.0237161
0.358591
0.0450147
0.0255182
0.0204028
0.0853431
0.662
0.298673
0.339569
0.282844
0.523249
0.312631
0.451144
0.425765
0.662
0.662
0.131845
0.168451
0.390988
0.311599
0.0198761
0.475149
0.555126
0.316332
0.662
0.218827
0.00748441
0.486894
0.219446
0.347412
0.205033
0.4703
0.410343
0.480295
0.151942
0.662
0.662
0.494957
0.460463
0.536568
0.044848
0.0963735
0.297149
0.0414664
0.662
0.116178
0.0444449
0.0921954
0.492794
0.51652
0.467785
0.662
0.326626
0.191927
0.331014
0.662
0.23557
0.142221
0.214824
0.317154
0.120428
0.533869
0.263076
0.058199
0.176201
0.253421
0.079944
0.414865
0.472516
0.315103
0.341097
0.662
0.662
0.328978
0.177345
0.298846
0.178608
0.662
0.186209
0.662
0.662
0.119828
0.662
0.248993
0.0567449
0.662
0.464177
0.323298
0.109374
0.341728
0.124258
0.0700286
0.253742
0.34878
0.662
0.441785
0.472788
0.432761
0.662
0.211519
0.130768
0.371875
0.239385
0.443666
0.662
0.662
0.390711
0.208358
0.0163843
0.662
0.0925998
0.0762606
0.0633887
0.132621
0.242071
0.104002
0.317629
0.384089
0.409478
0.389597
0.0120397
0.461801
0.508739
0.0706568
0.275918
0.495035
0.405145
0.28147
0.662
0.0968481
0.420002
0.0273907
0.393872
0.398746
0.662
0.448156
0.338855
0.340513
0.315421
0.395488
0.234089
0.265194
0.113345
0.111589
0.0959961
0.266585
0.06697
0.0345533
0.356419
0.662
0.662
0.235908
0.0487094
0.151876
0.0405172
0.191379
0.662
0.0676467
0.129568
0.33455
0.181365
0.0969604
0.10748
0.47969
0.662
0.391526
0.662
0.662
0.404261
0.185668
0.275164
0.476117
0.0107877
0.662
0.427949
0.345144
0.662
0.662
0.266213
0.662
0.0369761
0.37135
0.243307
0.506557
0.034664
0.407157
0.662
0.453971
0.1679
0.134305
0.662
0.466861
0.329513
0.172935
0.542125
0.23909
0.466105
0.031012
0.278276
0.662
0.273605
0.332459
0.100239
0.469845
0.0318098
0.662
0.0557561
0.0744498
0.117457
0.662
0.156532
0.195881
0.3813
0.01551
0.0843559
0.162535
0.0497397
0.270809
0.453391
0.137176
0.223133
0.662
0.662
0.225216
0.164059
0.341109
0.0875167
0.133309
0.464322
0.0945591
0.662
0.0776885
0.662
0.440856
0.472293
0.452823
0.162149
0.662
0.0484661
0.124798
0.412281
0.540242
0.24849
0.308482
0.409913
0.662
0.475557
0.427934
0.324235
0.662
0.0620479
0.228979
0.238805
0.103899
0.477054
0.0151756
0.160681
0.358116
0.188393
0.28947
0.090912
0.365938
0.662
0.171429
0.453549
0.468901
0.226597
0.662
0.496344
0.194127
0.662
0.335911
0.359209
0.0479719
0.00136594
0.662
0.662
0.0845763
0.133282
0.0829936
0.441017
0.140118
0.44299
0.440144
0.440647
0.524897
0.366255
0.400494
0.465801
0.518787
0.096329
0.167159
0.662
0.343816
0.662
0.26284
0.662
0.662
0.662
0.481892
0.377281
0.201879
0.662
0.220766
0.2275
0.662
0.450441
0.514276
0.662
0.473621
0.579685
0.475772
0.662
0.483033
0.0300321
0.128532
0.662
0.385046
0.372243
0.173964
0.662
0.0574417
0.454252
0.399293
0.14989
0.468414
0.244907
0.0403043
0.662
0.459002
0.662
0.662
0.662
0.447743
0.164832
0.662
0.443506
0.662
0.359278
0.39151
0.412826
0.178899
0.0554501
0.507032
0.662
0.616758
0.446968
0.154199
0.310734
0.170162
0.110526
0.00293622
0.341433
0.152201
0.45676
0.0234627
0.0177998
0.0989758
0.161965
0.18758
0.202565
0.448866
0.441203
0.121727
0.662
0.167964
0.662
0.662
0.391604
0.178985
0.35395
0.662
0.662
0.049447
0.0825034
0.185608
0.662
0.28045
0.127773
0.662
0.428344
0.662
0.221159
0.0902963
0.348927
0.456067
0.198367
0.427643
0.0692228
0.0187594
0.662
0.662
0.662
0.451836
0.444679
0.0723174
0.662
0.22444
0.179662
0.364579
0.455426
0.113308
0.355957
0.652156
0.0540646
0.474924
0.249095
0.662
0.287511
0.154605
0.161405
0.470768
0.209815
0.326388
0.248064
0.441775
0.284942
0.360109
0.570911
0.662
0.16751
0.00857809
0.155891
0.0274056
0.227797
0.662
0.121171
0.0748331
0.0724936
0.511765
0.132183
0.388431
0.249398
0.129599
0.662
0.121079
0.0181167
0.145607
0.437136
0.662
0.143046
0.662
0.662
0.662
0.432656
0.662
0.128744
0.117797
0.662
0.310999
0.323865
0.270399
0.446622
0.662
0.4217
0.457753
0.662
0.0342469
0.662
0.364865
0.472784
0.391462
0.0423626
0.0592937
0.565481
0.662
0.0802746
0.065212
0.509592
0.00757402
0.0165663
0.662
0.301095
0.662
0.0362958
0.662
0.469152
0.337297
0.662
0.662
0.662
0.379094
0.425956
0.131058
0.360538
0.286859
0.36197
0.286504
0.662
0.0503125
0.429007
0.0411862
0.437923
0.304486
0.451021
0.268375
0.662
0.489426
0.155402
0.0252017
0.427892
0.303521
0.416925
0.662
0.662
0.461345
0.662
0.662
0.662
0.662
0.662
0.155352
0.0391982
0.523957
0.662
0.272418
0.264296
0.24609
0.662
0.264615
0.0746666
0.460141
0.219803
0.662
0.567509
0.0934033
0.0827019
0.459563
0.165861
0.662
0.0418419
0.324219
0.662
0.662
0.48499
0.662
0.416438
0.244914
0.662
0.0565822
0.0892078
0.109766
0.435982
0.1822
0.011737
0.0492562
0.148126
0.374424
0.0410305
0.255747
0.109454
0.662
0.0563577
0.662
0.662
0.662
0.47745
0.467349
0.425901
0.452464
0.307048
0.662
0.136446
0.463733
0.0710898
0.0972447
0.662
0.306792
0.23304
0.662
0.173084
0.662
0.434749
0.662
0.523822
0.662
0.17528
0.662
0.461265
0.662
0.183105
0.383959
0.662
0.353289
0.280203
0.167669
0.662
0.662
0.662
0.159578
0.309521
0.108002
0.0851131
0.466047
0.180946
0.425465
0.0666372
0.225197
0.662
0.662
0.339257
0.662
0.154571
0.305805
0.394535
0.662
0.0202965
0.119267
0.224406
0.377874
0.662
0.206313
0.37738
0.234005
0.0385174
0.440659
0.285124
0.285985
0.0406419
0.662
0.662
0.00614375
0.662
0.427914
0.662
0.134229
0.364014
0.409889
0.0458269
0.193323
0.26836
0.0301597
0.268269
0.241654
0.291839
0.539376
0.179237
0.296697
0.662
0.414402
0.336886
0.460066
0.482621
0.662
0.45499
0.118205
0.475984
0.0371649
0.449395
0.662
0.312142
0.109206
0.375593
0.14012
0.241132
0.662
0.20422
0.464454
0.153318
0.226156
0.409534
0.26318
0.109298
0.429123
0.167634
0.662
0.29419
0.409871
0.662
0.662
0.662
0.177515
0.662
0.327509
0.105644
0.271676
0.662
0.13158
0.662
0.403225
0.192702
0.159741
0.342625
0.397622
0.662
0.662
0.0309947
0.188766
0.0397008
0.534393
0.662
0.221026
0.111616
0.243831
0.662
0.502345
0.197079
0.47661
0.124778
0.505565
0.448282
0.469568
0.00257814
0.0546504
0.0375669
0.285588
0.227203
0.469096
0.0543008
0.662
0.326929
0.462477
0.079108
0.209627
0.662
0.193241
0.0902133
0.0862891
0.662
0.0144406
0.213751
0.407962
0.413226
0.491509
0.397135
0.662
0.43212
0.0216319
0.157858
0.315323
0.484644
0.087816
0.374974
0.235677
0.0726094
0.138346
0.434996
0.471632
0.662
0.461175
0.0125008
0.662
0.0897561
0.0869973
0.383216
0.408643
0.181331
0.662
0.662
0.13836
0.232994
0.0834594
0.344404
0.662
0.411141
0.448201
0.155563
0.00348908
0.436056
0.662
0.276732
0.29031
0.230541
0.0822516
0.400523
0.475789
0.0126788
0.266681
0.219365
0.48729
0.662
0.662
0.00298533
0.182837
0.0399639
0.106901
0.280904
0.162954
0.662
0.433399
0.0754056
0.285621
0.561229
0.212631
0.662
0.403135
0.662
0.111805
0.371837
0.240372
0.247773
0.17366
0.0986056
0.132072
0.662
0.107197
0.153634
0.0660235
0.0538134
0.289297
0.474455
0.224204
0.205616
0.515597
0.330045
0.21315
0.277028
0.125477
0.662
0.195325
0.662
0.662
0.122928
0.281172
0.662
0.662
0.188318
0.662
0.0780288
0.0674785
0.150529
0.109806
0.540179
0.662
0.25882
0.448226
0.107525
0.23486
0.35087
0.358879
0.433623
0.293718
0.0346806
0.144206
0.254703
0.254686
0.0243176
0.301521
0.311355
0.662
0.662
0.430825
0.662
0.662
0.456964
0.372792
0.393917
0.407277
0.171965
0.542212
0.662
0.662
0.166496
0.428937
0.467284
0.662
0.662
0.662
0.298599
0.490985
0.280915
0.0418242
0.293012
0.420339
0.662
0.306369
0.273304
0.662
0.662
0.172809
0.384492
0.662
0.189483
0.662
0.0207728
0.662
0.662
0.157991
0.37733
0.662
0.24532
0.433371
0.662
0.662
0.0990491
0.562644
0.209036
0.401597
0.0926068
0.196966
0.662
0.291251
0.662
0.351702
0.23592
0.164291
0.173893
0.456751
0.164709
0.0976783
0.452122
0.338458
0.371241
0.662
0.351289
0.0718255
0.403231
0.662
0.0403489
0.109939
0.662
0.227502
0.662
0.340114
0.00737039
0.248526
0.308762
0.522976
0.0118181
0.350034
0.145195
0.396894
0.111959
0.4177
0.0951949
0.0158065
0.38941
0.302996
0.584445
0.422116
0.0397653
0.662
0.662
0.0895271
0.328566
0.662
0.41412
0.329157
0.662
0.147816
0.662
0.428284
0.224843
0.374794
0.662
0.463797
0.450418
0.330576
0.447189
0.662
0.530192
0.147629
0.12714
0.662
0.433401
0.0648345
