0.0595
0.0595
0.0595
0.0595
0.0595
0.0595
0.0595
0.0595
0.0595
0.0595
0.0595
0.0595
0.0595
0.0595
0.0595
0.0595
0.0595
0.0595
0.0595
0.0595
0.0595
0.0595
0.0595
0.0595
0.0595
0.0595
0.0595
0.0595
0.0595
0.0595
0.0595
0.0595
0.0595
0.0595
0.0595
0.0572608
0.0595
0.0595
0.0595
0.0595
0.0595
0.0595
0.0595
0.0595
0.0595
0.0595
0.0595
0.0595
0.0595
0.0595
0.0595
0.0595
0.0595
0.0595
0.0595
0.0595
0.0595
0.0595
0.0595
0.0595
0.0595
0.0595
0.049666
0.0595
0.0595
0.0595
0.0595
0.0595
0.0595
0.0595
0.0595
0.0595
0.0539406
0.0595
0.0595
0.0595
0.0595
0.0595
0.0595
0.0595
0.0595
0.0595
0.0595
0.0595
0.0595
0.0595
0.0595
0.0595
0.0595
0.0595
0.0595
0.0595
0.0595
0.0595
0.0595
0.0595
0.0595
0.0595
0.0595
0.0595
0.0595
0.0595
0.0595
0.0595
0.0595
0.0595
0.0565807
0.0595
0.0595
0.0595
0.0595
0.0595
0.0595
0.0595
0.0595
0.0595
0.0595
0.0595
0.0595
0.0595
0.0595
0.0595
0.0595
0.0595
0.0595
0.0595
0.0595
0.0595
0.0595
0.0595
0.0595
0.0595
0.0496884
0.0595
0.0595
0.0595
0.0595
0.0595
0.0595
0.0595
0.0595
0.0595
0.0595
0.0595
0.0595
0.0595
0.0595
0.0595
0.0595
0.0595
0.0595
0.0595
0.0595
0.0595
0.0595
0.0595
0.0595
0.0595
0.0595
0.0595
0.0595
0.0595
0.0496884
0.0595
0.0595
0.0595
0.0595
0.0595
0.0595
0.0595
0.0595
0.0595
0.0595
0.0595
0.0595
0.0595
0.0595
0.0595
0.0595
0.00825724
0.0573437
0.0595
0.0578688
0.0595
0.0595
0.0595
0.0595
0.0595
0.0595
0.0595
0.0595
0.0595
0.0595
0.0595
0.0595
0.0595
0.0595
0.0595
0.0595
0.0595
0.0595
0.0595
0.0595
0.0595
0.0595
0.0595
0.0595
0.0595
0.0595
0.0595
0.0595
0.0595
0.0595
0.0595
0.0595
0.0595
0.0106067
0.0595
0.0595
0.0581938
0.0595
0.0595
0.0595
0.0595
0.0595
0.0595
0.0595
0.0595
0.0595
0.0595
0.0595
0.0595
0.0595
0.0496558
0.0595
0.0595
0.0595
0.0595
0.0553808
0.0595
0.0595
0.0595
0.0595
0.0595
0.0595
0.0595
0.0595
0.0595
0.0595
0.0595
0.0595
0.0595
0.0595
0.0595
0.0593705
0.0595
0.0595
0.0595
0.010562
0.0595
0.057733
0.0595
0.0595
0.0595
0.0595
0.0595
0.0595
0.0595
0.0595
0.0595
0.0595
0.0595
0.0566958
0.0595
0.0595
0.0595
0.0595
0.0595
0.0595
0.0595
0.0595
0.0595
0.0595
0.0572215
0.0595
0.0575523
0.0595
0.0595
0.0595
0.0595
0.0567449
0.0595
0.0595
0.0550043
0.0595
0.0595
0.0493034
0.0582001
0.052618
0.0595
0.0595
0.0595
0.0595
0.0559366
0.0595
0.0595
0.0492342
0.0595
0.0595
0.0595
0.0595
0.0595
0.0595
0.0595
0.0595
0.0595
0.0595
0.0595
0.0595
0.0595
0.0589158
0.0595
0.0595
0.0595
0.0595
0.0565958
0.0595
0.0595
0.0595
0.0595
0.0595
0.0595
0.0595
0.0595
0.0595
0.0595
0.0595
0.0595
0.0595
0.0595
0.0532801
0.0595
0.0595
0.0595
0.0595
0.0595
0.0595
0.0537211
0.0595
0.0595
0.0595
0.0595
0.0595
0.0595
0.0499237
0.0595
0.0595
0.0595
0.0595
0.0595
0.0595
0.0595
0.0595
0.0595
0.0595
0.0595
0.0595
0.0595
0.0595
0.0595
0.0595
0.0595
0.0595
0.0595
0.0595
0.0595
0.0595
0.0595
0.0595
0.0595
0.0595
0.0595
0.0595
0.0595
0.0595
0.0502023
0.0595
0.0595
0.0595
0.0595
0.0595
0.0595
0.0595
0.0595
0.0595
0.0595
0.0498921
0.0595
0.0567331
0.0595
0.0595
0.0595
0.0595
0.0595
0.0595
0.0595
0.0595
0.0595
0.0131193
0.0595
0.0595
0.0595
0.0595
0.0595
0.0595
0.0595
0.0595
0.0595
0.0595
0.0595
0.0595
0.0595
0.0595
0.0595
0.0595
0.0595
0.0595
0.0595
0.0595
0.0595
0.0595
0.0595
0.0595
0.0595
0.0595
0.0595
0.0595
0.0595
0.0595
0.0595
0.0595
0.0595
0.0595
0.0595
0.0595
0.0595
0.0595
0.0595
0.0595
0.0595
0.0595
0.0595
0.0595
0.0489939
0.0595
0.0595
0.0595
0.0595
0.0595
0.0595
0.0595
0.0595
0.0595
0.0595
0.0595
0.0595
0.0595
0.0595
0.0595
0.0595
0.0595
0.0595
0.0595
0.0595
0.0496558
0.0083037
0.0595
0.0595
0.0595
0.0595
0.0595
0.0595
0.0595
0.0551883
0.0595
0.0595
0.0513982
0.0595
0.0595
0.0595
0.0595
0.0595
0.0595
0.0595
0.0595
0.0595
0.0595
0.0595
0.0595
0.00859896
0.00272311
0.0595
0.0595
0.0595
0.0595
0.0595
0.0595
0.0595
0.0595
0.0595
0.0595
0.0595
0.0595
0.0595
0.0595
0.0595
0.0595
0.0469258
0.0595
0.0595
0.0595
0.0595
0.0524684
0.0595
0.0595
0.0488705
0.0595
0.0595
0.0595
0.0595
0.0595
0.0595
0.0595
0.0595
0.0595
0.0595
0.0595
0.0595
0.0595
0.0595
0.0595
0.0595
0.0595
0.0595
0.0595
0.0595
0.0595
0.0595
0.0595
0.0595
0.0595
0.0595
0.0595
0.0595
0.0595
0.0595
0.0595
0.0595
0.0595
0.0595
0.0595
0.0595
0.0595
0.0595
0.0595
0.0595
0.0595
0.0595
0.0595
0.0595
0.0595
0.0595
0.0595
0.0595
0.0595
0.0595
0.0595
0.0595
0.0595
0.0595
0.0595
0.0595
0.0109672
0.0595
0.0595
0.0595
0.0595
0.0595
0.0595
0.0595
0.0595
0.0595
0.0580118
0.0595
0.0595
0.0595
0.0595
0.0595
0.0595
0.0595
0.0595
0.0595
0.0595
0.0595
0.0595
0.0595
0.0595
0.0595
0.048558
0.0595
0.0595
0.0595
0.0595
0.0595
0.0595
0.0595
0.0546527
0.0595
0.0595
0.0595
0.0595
0.0595
0.0595
0.0595
0.0595
0.0595
0.0595
0.0595
0.0595
0.0595
0.0595
0.0595
0.0595
0.0595
0.0595
0.0595
0.0139493
0.0595
0.0595
0.0595
0.0566012
0.0595
0.0595
0.0595
0.0595
0.0595
0.0572186
0.0595
0.0595
0.0595
0.0595
0.0595
0.0595
0.0595
0.0595
0.0595
0.0595
0.0595
0.0595
0.0595
0.0595
0.0595
0.0595
0.0595
0.0595
0.0595
0.0595
0.0595
0.0595
0.0595
0.0595
0.0595
0.0595
0.0595
0.0485023
0.0595
0.0595
0.0595
0.0595
0.0595
0.0595
0.0595
0.0595
0.0595
0.0595
0.0595
0.0595
0.0595
0.0595
0.0595
0.0595
0.0595
0.0595
0.0595
0.0595
0.0595
0.0595
0.0595
0.0595
0.0595
0.0595
0.0595
0.0595
0.0595
0.0484058
0.0595
0.00640905
0.0595
0.0595
0.0595
0.0595
0.0595
0.0595
0.0595
0.0595
0.0439337
0.0595
0.0595
0.0595
0.0595
0.0595
0.0595
0.0595
0.0595
0.0595
0.0595
0.0595
0.0595
0.0595
0.0595
0.0595
0.0595
0.0595
0.0595
0.0595
0.0595
0.0595
0.0595
0.0595
0.0595
0.0595
0.0595
0.0595
0.0595
0.0595
0.0595
0.0595
0.0105135
0.0595
0.0595
0.0595
0.0595
0.0595
0.0595
0.0595
0.0595
0.0595
0.0595
0.0595
0.0595
0.0595
0.0595
0.0595
0.0595
0.0595
0.0595
0.0595
0.0595
0.0107815
0.0595
0.0595
0.0595
0.0595
0.0595
0.0493713
0.0595
0.0489276
0.0595
0.0595
0.0595
0.0595
0.0595
0.0595
0.0595
0.0595
0.0595
0.0595
0.0595
0.0595
0.0595
0.0595
0.0595
0.0559038
0.0595
0.0595
0.0595
0.0595
0.0595
0.0595
0.0595
0.0595
0.0595
0.0595
0.0595
0.0595
0.0595
0.0110387
0.0595
0.0595
0.0595
0.0595
0.0595
0.0595
0.0595
0.0595
0.0595
0.0595
0.0595
0.0595
0.0595
0.0595
0.0595
0.0595
0.0595
0.0595
0.0588111
0.0595
0.0595
0.0595
0.0595
0.0595
0.0595
0.0595
0.0595
0.0560731
0.0595
0.0595
0.0595
0.0595
0.0595
0.0595
0.0595
0.0595
0.048558
0.0595
0.0595
0.0595
0.0595
0.0595
0.0595
0.0595
0.0595
0.0595
0.0595
0.0595
0.0595
0.0595
0.0595
0.0595
0.0595
0.0595
0.0595
0.0575235
0.0595
0.0496884
0.0595
0.0459267
0.0595
0.0595
0.0595
0.0595
0.0595
0.0595
0.0483747
0.0595
0.0595
0.0595
0.0595
0.0595
0.0565124
0.0595
0.0595
0.0595
0.0595
0.0595
0.0595
0.0483329
0.0595
0.0490201
0.0595
0.0595
0.0595
0.0595
0.0595
0.0595
0.0595
0.0595
0.0595
0.0595
0.0595
0.0595
0.0595
0.0595
0.0595
0.0595
0.0595
0.0595
0.0595
0.0595
0.0595
0.0595
0.0595
0.0595
0.0595
0.0593188
0.0595
0.0595
0.0595
0.0595
0.0595
0.0595
0.0595
0.0595
0.0595
0.0595
0.0595
0.0595
0.0595
0.0595
0.0595
0.0595
0.0595
0.0595
0.0538653
0.0595
0.0595
0.0595
0.00998076
0.0595
0.0595
0.0595
0.0545516
0.0595
0.0595
0.0595
0.0595
0.0595
0.0595
0.0595
0.0595
0.0595
0.0595
0.0595
0.0595
0.0595
0.0595
0.0595
0.0595
0.0595
0.0595
0.0595
0.0595
0.0595
0.0595
0.0595
0.0595
0.0490223
0.0595
0.0595
0.0595
0.0595
0.0595
0.0595
0.0595
0.0595
0.0595
0.0595
0.0595
0.0595
0.0595
0.0496884
0.0595
0.0595
0.0595
0.0595
0.0595
0.0558543
0.0595
0.0595
0.0595
0.0595
0.0595
0.0595
0.0578029
0.0595
0.0595
0.0595
0.0595
0.0595
0.0595
0.0595
0.0595
0.0595
0.0445417
0.0595
0.0595
0.0595
0.0595
0.0521269
0.0595
0.0595
0.0595
0.0595
0.0595
0.0595
0.0595
0.0595
0.0595
0.0595
0.0595
0.0595
0.0595
0.0595
0.0595
0.0595
0.0595
0.0595
0.0546308
0.0595
0.0595
0.0595
0.0499242
0.0595
0.0595
0.0595
0.0595
0.0595
0.0595
0.0595
0.0595
0.0595
0.0595
0.0595
0.0595
0.0595
0.0595
0.0595
0.0595
0.0595
0.0595
0.0595
0.0595
0.0595
0.0595
0.0595
0.0595
0.0595
0.0595
0.0595
0.0595
0.0595
0.0595
0.0595
0.0595
0.0595
0.0595
0.0595
0.0595
0.0595
0.0595
0.0505423
0.0595
0.0595
0.0595
0.0595
0.0595
0.0595
0.0595
0.0512545
0.0595
0.0595
0.0595
0.0595
0.0595
0.0595
0.0512418
0.0595
0.0595
0.0595
0.0595
0.0562956
0.0595
0.0595
0.0595
0.0595
0.0515862
0.0595
0.0595
0.0595
0.0595
0.0595
0.0595
0.0595
0.0595
0.0595
0.0595
0.048558
0.0595
0.0595
0.0595
0.0595
0.0595
0.0595
0.0595
0.0595
0.0595
0.0595
0.0595
0.0595
0.0595
0.0595
0.00219161
0.0595
0.0595
0.0595
0.0595
0.0595
0.0595
0.0595
0.0595
0.0595
0.0595
0.0595
0.0595
0.0595
0.0486568
0.0595
0.0595
0.0595
0.0595
0.0523041
0.0595
0.0595
0.0595
0.0595
0.0595
0.0491121
0.0595
0.0595
0.0595
0.0519974
0.0595
0.0595
0.0595
0.0595
0.0595
0.0595
0.0595
0.0595
0.0595
0.0595
0.0595
0.0595
0.04364
0.0595
0.0595
0.0595
0.0595
0.0595
0.0595
0.0595
0.0595
0.0595
0.0595
0.0595
0.0595
0.0595
0.0595
0.0595
0.0595
0.0595
0.0595
0.0595
0.0595
0.0595
0.0559056
0.0595
0.0595
0.0595
0.0595
0.0595
0.0595
0.0595
0.0595
0.0595
0.0595
0.0595
0.0595
0.0595
0.0595
0.0595
0.0595
0.0595
0.0595
0.0595
0.0595
0.0595
0.0595
0.0595
0.0595
0.0485913
0.0488603
0.0595
0.0595
0.0595
0.0595
0.0595
0.0595
0.0595
0.0595
0.0595
0.0595
0.0595
0.0595
0.0595
0.0595
0.0595
0.0507731
0.0595
0.0595
0.0595
0.0595
0.0595
0.0595
0.0595
0.0595
0.0595
0.0595
0.0595
0.0595
0.0595
0.0595
0.0595
0.0595
0.0494251
0.0595
0.0595
0.0595
0.0595
0.0595
0.0595
0.0595
0.0595
0.0595
0.0595
0.0595
0.0595
0.0595
0.0595
0.0595
0.0595
0.0595
0.0595
0.0595
0.0595
0.0595
0.0595
0.0595
0.0595
0.0595
0.0595
0.0595
0.0595
0.0595
0.0595
0.00863419
0.0595
0.0595
0.0595
0.0595
0.0595
0.0595
0.0595
0.0595
0.0595
0.0595
0.0595
0.0595
0.0595
0.0595
0.0595
0.0595
0.0595
0.0595
0.0595
0.0595
0.0595
0.0595
0.0595
0.0595
0.0595
0.0595
0.0595
0.0595
0.0595
0.0595
0.0595
0.0595
0.0595
0.0595
0.0595
0.0595
0.0595
0.0595
0.0595
0.0595
0.0595
0.0595
0.0595
0.0595
0.0595
0.0595
0.0595
0.0595
0.0595
0.0561786
0.0595
0.0595
0.0595
0.0595
0.0595
0.0595
0.0595
0.0595
0.0595
0.0560117
0.0595
0.0595
0.0595
0.0595
0.0595
0.0595
0.0595
0.0595
0.0595
0.0595
0.0595
0.0595
0.0595
0.0595
0.0595
0.0595
0.0595
0.0595
0.0595
0.0595
0.0595
0.0595
0.0595
0.0595
0.0595
0.0487776
0.0595
0.0595
0.0595
0.0595
0.0595
0.0595
0.0595
0.048977
0.0595
0.0595
0.0595
0.0595
0.0492132
0.0595
0.0595
0.0595
0.0494013
0.0595
0.0595
0.0595
0.0595
0.0595
0.0595
0.0595
0.0595
0.0505805
0.0595
0.0595
0.0595
0.0595
0.0595
0.0595
0.0496558
0.0496558
0.0595
0.0595
0.0595
0.0595
0.0595
0.0595
0.0595
0.0523123
0.0595
0.0595
0.0595
0.0595
0.0595
0.0595
0.0595
0.0595
0.0595
0.0595
0.0595
0.0595
0.0595
0.0595
0.0595
0.0595
0.0595
0.0567111
0.00934415
0.0595
0.0595
0.0595
0.0595
0.0595
0.0595
0.0595
0.0595
0.0595
0.0507252
0.0595
0.0595
0.0595
0.0595
0.0595
0.0595
0.0595
0.0595
0.0595
0.0595
0.0595
0.0595
0.0595
0.0595
0.0595
0.0595
0.048523
0.0496611
0.0595
0.0595
0.0595
0.0595
0.0595
0.0595
0.0595
0.0595
0.0595
0.0595
0.0595
0.0595
0.0595
0.0595
0.0595
0.0595
0.00970457
0.0595
0.0595
0.0595
0.0595
0.0595
0.0595
0.0595
0.0595
0.0595
0.0595
0.0595
0.0595
0.0595
0.0595
0.0595
0.0552628
0.0595
0.0595
0.0595
0.049242
0.0595
0.0595
0.0595
0.0595
0.0595
0.0595
0.0595
0.0595
0.0595
0.0595
0.0595
0.0595
0.0595
0.0595
0.0595
0.0595
0.0595
0.0595
0.0595
0.007077
0.0595
0.0496558
0.0595
0.0595
0.0595
0.0595
0.0595
0.0595
0.0595
0.0595
0.0595
0.0595
0.0595
0.0595
0.0595
0.0595
0.0579028
0.0595
0.0534099
0.0595
0.0595
0.0595
0.0595
0.0595
0.0595
0.0595
0.0595
0.0595
0.0595
0.0527218
0.0595
0.0595
0.0595
0.0595
0.0595
0.0595
0.0595
0.0533457
0.0595
0.0595
0.0595
0.0595
0.0595
0.0595
0.0595
0.0595
0.0595
0.0494332
0.0595
0.0595
0.0595
0.050469
0.0595
0.0595
0.0595
0.0595
0.0595
0.0595
0.0595
0.0595
0.0595
0.0595
0.0595
0.0595
0.0595
0.0556093
0.0595
0.0595
0.0595
0.0595
0.0595
0.0595
0.0595
0.0595
0.0595
0.0595
0.0595
0.0595
0.0595
0.0595
0.0595
0.0595
0.0595
0.0476001
0.0595
0.0595
0.0595
0.0527237
0.0595
0.0595
0.0595
0.0595
0.0595
0.0595
0.0595
0.0595
0.0595
0.0595
0.0595
0.0595
0.0595
0.0595
0.0595
0.0595
0.0595
0.0595
0.0595
0.0595
0.0595
0.0595
0.0505731
0.0595
0.0595
0.0595
0.0595
0.0595
0.0595
0.0595
0.0595
0.0580721
0.0595
0.0595
0.0595
0.0595
0.0595
0.0595
0.0595
0.0595
0.0595
0.0595
0.0486712
0.0595
0.0595
0.0496884
0.0595
0.0595
0.0595
0.0595
0.0595
0.0595
0.0595
0.0496558
0.0595
0.0595
0.0595
0.0595
0.0595
0.0595
0.0595
0.0595
0.0495154
0.0595
0.0595
0.0595
0.0595
0.0595
0.0595
0.0595
0.0595
0.0595
0.0595
0.0595
0.0595
0.0595
0.0595
0.0595
0.0595
0.0595
0.0595
0.0595
0.0595
0.0595
0.0595
0.0595
0.0595
0.0595
0.0595
0.0104746
0.0595
0.0595
0.0595
0.0595
0.0595
0.0595
0.0595
0.0595
0.0595
0.0595
0.0595
0.0595
0.0595
0.0595
0.0581154
0.0595
0.0595
0.0540516
0.0595
0.0595
0.0595
0.0595
0.0595
0.0595
0.0595
0.0595
0.0595
0.0513129
0.0595
0.0595
0.0595
0.0537802
0.0595
0.0595
0.0595
0.0595
0.0595
0.0595
0.0595
0.0595
0.0595
0.0595
0.0595
0.0595
0.0595
0.0595
0.0595
0.0595
0.0595
0.0556295
0.0595
0.0595
0.0595
0.0595
0.0595
0.0504027
0.0595
0.0595
0.0595
0.0595
0.0595
0.0595
0.0595
0.0595
0.0595
0.0595
0.0504107
0.0595
0.0595
0.0595
0.0595
0.0595
0.0595
0.0595
0.0595
0.0595
0.0595
0.0583763
0.0595
0.0595
0.0595
0.0595
0.0595
0.0595
0.0595
0.0595
0.0595
0.0595
0.0595
0.0595
0.0595
0.0595
0.0595
0.0483902
0.0595
0.0595
0.0595
0.0595
0.0595
0.0595
0.0595
0.0595
0.0595
0.0595
0.0595
0.0595
0.0595
0.0595
0.0595
0.0595
0.0595
0.0595
0.0595
0.0595
0.0595
0.0595
0.0595
0.0595
0.0595
0.0595
0.0595
0.0595
0.0595
0.0595
0.0595
0.0595
0.0595
0.0595
0.0595
0.0595
0.0595
0.0595
0.0595
0.0595
0.0595
0.0595
0.0595
0.0595
0.0595
0.0595
0.0595
0.0595
0.0595
0.0595
0.0595
0.0595
0.0595
0.0595
0.0595
0.0595
0.0490049
0.0595
0.0595
0.050373
0.0595
0.0595
0.0570522
0.0595
0.0595
0.0595
0.0595
0.0595
0.0595
0.0595
0.0595
0.0595
0.0595
0.0595
0.0595
0.0595
0.0595
0.0595
0.0595
0.0595
0.0595
0.0595
0.0595
0.0595
0.0595
0.057613
0.0595
0.0595
0.0595
0.0595
0.0595
0.0595
0.0595
0.0595
0.0595
0.0595
0.0595
0.0595
0.0595
0.0595
0.0595
0.0595
0.0595
0.0595
0.0595
0.0595
0.0595
0.0595
0.0595
0.0595
0.0595
0.0595
0.0595
0.0595
0.0595
0.0595
0.0595
0.0595
0.0595
0.0595
0.0595
0.0595
0.0595
0.0595
0.0595
0.0595
0.0595
0.0595
0.0595
0.0595
0.0595
0.0595
0.0595
0.0595
0.0595
0.0595
0.0595
0.0595
0.0595
0.0595
0.0595
0.0595
0.0595
0.0595
0.0595
0.0595
0.0595
0.0595
0.0595
0.0595
0.0595
0.0595
0.0595
0.0595
0.0595
0.0595
0.0586329
0.0595
0.0595
0.0595
0.0595
0.0595
0.0595
0.0595
0.0595
0.0561095
0.0595
0.0595
0.0595
0.0595
0.0595
0.0595
0.0595
0.0595
0.0595
0.0595
0.0595
0.0539802
0.0595
0.0595
0.0595
0.0595
0.0595
0.0595
0.0595
0.0568071
0.0595
0.0595
0.0595
0.0595
0.0109721
0.0595
0.0595
0.0595
0.0595
0.0595
0.0595
0.0595
0.0595
0.0595
0.0595
0.0595
0.0595
0.0595
0.0595
0.0595
0.0595
0.0595
0.0595
0.0595
0.0595
0.0595
0.0595
0.0595
0.057894
0.0595
0.0580444
0.0595
0.0595
0.0595
0.0595
0.0595
0.0595
0.0595
0.0459368
0.0595
0.0595
0.0595
0.0595
0.0595
0.0538624
0.0595
0.0595
0.0595
0.0595
0.0595
0.0595
0.0595
0.0503975
0.0595
0.0595
0.0595
0.0538188
0.0595
0.0595
0.0595
0.0595
0.0595
0.0496558
0.0595
0.0595
0.0595
0.0595
0.0595
0.0595
0.0595
0.0595
0.0595
0.0595
0.0508758
0.0595
0.0595
0.0595
0.0595
0.0595
0.0494328
0.0595
0.0595
0.0595
0.0595
0.0595
0.0595
0.0595
0.0595
0.0595
0.0595
0.0595
0.0595
0.0595
0.0595
0.0595
0.0595
0.0595
0.0595
0.0595
0.0595
0.0595
0.0595
0.0595
0.0595
0.0595
0.0595
0.0595
0.0595
0.0595
0.0595
0.0595
0.0595
0.0595
0.0595
0.0595
0.0595
0.0595
0.0595
0.0595
0.0595
0.0595
0.0595
0.0595
0.0595
0.0595
0.0595
0.0595
0.0595
0.0595
0.0595
0.0595
0.0595
0.0595
0.0595
0.0595
0.0595
0.0595
0.0595
0.0595
0.0595
0.0595
0.0595
0.0523144
0.0595
0.0595
0.0595
0.0595
0.0595
0.0595
0.0562194
0.0494578
0.0595
0.0595
0.0595
0.0595
0.0595
0.0595
0.0595
0.0595
0.0595
0.0595
0.0595
0.0595
0.0595
0.0595
0.0595
0.0531951
0.0595
0.0595
0.0595
0.0496558
0.0595
0.0595
0.0595
0.0595
0.0595
0.0595
0.0595
0.0595
0.0595
0.0595
0.0595
0.0595
0.0595
0.0595
0.0595
0.0595
0.0595
0.0595
0.0595
0.0595
0.0595
0.0595
0.0595
0.0595
0.0595
0.0595
0.0595
0.0595
0.0595
0.0482885
0.0595
0.0595
0.0595
0.0595
0.0595
0.0595
0.0595
0.0595
0.0595
0.0595
0.0595
0.0595
0.0595
0.0595
0.0595
0.0595
0.0595
0.0595
0.0595
0.0595
0.0595
0.0595
0.0595
0.0595
0.0595
0.0595
0.0595
0.0595
0.0595
0.0595
0.0595
0.0595
0.0595
0.0595
0.0595
0.0595
0.0595
0.0595
0.0595
0.0595
0.0595
0.0595
0.0595
0.0595
0.0595
0.0595
0.0595
0.0484046
0.0595
0.0595
0.0595
0.0595
0.0595
0.0508667
0.0595
0.0595
0.0595
0.0595
0.0595
0.0595
0.0595
0.0595
0.0595
0.0595
0.0595
0.0595
0.0595
0.0595
0.0447628
0.0595
0.0595
0.0595
0.0595
0.0595
0.0595
0.0595
0.0595
0.0595
0.0595
0.0595
0.0595
0.0595
0.0595
0.0595
0.0595
0.050553
0.0595
0.0595
0.0595
0.0595
0.0595
0.0595
0.0595
0.0595
0.0595
0.0595
0.0595
0.0595
0.0595
0.0595
0.0595
0.0595
0.0595
0.0595
0.0595
0.0595
0.0595
0.0595
0.0595
0.0595
0.0595
0.0595
0.0595
0.0595
0.0595
0.0496558
0.0595
0.0595
0.0595
0.0595
0.0595
0.0595
0.0595
0.0595
0.0595
0.0595
0.0595
0.0523814
0.0595
0.0595
0.0595
0.0595
0.0595
0.0595
0.0595
0.0595
0.0595
0.0595
0.0595
0.0595
0.0595
0.0595
0.0595
0.0595
0.0595
0.0487346
0.0595
0.0595
0.0595
0.0595
0.0595
0.0595
0.0595
0.0595
0.055617
0.0595
0.0595
0.0595
0.0578745
0.0595
0.0595
0.0595
0.0595
0.0595
0.0595
0.0595
0.0595
0.0595
0.0595
0.0595
0.0499398
0.0595
0.0595
0.0595
0.048579
0.0595
0.0595
0.0595
0.0508969
0.0595
0.0595
0.0595
0.0482916
0.0595
0.0595
0.0595
0.0595
0.0595
0.0595
0.0595
0.0595
0.0595
0.0595
0.0595
0.0595
0.0595
0.0595
0.0595
0.0595
0.0595
0.0595
0.0595
0.0595
0.0595
0.0595
0.0595
0.0595
0.0595
0.0595
0.0595
0.0595
0.0595
0.0595
0.0595
0.0595
0.0595
0.0595
0.0595
0.0595
0.0595
0.0490985
0.0595
0.0595
0.0533925
0.0595
0.0496558
0.0595
0.0595
0.0595
0.0595
0.0595
0.0595
0.0595
0.0595
0.0595
0.0595
0.0595
0.0595
0.0595
0.0595
0.0595
0.0595
0.0595
0.0595
0.0595
0.0595
0.0595
0.0595
0.0595
0.0595
0.0595
0.0595
0.0595
0.0595
0.0595
0.0595
0.0595
0.0595
0.0583986
0.0595
0.0595
0.0595
0.0595
0.0595
0.0595
0.0595
0.0595
0.0595
0.0595
0.0595
0.0595
0.0519961
0.0595
0.0595
0.0595
0.0595
0.0595
0.0595
0.0595
0.0595
0.0595
0.0595
0.0595
0.0595
0.0595
0.0595
0.0595
0.0595
0.0595
0.0595
0.0595
0.0595
0.0595
0.0557476
0.0595
0.0595
0.0595
0.0595
0.0595
0.0595
0.0595
0.0595
0.0595
0.0595
0.0595
0.0595
0.0595
0.0565709
0.0586812
0.0595
0.0595
0.0595
0.0595
0.0595
0.0595
0.0595
0.0595
0.0595
0.0595
0.0595
0.0595
0.0595
0.0595
0.0595
0.0595
0.0595
0.0595
0.056853
0.0595
0.0595
0.0595
0.0595
0.0595
0.0595
0.0595
0.0595
0.0595
0.0595
0.0595
0.0595
0.0595
0.0595
0.0595
0.0595
0.0595
0.0595
0.0473358
0.0595
0.0595
0.0595
0.0595
0.0595
0.0595
0.0595
0.0595
0.0595
0.0595
0.0595
0.0595
0.0595
0.0595
0.0595
0.0595
0.0595
0.0595
0.0595
0.0595
0.0595
0.0595
0.0595
0.010834
0.0595
0.0595
0.0595
0.0579826
0.0595
0.0595
0.0592016
0.0595
0.0595
0.0595
0.0595
0.0595
0.0480347
0.0595
0.050999
0.0595
0.0595
0.0595
0.0595
0.0595
0.0595
0.0500801
0.0595
0.0595
0.0595
0.0467927
0.0595
0.049856
0.0509036
0.0595
0.0595
0.0595
0.0595
0.0595
0.0595
0.0595
0.0595
0.0595
0.0595
0.0595
0.0595
0.0595
0.0595
0.0595
0.0595
0.0595
0.0595
0.0595
0.0595
0.0595
0.0595
0.0595
0.0595
0.0595
0.0595
0.0595
0.0595
0.0556001
0.0595
0.0595
0.0595
0.0595
0.0595
0.0595
0.0595
0.0595
0.0595
0.0595
0.0595
0.0513674
0.0595
0.0595
0.0595
0.0595
0.0595
0.0595
0.0569502
0.0595
0.0595
0.0595
0.0595
0.0595
0.0595
0.0595
0.0595
0.0595
0.0595
0.0595
0.0595
0.0595
0.0595
0.00885678
0.0595
0.0595
0.0595
0.0585575
0.0595
0.0595
0.0595
0.0595
0.0595
0.0483073
0.0595
0.0595
0.0595
0.0595
0.0491663
0.0595
0.0595
0.0595
0.0595
0.0595
0.054162
0.0595
0.0595
0.0595
0.0595
0.0595
0.0595
0.0595
0.0595
0.0096331
0.0595
0.0595
0.0595
0.0595
0.0595
0.0595
0.0595
0.0595
0.0595
0.0595
0.0595
0.0595
0.0595
0.0595
0.0595
0.0595
0.0595
0.0595
0.0595
0.0595
0.0595
0.0558309
0.0476709
0.0595
0.0595
0.0595
0.0595
0.0595
0.0595
0.0595
0.0595
0.0595
0.0595
0.0595
0.0595
0.0595
0.0595
0.0595
0.0595
0.0595
0.0595
0.0595
0.0595
0.0595
0.0595
0.0595
0.0595
0.0595
0.0595
0.0595
0.0595
0.0595
0.0595
0.0595
0.0595
0.0595
0.0595
0.0595
0.0595
0.0595
0.0595
0.0595
0.0595
0.0595
0.0595
0.0595
0.0595
0.0595
0.0595
0.0512031
0.0595
0.0595
0.0595
0.0595
0.0595
0.0595
0.0595
0.0595
0.0595
0.0595
0.0595
0.0595
0.0595
0.0595
0.0595
0.0595
0.0595
0.0595
0.0595
0.0595
0.0595
0.0595
0.0595
0.0595
0.0595
0.0595
0.0595
0.0595
0.0595
0.0595
0.0595
0.0595
0.0595
0.0595
0.0595
0.0595
0.0595
0.0595
0.0595
0.0595
0.0595
0.0595
0.0595
0.0595
0.0595
0.050751
0.0595
0.0595
0.0595
0.0595
0.0595
0.0595
0.0595
0.0595
0.0595
0.0595
0.0595
0.0595
0.0555446
0.0595
0.0595
0.0595
0.0595
0.0595
0.0595
0.0595
0.0595
0.0595
0.0595
0.0595
0.0595
0.0595
0.0595
0.0595
0.0595
0.0595
0.0595
0.0595
0.0595
0.0595
0.0595
0.0595
0.0595
0.0595
0.0595
0.0595
0.0595
0.0595
0.0595
0.0595
0.053571
0.0595
0.0595
0.0595
0.0595
0.0595
0.0595
0.0595
0.0595
0.0595
0.0595
0.0595
0.0595
0.0595
0.0595
0.0595
0.0595
0.0595
0.0595
0.0595
0.0595
0.0595
0.0595
0.0595
0.0595
0.0595
0.0595
0.0595
0.0595
0.0561165
0.0595
0.0595
0.0595
0.0538587
0.0595
0.0595
0.0595
0.0595
0.0595
0.0595
0.0595
0.0595
0.0595
0.0595
0.0595
0.0595
0.0595
0.0595
0.0595
0.0595
0.0595
0.0595
0.0595
0.0595
0.0595
0.0595
0.0595
0.0573266
0.0595
0.0595
0.0595
0.0595
0.0595
0.0595
0.0595
0.0595
0.0595
0.0595
0.0595
0.0595
0.0595
0.0595
0.0595
0.0595
0.0595
0.0595
0.0595
0.0595
0.0595
0.0595
0.0595
0.0595
0.0595
0.0595
0.0595
0.0595
0.0595
0.0595
0.0595
0.0595
0.0595
0.0595
0.0595
0.0595
0.0595
0.0595
0.0595
0.0595
0.0595
0.0595
0.0595
0.0595
0.0595
0.0595
0.00803218
0.0595
0.0489207
0.0595
0.0555405
0.0590612
0.0595
0.0595
0.0595
0.0595
0.0595
0.0595
0.0595
0.0595
0.0595
0.0260156
0.0595
0.0595
0.0595
0.0595
0.0595
0.0595
0.0595
0.0595
0.0595
0.0595
0.0595
0.0595
0.0595
0.0595
0.0595
0.0595
0.0535026
0.0595
0.0595
0.0595
0.0595
0.0595
0.0595
0.0595
0.0595
0.0595
0.0595
0.0595
0.0595
0.0595
0.0595
0.0595
0.0595
0.0595
0.0595
0.0595
0.0595
0.0595
0.0595
0.0595
0.0595
0.0595
0.0595
0.0589212
0.0595
0.0595
0.0595
0.0517567
0.0595
0.0595
0.0595
0.0595
0.0595
0.0595
0.0595
0.0595
0.0490092
0.0595
0.0595
0.0595
0.0595
0.0595
0.0595
0.0595
0.0595
0.0595
0.0595
0.0595
0.0595
0.0595
0.0595
0.0595
0.0595
0.0595
0.0595
0.0595
0.0595
0.0595
0.0595
0.0595
0.0595
0.0595
0.0595
0.0595
0.0595
0.0595
0.0595
0.0595
0.0595
0.0595
0.0595
0.0595
0.0595
0.0595
0.0595
0.048729
0.0595
0.0595
0.0595
0.0595
0.0595
0.0595
0.0595
0.0595
0.0595
0.0595
0.0595
0.0595
0.0595
0.0595
0.0572112
0.0595
0.0595
0.0584243
0.0595
0.0595
0.0536607
0.0595
0.0595
0.0595
0.0595
0.0595
0.050223
0.0595
0.0595
0.0595
0.0595
0.0595
0.0595
0.0595
0.0595
0.0595
0.0595
0.0595
0.0595
0.0595
0.0595
0.0595
0.0595
0.0595
0.0595
0.0595
0.0595
0.0595
0.0595
0.0595
0.0595
0.0595
0.0595
0.0595
0.0595
0.0595
0.0595
0.0595
0.0595
0.0595
0.0595
0.0595
0.0595
0.0595
0.0595
0.0511545
0.0595
0.0595
0.0595
0.0595
0.0595
0.0595
0.0595
0.0595
0.0595
0.0595
0.0595
0.0595
0.0595
0.0595
0.0595
0.0595
0.0595
0.0595
0.0595
0.0595
0.0555234
0.0566632
0.0595
0.0595
0.0595
0.0595
0.046401
0.0595
0.0595
0.0595
0.0595
0.0595
0.0595
0.0595
0.0595
0.0595
0.0507268
0.0595
0.0595
0.0595
0.0595
0.0595
0.0595
0.0595
0.0541908
0.0595
0.0595
0.0595
0.0595
0.0595
0.0595
0.0595
0.0595
0.0595
0.0595
0.0595
0.0595
0.0595
0.0595
0.0595
0.0595
0.0595
0.0595
0.0595
0.0595
0.0595
0.0595
0.0595
0.0595
0.0595
0.0595
0.0595
0.0595
0.0595
0.0595
0.0595
0.0595
0.0595
0.0595
0.0595
0.0564452
0.0595
0.0595
0.0595
0.0595
0.0595
0.0595
0.0496558
0.0595
0.0595
0.00855209
0.0595
0.0595
0.0595
0.0595
0.0595
0.0595
0.0595
0.0595
0.0595
0.0595
0.0595
0.0595
0.0595
0.0595
0.0595
0.0595
0.0595
0.0595
0.0595
0.0595
0.0595
0.0595
0.0595
0.0595
0.0595
0.0595
0.0595
0.0595
0.0496558
0.0595
0.0595
0.0595
0.0595
0.0595
0.0595
0.0550691
0.0595
0.0595
0.0496884
0.0595
0.0595
0.0491046
0.0595
0.0595
0.0417696
0.0595
0.0595
0.0595
0.0595
0.0595
0.0595
0.0595
0.0595
0.0595
0.0595
0.0595
0.0595
0.0595
0.0595
0.0595
0.0595
0.0595
0.0595
0.0595
0.049403
0.0595
0.0595
0.0595
0.0595
0.0595
0.0595
0.0595
0.0595
0.059309
0.0595
0.0595
0.0595
0.0595
0.0595
0.0595
0.0595
0.0595
0.0595
0.0595
0.0595
0.0595
0.0595
0.0595
0.0595
0.0595
0.0580053
0.0595
0.0595
0.0595
0.0595
0.0595
0.0595
0.0595
0.0572446
0.0595
0.0595
0.0595
0.0595
0.0595
0.0595
0.0595
0.0595
0.0595
0.0595
0.0595
0.0595
0.0595
0.0595
0.0595
0.0595
0.0595
0.055567
0.0595
0.0538875
0.0595
0.0595
0.0595
0.0595
0.0595
0.0595
0.0581163
0.0595
0.0567721
0.0595
0.0595
0.0595
0.0595
0.0595
0.0595
0.0595
0.0595
0.0595
0.0595
0.0595
0.0595
0.0595
0.0595
0.0595
0.0595
0.0595
0.0595
0.0595
0.0595
0.0595
0.0595
0.0595
0.04924
0.0595
0.0595
0.0595
0.0595
0.0595
0.0595
0.0595
0.0595
0.058527
0.0595
0.0595
0.0595
0.0595
0.0595
0.0595
0.0595
0.0595
0.0595
0.0595
0.0595
0.0595
0.0595
0.0595
0.0595
0.0595
0.0595
0.0595
0.0595
0.0595
0.0595
0.0595
0.0595
0.0595
0.0595
0.0595
0.0595
0.0595
0.0595
0.0595
0.0595
0.0595
0.0595
0.0595
0.0595
0.0595
0.0595
0.0595
0.0595
0.0595
0.053301
0.0496558
0.0595
0.0595
0.0595
0.0595
0.0595
0.0595
0.0595
0.0595
0.0595
0.0595
0.0595
0.0497961
0.0595
0.0595
0.0595
0.0595
0.0595
0.0595
0.0595
0.0595
0.0595
0.0595
0.0595
0.0595
0.0595
0.0595
0.0595
0.0595
0.0595
0.0595
0.0595
0.0595
0.0595
0.0595
0.0595
0.0595
0.0595
0.0595
0.0595
0.0595
0.0595
0.0595
0.0595
0.0595
0.0595
0.0595
0.0595
0.0595
0.0595
0.0595
0.0595
0.0595
0.0483423
0.0595
0.0595
0.0595
0.0595
0.0595
0.0595
0.0529094
0.0595
0.0595
0.0595
0.0595
0.0595
0.0540259
0.0595
0.0595
0.0595
0.0595
0.0595
0.0595
0.0595
0.0595
0.00978952
0.0497559
0.0595
0.0595
0.0595
0.0575624
0.0595
0.0595
0.0595
0.0595
0.0595
0.0519801
0.0595
0.0595
0.0595
0.0595
0.0496884
0.0595
0.0595
0.0595
0.0490847
0.0595
0.0595
0.0595
0.0595
0.0595
0.0551968
0.0595
0.0595
0.0595
0.0595
0.0595
0.0595
0.0595
0.0595
0.0595
0.0595
0.0595
0.0595
0.0595
0.0595
0.0595
0.00968308
0.0595
0.0595
0.0595
0.0595
0.0595
0.0595
0.0595
0.0595
0.0595
0.0595
0.0595
0.0595
0.0595
0.0595
0.0595
0.0595
0.0595
0.0595
0.0595
0.0595
0.0595
0.0595
0.0595
0.0595
0.0595
0.0595
0.0595
0.0595
0.0595
0.0595
0.0595
0.0595
0.0595
0.0595
0.0595
0.0595
0.0595
0.0595
0.0595
0.0595
0.0595
0.0595
0.0595
0.0595
0.0595
0.0595
0.0489444
0.0595
0.0595
0.0567909
0.0595
0.0554248
0.0507015
0.0595
0.0545329
0.0595
0.0563072
0.0595
0.0595
0.0595
0.0595
0.0595
0.0595
0.0595
0.0595
0.0595
0.0595
0.0595
0.0595
0.010816
0.0595
0.0595
0.0595
0.0595
0.0595
0.0595
0.0595
0.0573109
0.0595
0.0595
0.0595
0.0595
0.0595
0.0595
0.0595
0.0595
0.0595
0.0595
0.0595
0.0595
0.0543878
0.0595
0.0586874
0.0595
0.0595
0.0595
0.0595
0.0595
0.0595
0.0595
0.0575194
0.0595
0.0595
0.0595
0.0595
0.0595
0.0589141
0.0595
0.0595
0.0595
0.0595
0.0595
0.0595
0.0595
0.0595
0.0595
0.0595
0.0595
0.0595
0.0595
0.0595
0.0586554
0.0595
0.0595
0.0595
0.0595
0.0564548
0.0496558
0.0595
0.0585271
0.0595
0.0595
0.0595
0.0595
0.0496426
0.0595
0.0595
0.0595
0.0595
0.0595
0.0595
0.0595
0.0595
0.0595
0.0483231
0.0595
0.0595
0.0595
0.0595
0.0595
0.0595
0.0595
0.0595
0.0524061
0.0595
0.0595
0.0595
0.0595
0.0486002
0.0595
0.0595
0.05258
0.0595
0.0595
0.0595
0.0595
0.0595
0.0595
0.0595
0.0595
0.0595
0.0595
0.0595
0.0595
0.0595
0.0595
0.0595
0.0595
0.0595
0.0595
0.0595
0.0595
0.0595
0.0595
0.0570388
0.0595
0.0595
0.0595
0.0595
0.0595
0.0595
0.0595
0.0595
0.0595
0.0595
0.0595
0.0595
0.0595
0.0595
0.0595
0.0595
0.0047238
0.0595
0.0595
0.0595
0.0595
0.0595
0.0595
0.0541184
0.0595
0.0595
0.0595
0.0595
0.0595
0.0595
0.0595
0.0595
0.0595
0.0595
0.0595
0.0595
0.0595
0.0595
0.0595
0.0595
0.0595
0.0595
0.0595
0.0595
0.0595
0.0595
0.0595
0.0595
0.0595
0.0595
0.0595
0.0595
0.0595
0.0595
0.0595
0.0595
0.0595
0.0595
0.0595
0.0595
0.0595
0.0595
0.0595
0.0595
0.0595
0.0595
0.0595
0.0595
0.0595
0.0595
0.0595
0.0595
0.0595
0.0595
0.0595
0.0595
0.0595
0.0595
0.0595
