0.0595
0.0595
0.0502678
0.0595
0.0595
0.0595
0.0595
0.0595
0.0595
0.0595
0.0595
0.0595
0.0595
0.0595
0.0595
0.0595
0.0595
0.0595
0.0595
0.0595
0.0595
0.0595
0.0595
0.0595
0.0595
0.0595
0.0595
0.0595
0.0595
0.0595
0.0595
0.0534641
0.0595
0.0595
0.0595
0.0595
0.0578029
0.0595
0.0595
0.0595
0.0595
0.0595
0.0595
0.0595
0.0595
0.0595
0.0595
0.0595
0.0595
0.0595
0.0568281
0.0595
0.0595
0.0595
0.0595
0.0595
0.0595
0.0595
0.0595
0.0595
0.0595
0.0595
0.0595
0.0545329
0.0595
0.0595
0.0595
0.0595
0.0595
0.0595
0.0595
0.0595
0.0523814
0.0595
0.0595
0.0595
0.0595
0.0595
0.0595
0.0595
0.0595
0.0595
0.0595
0.0595
0.0595
0.0595
0.0595
0.0496558
0.0595
0.0595
0.0595
0.0595
0.0595
0.0595
0.0595
0.0595
0.0595
0.0595
0.0595
0.0595
0.0491663
0.0595
0.0595
0.0595
0.0595
0.0595
0.0595
0.0595
0.0595
0.0595
0.0595
0.0595
0.0096331
0.0595
0.0595
0.0595
0.0595
0.0595
0.0595
0.0595
0.0595
0.0595
0.0595
0.0595
0.0595
0.0595
0.0595
0.0595
0.0595
0.0595
0.0595
0.0595
0.0595
0.0595
0.0595
0.0595
0.0595
0.0595
0.0595
0.0595
0.0595
0.0595
0.0595
0.0595
0.0595
0.0595
0.0595
0.0595
0.0595
0.0595
0.0595
0.0595
0.0595
0.0595
0.0595
0.0595
0.0595
0.0595
0.0595
0.0595
0.0428971
0.0595
0.0595
0.0595
0.0595
0.0595
0.0595
0.0595
0.0595
0.0595
0.0595
0.0595
0.0595
0.0595
0.0595
0.0595
0.0595
0.0595
0.0595
0.0595
0.0595
0.0595
0.0595
0.0595
0.0595
0.0595
0.0595
0.0595
0.0595
0.0595
0.0595
0.0485913
0.0595
0.0595
0.0595
0.0595
0.0595
0.0589158
0.0595
0.0595
0.0595
0.0595
0.0595
0.0595
0.0595
0.0595
0.0595
0.0595
0.0595
0.0595
0.0595
0.0595
0.0595
0.0595
0.0595
0.0595
0.0595
0.0595
0.0595
0.0595
0.0595
0.0595
0.0595
0.0595
0.0595
0.0483984
0.0595
0.0595
0.0498185
0.0595
0.0595
0.0595
0.0595
0.0595
0.0595
0.0595
0.0461554
0.0595
0.0595
0.0595
0.0595
0.0595
0.0595
0.0595
0.0595
0.0595
0.0595
0.0595
0.0595
0.0595
0.0595
0.0595
0.0595
0.0595
0.0595
0.0595
0.0595
0.0595
0.0549314
0.0595
0.0595
0.0595
0.0595
0.0595
0.0595
0.0499242
0.0595
0.0595
0.0595
0.0595
0.0483511
0.0595
0.0595
0.0595
0.0595
0.0595
0.0595
0.0595
0.0595
0.0595
0.010816
0.0595
0.0595
0.0595
0.0595
0.0595
0.0595
0.0595
0.0595
0.059309
0.0595
0.0595
0.0595
0.0595
0.0595
0.0595
0.0595
0.0595
0.0595
0.0595
0.0595
0.0595
0.0595
0.0595
0.0595
0.0595
0.0595
0.0595
0.0595
0.0595
0.0595
0.0595
0.0595
0.0595
0.0595
0.0595
0.0595
0.0595
0.0595
0.0595
0.0595
0.0595
0.0505234
0.0595
0.0595
0.0595
0.0595
0.0595
0.0595
0.0595
0.0581163
0.0595
0.0595
0.0595
0.0595
0.0595
0.0595
0.0595
0.0595
0.0595
0.0595
0.0595
0.0595
0.0595
0.0595
0.0595
0.0595
0.0595
0.0595
0.0595
0.0595
0.0595
0.0595
0.0595
0.0595
0.0595
0.0595
0.0595
0.0595
0.0595
0.0595
0.0595
0.0595
0.0595
0.0595
0.0595
0.0595
0.0595
0.0595
0.0595
0.0595
0.0595
0.0595
0.0595
0.0595
0.0595
0.0595
0.0595
0.0595
0.0595
0.0595
0.0595
0.0595
0.0595
0.0595
0.0496558
0.0595
0.0595
0.0595
0.0595
0.0595
0.0595
0.0595
0.0595
0.0595
0.0595
0.0595
0.0595
0.0595
0.0595
0.0528732
0.0595
0.0595
0.0595
0.0595
0.0595
0.0595
0.0595
0.0595
0.0595
0.0595
0.0595
0.0595
0.0595
0.0453853
0.0595
0.00998076
0.0571396
0.0595
0.0564052
0.0595
0.0595
0.0595
0.0595
0.0595
0.0595
0.0595
0.0595
0.0595
0.0595
0.0595
0.0490847
0.0595
0.0595
0.0595
0.0595
0.0595
0.0595
0.0595
0.0595
0.0595
0.0595
0.0595
0.0595
0.0579994
0.0490861
0.0595
0.0595
0.0595
0.0595
0.0595
0.0595
0.0595
0.0595
0.0595
0.0595
0.0595
0.0595
0.0109721
0.0595
0.0595
0.0595
0.0595
0.0595
0.0595
0.0595
0.0595
0.0595
0.0595
0.0595
0.0595
0.0595
0.0595
0.0595
0.0595
0.0595
0.0595
0.0595
0.0595
0.0595
0.0595
0.0595
0.0595
0.0595
0.0595
0.0595
0.0595
0.0595
0.0595
0.0595
0.0595
0.0595
0.0595
0.0595
0.0595
0.0595
0.0595
0.0595
0.0496558
0.0595
0.0595
0.0595
0.0595
0.0595
0.0595
0.0595
0.0595
0.0595
0.0595
0.0595
0.0595
0.0595
0.0562956
0.0595
0.0595
0.0595
0.0595
0.0595
0.0595
0.0595
0.0595
0.0595
0.0595
0.0595
0.0595
0.0595
0.0508591
0.0595
0.0595
0.0595
0.0595
0.0595
0.0595
0.0595
0.00660417
0.0595
0.0595
0.0595
0.0595
0.055206
0.0595
0.0595
0.0595
0.0595
0.0595
0.0595
0.0595
0.0595
0.0595
0.0595
0.0595
0.0595
0.0595
0.0595
0.0595
0.0595
0.0595
0.0595
0.0595
0.0595
0.0595
0.0595
0.0595
0.0595
0.0595
0.0595
0.0595
0.0595
0.0595
0.0595
0.0595
0.0595
0.0595
0.0595
0.0595
0.0595
0.0595
0.0595
0.0595
0.0595
0.0595
0.0490049
0.0595
0.0595
0.0595
0.0595
0.0595
0.0595
0.0595
0.0595
0.0595
0.0595
0.0595
0.0595
0.0595
0.0595
0.0595
0.051073
0.0595
0.0595
0.0595
0.0595
0.0595
0.0595
0.0595
0.0595
0.0595
0.0595
0.0595
0.0595
0.0595
0.0595
0.0595
0.0595
0.0595
0.048558
0.0595
0.0595
0.0595
0.0595
0.0595
0.0595
0.0595
0.0595
0.0595
0.0595
0.0595
0.0487442
0.0595
0.0595
0.0595
0.0595
0.0595
0.0538653
0.0595
0.0507731
0.0595
0.0595
0.0595
0.0595
0.0595
0.0595
0.0595
0.0595
0.0595
0.0595
0.0595
0.0500289
0.0595
0.0417995
0.0595
0.0595
0.0595
0.0595
0.0595
0.0595
0.0595
0.0505752
0.0595
0.0595
0.0595
0.0595
0.0537211
0.0595
0.0595
0.0595
0.0595
0.0595
0.0595
0.0595
0.0595
0.0595
0.0595
0.0595
0.0595
0.0595
0.0595
0.0595
0.0580721
0.0595
0.0595
0.0595
0.0595
0.0595
0.0595
0.0595
0.0564452
0.0595
0.0595
0.0595
0.0595
0.0595
0.0595
0.0595
0.0595
0.0595
0.0595
0.0595
0.0595
0.0595
0.0595
0.0595
0.0595
0.0595
0.0595
0.0595
0.0595
0.0595
0.0595
0.0595
0.0595
0.0595
0.0509662
0.0449015
0.0595
0.0595
0.0595
0.0595
0.0595
0.0595
0.0595
0.0595
0.0491046
0.0595
0.0595
0.0595
0.0595
0.0595
0.0563072
0.0595
0.0500759
0.0595
0.0595
0.0595
0.0595
0.0595
0.0595
0.0567964
0.0595
0.0595
0.0503203
0.0595
0.0595
0.0595
0.050521
0.0595
0.0595
0.0595
0.0595
0.0595
0.0105135
0.0595
0.0515194
0.0595
0.0487346
0.0595
0.0595
0.0595
0.0595
0.0595
0.0595
0.0595
0.0595
0.0595
0.0595
0.0595
0.0580053
0.0595
0.0595
0.0595
0.0595
0.0595
0.0595
0.0595
0.0595
0.0595
0.0595
0.0595
0.0595
0.0595
0.0595
0.0595
0.0513982
0.0595
0.0595
0.0595
0.0595
0.0578688
0.0595
0.0519693
0.0595
0.0595
0.0595
0.0595
0.0595
0.0559038
0.0595
0.0595
0.0175787
0.052789
0.0595
0.0595
0.0595
0.0595
0.0595
0.0595
0.0595
0.0595
0.0595
0.0595
0.0595
0.0595
0.0595
0.0490478
0.0595
0.0595
0.0595
0.0595
0.0595
0.0535613
0.0595
0.0595
0.0595
0.0595
0.0595
0.0595
0.0595
0.0595
0.0595
0.0496558
0.0595
0.0595
0.0595
0.0595
0.0595
0.0595
0.0570522
0.0595
0.0595
0.0595
0.0595
0.0595
0.0595
0.0595
0.0534099
0.0595
0.0595
0.0595
0.0595
0.0595
0.0595
0.0595
0.0595
0.0595
0.0595
0.0595
0.0595
0.0595
0.0595
0.0595
0.0595
0.0595
0.0595
0.0595
0.0595
0.0595
0.0595
0.0595
0.0595
0.0595
0.0595
0.0595
0.0595
0.0595
0.0595
0.0595
0.0595
0.0595
0.0595
0.0595
0.0595
0.0595
0.0595
0.0553701
0.0595
0.0595
0.0595
0.0595
0.0595
0.0595
0.0595
0.0595
0.0595
0.0595
0.0595
0.0595
0.0595
0.0595
0.0595
0.0595
0.0595
0.0595
0.0595
0.0595
0.0561095
0.0595
0.0595
0.0595
0.010834
0.0595
0.0595
0.0595
0.0595
0.0595
0.0595
0.0595
0.0595
0.0595
0.0595
0.0595
0.0565807
0.0595
0.0595
0.0595
0.0595
0.0595
0.0595
0.0486879
0.0595
0.0595
0.0595
0.0595
0.0595
0.0595
0.0595
0.0595
0.0595
0.0496884
0.0595
0.0595
0.0595
0.0595
0.0595
0.0532783
0.0595
0.0595
0.0595
0.0489121
0.0595
0.0595
0.0595
0.0595
0.0595
0.0595
0.0595
0.0595
0.0595
0.0595
0.0513764
0.0595
0.0595
0.0595
0.0595
0.0595
0.0595
0.0595
0.0595
0.0595
0.0595
0.0595
0.0595
0.0595
0.0595
0.0595
0.0595
0.0595
0.0595
0.0595
0.0595
0.0595
0.0498455
0.0595
0.0595
0.0595
0.0595
0.0595
0.0595
0.0595
0.0595
0.0595
0.0595
0.0595
0.0595
0.0595
0.0595
0.0595
0.048523
0.0595
0.0595
0.0595
0.0595
0.0595
0.0595
0.0595
0.0595
0.0483231
0.0595
0.0595
0.0595
0.0595
0.0595
0.0595
0.0486002
0.0595
0.0595
0.0595
0.0595
0.0595
0.0595
0.0595
0.0595
0.0595
0.0595
0.0595
0.0595
0.0595
0.0595
0.0595
0.0595
0.0572112
0.0595
0.0595
0.0595
0.0595
0.0595
0.0595
0.0595
0.0595
0.0595
0.0595
0.0595
0.0595
0.0595
0.0595
0.0595
0.0595
0.0595
0.0595
0.0595
0.0595
0.0595
0.0482885
0.0595
0.0595
0.0595
0.0595
0.0595
0.0595
0.0595
0.0595
0.0595
0.0595
0.0595
0.0595
0.0595
0.0595
0.0513551
0.0497559
0.0595
0.0595
0.0595
0.0595
0.0595
0.0595
0.0595
0.0595
0.0492255
0.0595
0.0595
0.0595
0.0595
0.0595
0.0595
0.0595
0.0595
0.0595
0.0595
0.0484
0.0595
0.0595
0.0595
0.0595
0.0595
0.0595
0.0595
0.0595
0.0595
0.0595
0.0595
0.0383651
0.0595
0.0595
0.0595
0.0496884
0.0595
0.0595
0.0595
0.0595
0.0595
0.0595
0.0595
0.0595
0.0595
0.0595
0.0595
0.0595
0.0595
0.0595
0.0595
0.0595
0.0595
0.0595
0.0595
0.0595
0.0595
0.0595
0.0595
0.0595
0.0595
0.0595
0.0595
0.0595
0.0595
0.0595
0.0595
0.0595
0.0595
0.0595
0.0595
0.0595
0.0595
0.0595
0.0595
0.0595
0.0595
0.0595
0.0595
0.0595
0.0595
0.0595
0.0595
0.0595
0.0595
0.0595
0.0595
0.0595
0.0595
0.0595
0.0595
0.0595
0.0595
0.0595
0.0595
0.0595
0.0595
0.0595
0.0595
0.0595
0.0595
0.0595
0.0595
0.0595
0.0492132
0.0595
0.0595
0.0595
0.0595
0.0595
0.0595
0.0578745
0.0595
0.0595
0.0595
0.0595
0.0595
0.0595
0.0107815
0.0595
0.0595
0.0595
0.0595
0.0595
0.0595
0.0595
0.0556295
0.0595
0.0595
0.0595
0.0510183
0.0595
0.0595
0.0595
0.0595
0.0595
0.0595
0.0595
0.0595
0.0595
0.0595
0.0595
0.0595
0.0595
0.0595
0.0595
0.0595
0.0595
0.0595
0.0595
0.0595
0.0595
0.0595
0.0595
0.0595
0.0595
0.0595
0.0595
0.0595
0.0595
0.0595
0.0595
0.0595
0.0595
0.0595
0.0595
0.0595
0.0595
0.0595
0.0595
0.0595
0.0595
0.0595
0.0595
0.0595
0.0595
0.0595
0.0595
0.0595
0.0595
0.0595
0.0583986
0.0595
0.0595
0.0595
0.0595
0.0595
0.0595
0.010562
0.0595
0.0595
0.0595
0.0595
0.0595
0.0595
0.0595
0.0595
0.0595
0.0595
0.0595
0.0595
0.0595
0.0595
0.0595
0.0595
0.0595
0.0595
0.0595
0.0595
0.0595
0.0595
0.0595
0.0595
0.0595
0.0595
0.0595
0.0595
0.0595
0.0595
0.0595
0.0595
0.0595
0.0595
0.0595
0.0595
0.0595
0.0595
0.0595
0.0595
0.0595
0.0595
0.0499929
0.0595
0.0595
0.0595
0.0595
0.0595
0.0595
0.0595
0.0595
0.0595
0.0595
0.0496884
0.0595
0.0595
0.0595
0.0595
0.0595
0.0516082
0.0595
0.0595
0.0595
0.0595
0.0595
0.0595
0.0595
0.0595
0.0595
0.0595
0.0595
0.0595
0.0595
0.0595
0.0595
0.0595
0.0595
0.0595
0.0595
0.0595
0.0595
0.0595
0.0595
0.0595
0.0595
0.0595
0.0595
0.0595
0.0595
0.0595
0.0595
0.0595
0.0595
0.0595
0.0595
0.0595
0.0595
0.0595
0.0595
0.0595
0.0595
0.0595
0.0580444
0.0595
0.0595
0.0595
0.0595
0.0595
0.0595
0.0595
0.0595
0.0595
0.0595
0.0595
0.0496558
0.0595
0.0595
0.0595
0.0595
0.0595
0.0569502
0.0595
0.0595
0.0595
0.0595
0.0595
0.0595
0.0595
0.0595
0.0595
0.0595
0.0595
0.0595
0.0595
0.0595
0.0428564
0.0595
0.054162
0.0595
0.0595
0.0595
0.0595
0.0527349
0.0595
0.0595
0.0595
0.0595
0.0595
0.0595
0.0595
0.0595
0.0595
0.0595
0.0483902
0.0595
0.0595
0.0595
0.0595
0.0595
0.0595
0.0595
0.0595
0.0595
0.0595
0.0595
0.0595
0.0595
0.0595
0.0595
0.0595
0.0595
0.0595
0.0595
0.0595
0.0560731
0.0595
0.0595
0.0595
0.0595
0.0595
0.0595
0.0595
0.007077
0.0595
0.0595
0.0595
0.0595
0.0595
0.0595
0.0595
0.0595
0.0595
0.0595
0.0595
0.0595
0.0595
0.0595
0.0595
0.0595
0.0595
0.0595
0.0595
0.0595
0.0595
0.0595
0.0595
0.0595
0.0595
0.0545658
0.0595
0.0595
0.0595
0.050205
0.0595
0.0595
0.0595
0.0595
0.0595
0.0595
0.0595
0.0595
0.0595
0.0595
0.0595
0.0595
0.0595
0.0595
0.0595
0.0555234
0.0595
0.0595
0.0595
0.0595
0.0595
0.0595
0.0595
0.0595
0.0595
0.0595
0.0527237
0.0595
0.0595
0.0595
0.0595
0.0563397
0.0595
0.0595
0.0595
0.0595
0.0595
0.0595
0.0595
0.0595
0.0595
0.0595
0.0595
0.0595
0.0595
0.0595
0.0595
0.0595
0.0595
0.0516571
0.0595
0.0595
0.0595
0.0595
0.0595
0.0595
0.0595
0.0595
0.0595
0.0595
0.0595
0.0595
0.0595
0.0592016
0.0595
0.0595
0.0595
0.0595
0.0595
0.0595
0.0595
0.0595
0.0595
0.0595
0.0595
0.0595
0.0595
0.0491308
0.0271585
0.0595
0.0595
0.0595
0.0567909
0.0595
0.0595
0.0595
0.0595
0.0104746
0.0595
0.0595
0.0595
0.0595
0.0595
0.0595
0.0380267
0.0595
0.0595
0.0595
0.0595
0.0595
0.0595
0.0595
0.0595
0.0595
0.0595
0.0595
0.0595
0.0595
0.0595
0.0595
0.0595
0.0595
0.0595
0.0595
0.0496884
0.0595
0.0595
0.0595
0.0595
0.0595
0.0595
0.0595
0.0575194
0.0595
0.0595
0.0595
0.0595
0.0595
0.0595
0.0595
0.0595
0.0595
0.0595
0.0520854
0.0595
0.0595
0.0595
0.0595
0.0595
0.0595
0.0595
0.0595
0.0595
0.0586554
0.0595
0.0589212
0.0595
0.0595
0.0595
0.0595
0.0595
0.0595
0.0595
0.0595
0.0595
0.0595
0.0595
0.0595
0.0595
0.0595
0.0595
0.0595
0.0595
0.0486989
0.0595
0.0588111
0.0595
0.0595
0.0595
0.0595
0.0595
0.0595
0.0595
0.0595
0.0595
0.0595
0.0595
0.0556043
0.0595
0.0595
0.0595
0.0595
0.0595
0.0595
0.0595
0.0595
0.0595
0.057733
0.00244797
0.0595
0.0595
0.0595
0.0595
0.0595
0.0540501
0.0595
0.0559056
0.0595
0.0595
0.0595
0.0595
0.0595
0.0595
0.0595
0.0595
0.0572215
0.0595
0.0595
0.0595
0.0595
0.0595
0.0595
0.0595
0.0595
0.0595
0.0595
0.0595
0.0595
0.0595
0.0595
0.0595
0.0595
0.0595
0.0595
0.0595
0.0595
0.0595
0.0595
0.0595
0.0595
0.0595
0.0595
0.0595
0.0595
0.0595
0.0595
0.0566012
0.0595
0.0595
0.0595
0.0595
0.0595
0.0595
0.0595
0.0595
0.0595
0.0595
0.0595
0.0595
0.0595
0.0595
0.0595
0.0542984
0.0595
0.0595
0.0595
0.0595
0.0595
0.0595
0.00863419
0.0595
0.0595
0.0595
0.0595
0.0595
0.0595
0.0595
0.0595
0.0595
0.0595
0.0595
0.0595
0.0595
0.0595
0.0595
0.0595
0.0595
0.0595
0.0595
0.0595
0.0595
0.0595
0.0595
0.0595
0.0595
0.0595
0.0573266
0.0595
0.0595
0.0595
0.0595
0.0595
0.0595
0.0595
0.0595
0.0595
0.0584287
0.0595
0.0595
0.0595
0.0595
0.0595
0.0595
0.0595
0.0595
0.0595
0.0595
0.0595
0.0595
0.0595
0.0595
0.0595
0.0595
0.0595
0.0595
0.0595
0.0595
0.0595
0.0595
0.0595
0.0595
0.0595
0.0595
0.0595
0.0595
0.0595
0.0595
0.0595
0.0595
0.0595
0.0595
0.055567
0.0595
0.05746
0.0595
0.0595
0.0595
0.0595
0.0595
0.0595
0.0595
0.0595
0.0595
0.0595
0.0595
0.0595
0.0595
0.0595
0.0595
0.0595
0.0595
0.0595
0.0595
0.0595
0.0595
0.0595
0.0595
0.0595
0.0499447
0.0595
0.0595
0.0595
0.0595
0.0595
0.0595
0.0595
0.0595
0.0595
0.0595
0.0595
0.0595
0.0595
0.0595
0.0595
0.0595
0.0595
0.0595
0.0595
0.053301
0.0595
0.0595
0.0595
0.00837811
0.0595
0.0483926
0.0595
0.0593705
0.0595
0.0584243
0.0595
0.0595
0.0595
0.0595
0.0595
0.0595
0.0595
0.0595
0.0595
0.0595
0.0595
0.0595
0.0595
0.0595
0.0595
0.0490312
0.0595
0.0595
0.0595
0.0595
0.0595
0.0595
0.0550043
0.0595
0.0595
0.0595
0.0557097
0.0559366
0.0595
0.0595
0.0517209
0.0595
0.0595
0.0519189
0.0595
0.0565958
0.0595
0.0595
0.0595
0.0595
0.0135129
0.0595
0.0572186
0.0595
0.0595
0.0595
0.0572608
0.0595
0.0595
0.0595
0.0595
0.0595
0.0595
0.0595
0.0595
0.0595
0.0595
0.0595
0.0595
0.0595
0.0595
0.0595
0.0595
0.0595
0.0595
0.0595
0.0595
0.0595
0.0595
0.0595
0.0595
0.0595
0.0595
0.0595
0.0595
0.0595
0.0595
0.0595
0.0595
0.0595
0.0498141
0.0595
0.0595
0.0595
0.0595
0.0595
0.0595
0.0595
0.0595
0.0595
0.0595
0.0595
0.0595
0.0595
0.0595
0.0595
0.0595
0.0595
0.0595
0.0595
0.0595
0.0595
0.0595
0.0595
0.0595
0.0595
0.0595
0.0595
0.0595
0.0595
0.0595
0.0595
0.0595
0.0595
0.0595
0.0595
0.0595
0.055617
0.0595
0.0595
0.0595
0.0595
0.0595
0.0595
0.0595
0.0595
0.0595
0.0595
0.0595
0.0595
0.0595
0.0595
0.0595
0.00825724
0.0595
0.0595
0.0595
0.0595
0.0595
0.0595
0.0595
0.0595
0.049996
0.0595
0.0595
0.0595
0.0595
0.0595
0.0595
0.0595
0.0595
0.0595
0.0595
0.0595
0.0595
0.0595
0.0595
0.0595
0.0595
0.0595
0.0595
0.0595
0.0509173
0.0595
0.0595
0.0595
0.0595
0.0595
0.0595
0.0595
0.0595
0.0595
0.0595
0.0595
0.0595
0.0595
0.0595
0.0595
0.0595
0.0595
0.0595
0.0595
0.0595
0.0595
0.0595
0.0595
0.0595
0.0595
0.0595
0.0595
0.0595
0.0595
0.0595
0.0595
0.0595
0.0595
0.0595
0.0595
0.0595
0.0575235
0.0496884
0.0595
0.0595
0.0595
0.0595
0.0595
0.0595
0.0595
0.0595
0.0485246
0.0595
0.0553579
0.0595
0.0595
0.0595
0.0595
0.0595
0.0595
0.0485595
0.0595
0.0595
0.0595
0.0595
0.0529577
0.0595
0.0595
0.0595
0.0595
0.0595
0.0595
0.0595
0.0595
0.0595
0.0595
0.0595
0.0595
0.0595
0.056853
0.0595
0.0595
0.0595
0.0595
0.0595
0.0595
0.0595
0.0595
0.0595
0.0492222
0.0595
0.0595
0.0595
0.0595
0.0595
0.0595
0.0595
0.0595
0.0595
0.0595
0.0595
0.0595
0.0595
0.0595
0.0499483
0.0595
0.0595
0.0595
0.0595
0.054972
0.0595
0.0595
0.0595
0.0595
0.0595
0.0595
0.0595
0.0595
0.0595
0.0595
0.0595
0.0595
0.0595
0.0595
0.0595
0.0595
0.0595
0.0595
0.0595
0.0595
0.0533938
0.0595
0.0595
0.0595
0.0595
0.0595
0.0501582
0.0595
0.0595
0.0595
0.0492122
0.0595
0.0595
0.0595
0.0595
0.0595
0.0595
0.0595
0.0595
0.0595
0.0595
0.0595
0.048977
0.0595
0.0595
0.0504823
0.0595
0.0595
0.0595
0.0595
0.0595
0.0595
0.0595
0.0595
0.0595
0.0595
0.0595
0.0595
0.0595
0.0595
0.0595
0.0595
0.0585575
0.0595
0.0595
0.0595
0.0595
0.0595
0.0595
0.0595
0.048558
0.0595
0.051134
0.0595
0.0564548
0.0595
0.0595
0.0595
0.0510501
0.0595
0.0595
0.0595
0.0595
0.0595
0.0595
0.0595
0.0595
0.0595
0.0595
0.0595
0.0502811
0.0595
0.0595
0.0595
0.0595
0.0595
0.0595
0.0595
0.0595
0.0595
0.0595
0.0491919
0.0501556
0.0595
0.0595
0.0595
0.0595
0.0595
0.0565262
0.0595
0.0595
0.0595
0.0595
0.0595
0.0595
0.0595
0.0595
0.0595
0.0595
0.0595
0.0595
0.0595
0.0595
0.0595
0.0595
0.0595
0.0595
0.0525485
0.0595
0.0595
0.0595
0.0595
0.0490201
0.0595
0.0595
0.0595
0.0595
0.0595
0.0595
0.0595
0.0595
0.0595
0.0483182
0.0595
0.0595
0.0540259
0.0595
0.0595
0.0595
0.0595
0.0595
0.0595
0.0595
0.0595
0.0595
0.0595
0.0595
0.0595
0.0595
0.0595
0.0595
0.0595
0.0595
0.0595
0.0595
0.0595
0.0595
0.0595
0.0595
0.0595
0.0483763
0.0595
0.0595
0.0595
0.0595
0.0595
0.0519801
0.0595
0.0595
0.0595
0.0595
0.0595
0.0595
0.0595
0.0595
0.0595
0.0595
0.0595
0.0595
0.0595
0.0595
0.0595
0.0595
0.0466621
0.0595
0.0595
0.0595
0.0595
0.0595
0.0595
0.0595
0.0595
0.0595
0.0595
0.0595
0.0496558
0.0595
0.0496558
0.0595
0.0595
0.0595
0.0595
0.0595
0.0595
0.0595
0.0595
0.0595
0.0595
0.0595
0.0595
0.0595
0.0595
0.0595
0.0595
0.0595
0.0595
0.0595
0.0595
0.0595
0.0595
0.0595
0.0595
0.0595
0.0595
0.0595
0.0595
0.0595
0.0554018
0.0595
0.0595
0.0595
0.0595
0.0495827
0.0595
0.0595
0.0595
0.0595
0.0595
0.0595
0.0595
0.0595
0.0595
0.0595
0.0595
0.0595
0.0595
0.0595
0.0595
0.0595
0.0595
0.0595
0.0595
0.0595
0.0595
0.0595
0.0489988
0.0595
0.0595
0.0595
0.0595
0.0595
0.0595
0.0595
0.0595
0.0595
0.0595
0.0595
0.0595
0.0595
0.0583763
0.0595
0.0595
0.0595
0.0450644
0.0595
0.0595
0.0595
0.0595
0.0595
0.0595
0.0595
0.0595
0.0595
0.0595
0.0595
0.0595
0.0595
0.0595
0.0595
0.0595
0.0595
0.0595
0.0595
0.0595
0.0595
0.0496558
0.0595
0.0595
0.0595
0.0595
0.0595
0.0595
0.0595
0.0595
0.0595
0.0595
0.0595
0.0595
0.0595
0.0595
0.0595
0.0595
0.0595
0.0595
0.0595
0.0595
0.0595
0.0595
0.0595
0.0595
0.0595
0.0595
0.0595
0.0500782
0.0566958
0.0595
0.0595
0.0580118
0.0595
0.0595
0.0595
0.0595
0.0595
0.0595
0.0595
0.0595
0.0595
0.0595
0.0595
0.0595
0.0595
0.0595
0.0595
0.0595
0.0595
0.0595
0.0595
0.0595
0.0595
0.0595
0.0595
0.0595
0.0595
0.0595
