0.0595
0.0595
0.0595
0.0595
0.0595
0.0595
0.0595
0.0595
0.0595
0.0595
0.0595
0.0595
0.0526781
0.0071019
0.0595
0.0595
0.0595
0.0595
0.0595
0.0595
0.0595
0.0595
0.0595
0.0595
0.0595
0.0595
0.0595
0.0595
0.0595
0.0595
0.0595
0.0595
0.0595
0.0595
0.0552409
0.0595
0.0595
0.0595
0.0595
0.0595
0.0595
0.0595
0.0595
0.0595
0.0103858
0.0595
0.0595
0.0493995
0.0595
0.0595
0.0595
0.0595
0.0595
0.0595
0.0595
0.0595
0.0595
0.0595
0.0595
0.0595
0.0595
0.0595
0.0595
0.0595
0.0595
0.0595
0.0595
0.0595
0.0595
0.0595
0.0595
0.0595
0.0595
0.0595
0.0595
0.0595
0.0595
0.0595
0.0595
0.0595
0.0595
0.0595
0.0595
0.0595
0.0595
0.0595
0.0595
0.0595
0.0595
0.0595
0.0595
0.0595
0.0595
0.0595
0.0595
0.0595
0.0595
0.0595
0.0595
0.0595
0.0595
0.0595
0.0595
0.0595
0.0595
0.0595
0.0595
0.0595
0.0595
0.0595
0.0595
0.0590232
0.0595
0.0595
0.0595
0.0595
0.0595
0.0595
0.0595
0.0595
0.0595
0.0595
0.0595
0.0595
0.0595
0.0595
0.0595
0.0595
0.0595
0.0595
0.0595
0.0595
0.0595
0.0595
0.0595
0.0595
0.0595
0.0595
0.0595
0.0595
0.0595
0.0595
0.0595
0.0595
0.0595
0.0595
0.0595
0.0595
0.0595
0.0595
0.0595
0.0595
0.0595
0.0496721
0.0595
0.0117642
0.0595
0.0595
0.0533798
0.0595
0.0595
0.0595
0.0595
0.0595
0.0595
0.0595
0.0595
0.0595
0.0595
0.0595
0.0595
0.0595
0.0595
0.0496558
0.0595
0.0595
0.0363546
0.0595
0.0595
0.0595
0.0595
0.0595
0.0595
0.0595
0.0595
0.0595
0.0595
0.0595
0.0595
0.0595
0.0595
0.0595
0.0555786
0.0595
0.0595
0.0595
0.0595
0.0595
0.0595
0.0595
0.0595
0.0595
0.0595
0.0595
0.0595
0.0595
0.0595
0.0595
0.0595
0.0595
0.0595
0.0595
0.0595
0.0595
0.0595
0.0595
0.0595
0.0595
0.0595
0.0595
0.0595
0.0595
0.0595
0.0595
0.0480347
0.00807811
0.0595
0.0595
0.0595
0.0595
0.0595
0.0496884
0.0595
0.0595
0.0595
0.0461288
0.0595
0.0595
0.0595
0.0595
0.0595
0.0595
0.0595
0.0595
0.0595
0.0595
0.0595
0.0595
0.0595
0.0595
0.0595
0.0595
0.0595
0.0595
0.0595
0.0595
0.0595
0.0595
0.0595
0.0595
0.0595
0.0595
0.0595
0.0595
0.0595
0.0595
0.0595
0.0595
0.0595
0.0595
0.0595
0.0595
0.0595
0.0595
0.0595
0.0595
0.0555528
0.0595
0.0595
0.0595
0.0595
0.0595
0.0595
0.0595
0.0595
0.0595
0.0595
0.0595
0.0595
0.0595
0.0595
0.0595
0.0595
0.0595
0.0595
0.0595
0.0595
0.0595
0.0595
0.0595
0.0595
0.0595
0.0503945
0.0595
0.0499279
0.0595
0.0595
0.0595
0.0595
0.0595
0.0595
0.0595
0.0595
0.0595
0.0595
0.0595
0.0595
0.0504593
0.0595
0.0595
0.0584969
0.0595
0.0595
0.0595
0.0595
0.0595
0.0595
0.0595
0.0595
0.0595
0.0595
0.0595
0.0595
0.0595
0.0506881
0.0595
0.0572626
0.0595
0.0595
0.0595
0.0595
0.0595
0.0595
0.0595
0.0595
0.0595
0.0595
0.0595
0.0595
0.0595
0.0595
0.0595
0.0595
0.0595
0.0595
0.0595
0.0595
0.0485624
0.0595
0.0595
0.0595
0.0595
0.0595
0.0595
0.0595
0.0595
0.0595
0.0595
0.0595
0.0595
0.0595
0.0595
0.0595
0.0595
0.0595
0.0595
0.0595
0.0595
0.0595
0.0595
0.0595
0.0595
0.0595
0.0595
0.0595
0.0595
0.0595
0.0595
0.0595
0.0595
0.0595
0.0595
0.0595
0.0595
0.0595
0.0595
0.0595
0.0595
0.0595
0.0595
0.0595
0.0595
0.0595
0.0595
0.0595
0.0595
0.0595
0.0595
0.0595
0.0595
0.0454388
0.0595
0.0595
0.0595
0.0595
0.0595
0.0595
0.0586749
0.0595
0.0595
0.0595
0.0595
0.0595
0.0595
0.0595
0.0595
0.0595
0.0595
0.0595
0.0595
0.0595
0.0595
0.0595
0.0595
0.0595
0.0595
0.0517317
0.0595
0.0595
0.0595
0.0595
0.0595
0.0595
0.055445
0.0595
0.0595
0.0595
0.0595
0.0595
0.0595
0.0595
0.0595
0.0108673
0.0595
0.0595
0.0595
0.0595
0.0595
0.0595
0.0595
0.0595
0.0595
0.0567593
0.0595
0.0595
0.0595
0.0565514
0.0595
0.0595
0.0595
0.0595
0.0595
0.0595
0.0595
0.0595
0.0595
0.0595
0.0595
0.0595
0.0485196
0.0496558
0.0595
0.0595
0.0595
0.0595
0.0590609
0.0595
0.0595
0.0595
0.0595
0.0595
0.0595
0.0595
0.0595
0.0595
0.0595
0.0595
0.0595
0.0595
0.0595
0.0486548
0.0595
0.0595
0.0595
0.0595
0.0595
0.0595
0.0595
0.0595
0.0595
0.0595
0.0595
0.0595
0.0595
0.0595
0.0595
0.0595
0.0595
0.0595
0.0595
0.0595
0.0595
0.0595
0.050781
0.0595
0.0595
0.0595
0.0595
0.0595
0.0595
0.0595
0.0595
0.0595
0.0595
0.0595
0.0595
0.0497425
0.0497268
0.0595
0.0595
0.0595
0.0595
0.0595
0.0595
0.0595
0.0595
0.0595
0.0595
0.0595
0.0595
0.0595
0.0595
0.0595
0.0595
0.0595
0.0595
0.0595
0.0595
0.0595
0.0595
0.0595
0.0595
0.0595
0.0595
0.0595
0.0595
0.0595
0.0595
0.0595
0.0595
0.0595
0.0595
0.0595
0.0595
0.0595
0.0595
0.0496884
0.0595
0.0595
0.0595
0.0595
0.0595
0.0595
0.0595
0.0595
0.0595
0.0595
0.0595
0.0595
0.0595
0.0595
0.0595
0.0595
0.0595
0.00353673
0.0595
0.0595
0.0595
0.0595
0.0595
0.0595
0.0595
0.0595
0.0595
0.0595
0.0595
0.0595
0.0595
0.0595
0.0595
0.0595
0.0595
0.0595
0.0595
0.0595
0.0595
0.0595
0.0496884
0.0595
0.0595
0.0595
0.0554182
0.0595
0.0595
0.0595
0.0595
0.0595
0.0595
0.0595
0.0595
0.0595
0.0595
0.0595
0.0595
0.0595
0.0595
0.0595
0.0595
0.0595
0.0595
0.0595
0.0595
0.0595
0.0595
0.0595
0.0595
0.0488218
0.0595
0.0595
0.0595
0.0595
0.0595
0.0595
0.0595
0.0595
0.0595
0.0595
0.0595
0.0595
0.0595
0.0595
0.0595
0.0595
0.0595
0.0595
0.0595
0.0595
0.0595
0.0595
0.0595
0.0595
0.0595
0.0595
0.0595
0.0595
0.0595
0.0595
0.0595
0.0595
0.0595
0.0595
0.0595
0.0595
0.0595
0.0595
0.0595
0.0595
0.0595
0.0595
0.0595
0.0595
0.0595
0.0595
0.0595
0.0595
0.0595
0.0595
0.0595
0.0595
0.0595
0.0595
0.0595
0.0595
0.0595
0.011012
0.0595
0.0595
0.0595
0.0595
0.0595
0.0595
0.0595
0.0595
0.0595
0.0595
0.0595
0.0595
0.0595
0.0595
0.0509449
0.0595
0.0595
0.0595
0.0595
0.0595
0.0595
0.0595
0.0595
0.0595
0.0595
0.0595
0.0595
0.0595
0.0595
0.0595
0.0595
0.0595
0.0595
0.0595
0.0595
0.0595
0.0595
0.0595
0.0595
0.0595
0.0595
0.0595
0.0595
0.0595
0.0595
0.0595
0.0595
0.0595
0.0595
0.0501352
0.0541189
0.0595
0.0595
0.0595
0.0595
0.0595
0.0595
0.0595
0.0595
0.0595
0.0595
0.0595
0.0595
0.0595
0.0595
0.0595
0.0595
0.0595
0.0595
0.0595
0.0595
0.0595
0.0595
0.0595
0.0595
0.0595
0.0595
0.0595
0.0595
0.0595
0.0595
0.0595
0.0595
0.0595
0.0512255
0.0595
0.0595
0.0595
0.0595
0.0595
0.0540876
0.0595
0.0595
0.0595
0.0595
0.0595
0.0595
0.0595
0.0595
0.0595
0.0595
0.0595
0.0595
0.0595
0.0595
0.0595
0.0595
0.0595
0.0595
0.0595
0.0595
0.0595
0.0595
0.0595
0.0595
0.0595
0.0595
0.0595
0.0595
0.0595
0.0595
0.0595
0.0595
0.0595
0.0595
0.0595
0.0595
0.0490341
0.0595
0.0595
0.0595
0.0595
0.0595
0.0595
0.0595
0.0595
0.0595
0.0484396
0.0595
0.0507351
0.0595
0.0595
0.0595
0.0595
0.0595
0.0595
0.0595
0.0595
0.0595
0.0595
0.0535262
0.0595
0.0595
0.0595
0.0595
0.0595
0.0595
0.0595
0.0595
0.0595
0.010562
0.0595
0.0595
0.0595
0.0595
0.0595
0.0595
0.0595
0.0595
0.0595
0.0595
0.0595
0.0595
0.0595
0.0595
0.0595
0.0507191
0.0595
0.0595
0.0595
0.0595
0.0595
0.0595
0.0595
0.0595
0.0595
0.0595
0.0097215
0.0595
0.0595
0.0595
0.0595
0.0595
0.0595
0.0595
0.0595
0.0595
0.0595
0.0595
0.0595
0.0595
0.0595
0.0595
0.0595
0.0595
0.0595
0.0438469
0.0595
0.0595
0.0595
0.0595
0.0595
0.0595
0.0595
0.0595
0.0595
0.0595
0.0595
0.0595
0.0595
0.0595
0.0595
0.0595
0.0595
0.0595
0.0595
0.0595
0.0525518
0.0595
0.0595
0.0595
0.0595
0.0595
0.0595
0.0595
0.0559056
0.0595
0.0595
0.0595
0.0595
0.0595
0.0595
0.0595
0.0595
0.0595
0.0595
0.0494638
0.0595
0.0529105
0.0595
0.0595
0.0595
0.0595
0.0595
0.0595
0.0595
0.0595
0.0595
0.0595
0.0595
0.0595
0.0595
0.0595
0.0595
0.0595
0.0595
0.0595
0.0595
0.0595
0.0595
0.0595
0.0595
0.0595
0.0595
0.0595
0.0595
0.0595
0.0595
0.0595
0.0595
0.0595
0.0595
0.0595
0.0595
0.0595
0.0595
0.0595
0.0595
0.0595
0.0595
0.0595
0.0595
0.0595
0.0595
0.0595
0.0595
0.0595
0.0595
0.0595
0.0496884
0.0595
0.0595
0.0595
0.0595
0.0595
0.0595
0.0595
0.0595
0.0582785
0.0595
0.0595
0.0595
0.0595
0.0595
0.0595
0.0595
0.0595
0.0595
0.0595
0.0595
0.0595
0.0595
0.0539407
0.0595
0.0595
0.0595
0.0595
0.0595
0.0592279
0.0532371
0.0595
0.0595
0.0595
0.0498716
0.0595
0.0595
0.0595
0.0595
0.0595
0.0595
0.0595
0.0595
0.0595
0.0595
0.0595
0.0595
0.0595
0.0516783
0.0595
0.0595
0.0595
0.0595
0.0491706
0.0595
0.0595
0.0501568
0.0595
0.0595
0.0595
0.0595
0.0595
0.0595
0.0595
0.0595
0.0595
0.0595
0.0595
0.0595
0.0595
0.0595
0.0595
0.0595
0.0595
0.0595
0.0531648
0.0595
0.0595
0.0595
0.0595
0.0595
0.0595
0.0595
0.0595
0.0595
0.0595
0.0595
0.0595
0.0595
0.0595
0.0595
0.0595
0.0595
0.0595
0.0487895
0.0581211
0.0595
0.0595
0.0595
0.0595
0.0595
0.0595
0.0595
0.0595
0.0595
0.0595
0.0595
0.050239
0.0595
0.0595
0.0595
0.0595
0.0595
0.0595
0.0595
0.0595
0.0595
0.0595
0.0595
0.0595
0.0595
0.0595
0.0595
0.0595
0.0595
0.0595
0.0595
0.0595
0.0595
0.0578811
0.0595
0.0595
0.0595
0.0595
0.0595
0.0595
0.0595
0.0564318
0.0595
0.0595
0.0595
0.0595
0.0595
0.0595
0.0595
0.0595
0.0595
0.0595
0.0595
0.0595
0.0595
0.0595
0.0595
0.0595
0.0595
0.0595
0.0595
0.0595
0.0595
0.0595
0.0595
0.0595
0.0595
0.0595
0.0595
0.0595
0.0595
0.0595
0.0595
0.0595
0.0595
0.0595
0.0595
0.0595
0.0595
0.0595
0.0595
0.0595
0.0595
0.0595
0.0595
0.0595
0.0595
0.0534122
0.0595
0.0595
0.0595
0.0595
0.0485577
0.0595
0.0595
0.0595
0.0595
0.0595
0.0595
0.0595
0.0595
0.0595
0.0595
0.0595
0.0595
0.0595
0.0595
0.0595
0.0595
0.0595
0.0595
0.0595
0.0595
0.0595
0.0558213
0.0575858
0.0595
0.0595
0.0595
0.0595
0.0595
0.0595
0.0595
0.0595
0.0595
0.0595
0.0595
0.0595
0.0595
0.0595
0.0595
0.0595
0.0595
0.0595
0.0595
0.0595
0.0595
0.0595
0.0595
0.0595
0.0595
0.0595
0.0595
0.0595
0.0595
0.0595
0.0595
0.0595
0.0595
0.0595
0.0595
0.0595
0.0595
0.0595
0.0595
0.0595
0.0595
0.0595
0.0595
0.0595
0.0595
0.0595
0.0595
0.0511094
0.0595
0.0595
0.0595
0.0595
0.0595
0.0595
0.0595
0.0595
0.0595
0.0595
0.0595
0.0595
0.0595
0.0595
0.0595
0.0595
0.0595
0.0595
0.0595
0.0595
0.0595
0.0595
0.0595
0.0595
0.0595
0.0595
0.0595
0.0595
0.0553221
0.0595
0.0595
0.0595
0.0496558
0.0595
0.0595
0.0595
0.0595
0.0595
0.0595
0.0595
0.0595
0.0508045
0.0595
0.0595
0.0595
0.0595
0.0595
0.0595
0.0595
0.0595
0.0595
0.0595
0.0595
0.0595
0.0595
0.0595
0.0595
0.0595
0.0595
0.0595
0.0595
0.0595
0.0595
0.0310214
0.0595
0.0595
0.0595
0.0595
0.0595
0.0595
0.0595
0.0595
0.0496884
0.0595
0.0595
0.0595
0.0595
0.0595
0.0595
0.0595
0.0595
0.0595
0.0496558
0.0595
0.0595
0.0587185
0.0595
0.0595
0.0595
0.0595
0.0595
0.0595
0.0595
0.0515703
0.0595
0.0595
0.0595
0.0595
0.0595
0.0595
0.0595
0.0595
0.0595
0.0584111
0.0595
0.0595
0.0595
0.0595
0.0595
0.0595
0.0595
0.0595
0.0595
0.0595
0.0595
0.0595
0.0595
0.0595
0.0595
0.0595
0.0595
0.0595
0.0595
0.0595
0.0160721
0.0595
0.0595
0.0595
0.0496884
0.0595
0.0595
0.0595
0.0595
0.0595
0.0595
0.0595
0.0595
0.0595
0.0595
0.0595
0.0595
0.0595
0.0595
0.0595
0.0595
0.0566891
0.0595
0.0595
0.0595
0.0595
0.0595
0.0595
0.0595
0.0595
0.0595
0.0595
0.0595
0.0595
0.0595
0.0595
0.0595
0.0595
0.0595
0.0595
0.0595
0.0595
0.0595
0.0595
0.0595
0.0595
0.048558
0.0582501
0.0595
0.0595
0.0595
0.0502763
0.0595
0.0595
0.0595
0.0595
0.0595
0.0595
0.0595
0.0595
0.0595
0.0595
0.0595
0.0595
0.0595
0.0490564
0.0595
0.0595
0.0595
0.0564321
0.0595
0.0595
0.0595
0.0595
0.0595
0.0595
0.0595
0.0595
0.0595
0.0595
0.0595
0.0595
0.0595
0.0595
0.0104746
0.0595
0.0595
0.0595
0.0496558
0.057181
0.0595
0.0595
0.0595
0.0595
0.0595
0.0595
0.0105866
0.0595
0.0595
0.0595
0.0595
0.0595
0.0595
0.0595
0.0595
0.0595
0.0504121
0.0595
0.048558
0.0595
0.0595
0.0595
0.0595
0.0595
0.0595
0.0595
0.0595
0.0595
0.0595
0.0595
0.0595
0.0595
0.0595
0.0595
0.0595
0.0595
0.0595
0.0595
0.0595
0.0595
0.0534586
0.0595
0.0595
0.0595
0.0595
0.0595
0.0595
0.0595
0.0595
0.0595
0.0595
0.0595
0.0595
0.0595
0.0595
0.0595
0.0595
0.0595
0.0595
0.0595
0.0595
0.0595
0.0595
0.0595
0.0595
0.0595
0.0595
0.0595
0.0496558
0.0595
0.0540898
0.0595
0.0595
0.0595
0.0595
0.0595
0.0595
0.0595
0.0595
0.0595
0.0595
0.0595
0.0595
0.0595
0.0595
0.0595
0.0595
0.0595
0.0595
0.0595
0.0595
0.0595
0.0595
0.0595
0.0595
0.0595
0.0595
0.0595
0.0595
0.0595
0.0595
0.0595
0.0595
0.0595
0.0595
0.0595
0.0595
0.0473773
0.0595
0.0595
0.0595
0.0595
0.0595
0.0595
0.0595
0.0595
0.0595
0.0595
0.0595
0.0595
0.0595
0.0595
0.0595
0.0595
0.0595
0.0595
0.0569502
0.0595
0.0595
0.0595
0.0595
0.0595
0.0595
0.0595
0.0595
0.0595
0.0595
0.0595
0.0595
0.0595
0.0595
0.0512476
0.0595
0.0595
0.0595
0.0595
0.0595
0.0595
0.0580053
0.0595
0.0595
0.0595
0.0595
0.0595
0.0595
0.0595
0.0595
0.0595
0.0595
0.0595
0.0595
0.0595
0.0595
0.0465471
0.0595
0.0595
0.0489385
0.0595
0.0595
0.0595
0.0595
0.0595
0.0595
0.0595
0.0595
0.0595
0.0595
0.0595
0.0595
0.0595
0.0595
0.0595
0.0595
0.0595
0.0595
0.0595
0.0595
0.0595
0.0595
0.0595
0.0595
0.0595
0.0595
0.0595
0.0595
0.0595
0.0595
0.0595
0.0126689
0.0595
0.0595
0.0595
0.0595
0.0595
0.0595
0.0595
0.0595
0.0595
0.0595
0.0595
0.0595
0.0595
0.0595
0.0595
0.0595
0.0595
0.0595
0.0595
0.0595
0.010958
0.0595
0.0595
0.0595
0.0595
0.0595
0.0595
0.0595
0.0595
0.0595
0.0595
0.0595
0.0595
0.0595
0.0595
0.0595
0.0595
0.0595
0.0595
0.0518473
0.0595
0.0595
0.0595
0.0595
0.0595
0.0595
0.0595
0.0595
0.0595
0.0595
0.0595
0.0595
0.0595
0.0595
0.0595
0.0595
0.0595
0.0595
0.0595
0.0595
0.0487898
0.0595
0.0595
0.0595
0.0595
0.0595
0.0595
0.0595
0.0595
0.0595
0.0595
0.0595
0.0595
0.0595
0.0595
0.0595
0.0595
0.0585271
0.0595
0.0595
0.0595
0.0595
0.0595
0.0595
0.0595
0.0595
0.0595
0.0595
0.0595
0.0595
0.0595
0.0595
0.0595
0.0100895
0.0595
0.0595
0.0595
0.0595
0.0595
0.0595
0.0595
0.0595
0.0595
0.0595
0.0595
0.0595
0.0595
0.0595
0.0595
0.0595
0.0595
0.0595
0.0595
0.0595
0.0595
0.0595
0.0595
0.0595
0.0595
0.0595
0.0595
0.0595
0.0595
0.0595
0.0595
0.0595
0.0595
0.0595
0.0595
0.0595
0.0595
0.0595
0.0595
0.0595
0.0595
0.0595
0.0595
0.0595
0.0595
0.0595
0.0595
0.0595
0.0595
0.0595
0.0595
0.0595
0.0595
0.0595
0.05013
0.0595
0.0595
0.0595
0.0595
0.0595
0.0595
0.0595
0.0595
0.0595
0.0595
0.0595
0.0595
0.0595
0.0595
0.0595
0.0595
0.0595
0.0595
0.0595
0.0595
0.0595
0.0595
0.0595
0.0595
0.0595
0.0595
0.0595
0.0595
0.0595
0.0595
0.0595
0.0595
0.0595
0.0595
0.0595
0.0595
0.0595
0.0595
0.0595
0.0595
0.0595
0.0574096
0.0595
0.0595
0.0595
0.0595
0.0595
0.0489951
0.0595
0.0595
0.0595
0.0519621
0.0595
0.0595
0.0595
0.0595
0.0496558
0.0595
0.0595
0.0595
0.0595
0.0595
0.0595
0.0595
0.0595
0.0595
0.0595
0.0595
0.0595
0.0595
0.0595
0.0595
0.0595
0.0595
0.0595
0.0595
0.0595
0.0595
0.050474
0.0486868
0.0595
0.0595
0.0595
0.0595
0.0595
0.0595
0.0595
0.0595
0.0595
0.0595
0.0595
0.0595
0.0595
0.0497168
0.0595
0.0595
0.0539811
0.0487125
0.0102807
0.0595
0.0595
0.0595
0.0595
0.0595
0.0595
0.0595
0.0595
0.0595
0.0595
0.0595
0.0595
0.0595
0.0595
0.0595
0.0595
0.0595
0.0595
0.0595
0.0595
0.0595
0.0595
0.0595
0.0595
0.0595
0.0595
0.0595
0.0595
0.0595
0.0595
0.053301
0.0595
0.0595
0.0595
0.0595
0.0595
0.0595
0.0595
0.0595
0.0595
0.0595
0.0595
0.0595
0.0595
0.0595
0.0595
0.0595
0.0595
0.0595
0.0595
0.0595
0.0595
0.0595
0.0595
0.0595
0.0595
0.0595
0.0593705
0.0595
0.0595
0.0595
0.0595
0.0595
0.0595
0.0595
0.0595
0.0595
0.0595
0.0595
0.0595
0.0595
0.0595
0.0595
0.0533168
0.0595
0.0595
0.0584243
0.0595
0.0595
0.0595
0.0595
0.0595
0.0595
0.0536607
0.0595
0.0595
0.0107611
0.0533469
0.0595
0.0595
0.0595
0.0595
0.0595
0.0595
0.0534099
0.0595
0.0595
0.0483141
0.0595
0.0595
0.0595
0.0595
0.0595
0.0595
0.0595
0.0595
0.0595
0.0595
0.0595
0.0595
0.0595
0.0595
0.0595
0.0595
0.0595
0.0595
0.0595
0.057613
0.0595
0.0595
0.0595
0.0595
0.0485055
0.0595
0.0595
0.0595
0.0595
0.0595
0.0595
0.0595
0.0595
0.0595
0.0595
0.0547253
0.0595
0.0595
0.0595
0.0595
0.0595
0.0595
0.0595
0.0595
0.0595
0.0595
0.0595
0.0595
0.0595
0.0595
0.0595
0.0595
0.0595
0.0595
0.0595
0.0595
0.0595
0.0595
0.0595
0.0595
0.0595
0.0595
0.0595
0.0595
0.0595
0.0595
0.0595
0.0595
0.0595
0.0595
0.0595
0.0595
0.0595
0.0595
0.0595
0.0595
0.0595
0.0595
0.0595
0.0595
0.0595
0.0595
0.0595
0.0595
0.0595
0.0503664
0.0595
0.0595
0.0595
0.0595
0.0595
0.0585562
0.0595
0.0595
0.0595
0.0595
0.0595
0.0595
0.0595
0.0595
0.0595
0.0595
0.0595
0.0595
0.0595
0.0595
0.0595
0.0595
0.0595
0.0595
0.0595
0.0595
0.0559505
0.0595
0.0595
0.0595
0.0595
0.0578723
0.0595
0.0595
0.0595
0.0513641
0.0595
0.0595
0.0595
0.0595
0.0595
0.0595
0.0595
0.0595
0.0595
0.0595
0.0595
0.0595
0.0595
0.0595
0.0595
0.0595
0.0595
0.0595
0.0595
0.0595
0.0595
0.0595
0.0595
0.0595
0.0496884
0.0595
0.0595
0.0595
0.0595
0.0595
0.0595
0.0595
0.0595
0.0595
0.0595
0.0595
0.0595
0.0595
0.0595
0.0520969
0.0595
0.0595
0.0595
0.0595
0.0595
0.0595
0.0595
0.0595
0.0595
0.0595
0.0595
0.0595
0.0595
0.0595
0.0595
0.0595
0.0595
0.0595
0.0595
0.0595
0.0595
0.052794
0.0496558
0.0595
0.0595
0.0595
0.0595
0.0595
0.0595
0.0595
0.0595
0.0595
0.0575624
0.0595
0.0595
0.0595
0.0595
0.0595
0.0595
0.0595
0.0595
0.0595
0.0595
0.0595
0.0595
0.0595
0.0595
0.0566012
0.0595
0.0595
0.0595
0.0595
0.0595
0.0595
0.0595
0.0595
0.0595
0.0508994
0.0595
0.0595
0.0595
0.0595
0.0595
0.0595
0.0595
0.0595
0.0595
0.0595
0.0595
0.0595
0.0595
0.054102
0.0595
0.0595
0.0595
0.0595
0.0595
0.0595
0.0595
0.0522008
0.0595
0.0595
0.0595
0.0595
0.0595
0.0595
0.0595
0.0595
0.0595
0.0595
0.0595
0.0595
0.0595
0.0595
0.0595
0.0595
0.0595
0.0595
0.0595
0.0595
0.0537211
0.0512439
0.0595
0.0595
0.0595
0.0595
0.0595
0.0595
0.0595
0.0595
0.0595
0.0502036
0.0595
0.0595
0.0595
0.0595
0.00754822
0.0595
0.0595
0.0587384
0.0595
0.0595
0.0595
0.0595
0.0595
0.0595
0.0595
0.0595
0.0595
0.0595
0.0595
0.0595
0.0595
0.0595
0.0595
0.0595
0.0595
0.0595
0.0595
0.0595
0.0595
0.0595
0.0595
0.0595
0.0595
0.0595
0.0595
0.0595
0.0595
0.0595
0.0516215
0.0595
0.0595
0.0595
0.0595
0.0595
0.054817
0.0595
0.0595
0.0595
0.0595
0.0595
0.0595
0.0595
0.0595
0.0595
0.0595
0.0595
0.0595
0.0595
0.0595
0.0595
0.0595
0.0595
0.048996
0.0595
0.0595
0.0595
0.0595
0.0595
0.0595
0.0595
0.0595
0.0595
0.0595
0.0595
0.0595
0.0595
0.0595
0.0595
0.0595
0.0496884
0.0595
0.0595
0.0595
0.00931304
0.0595
0.0595
0.0595
0.0595
0.0595
0.0595
0.0595
0.0595
0.0595
0.0595
0.0595
0.0595
0.0595
0.0595
0.0595
0.0595
0.0549656
0.0595
0.0595
0.0595
0.0595
0.0595
0.0595
0.0595
0.0595
0.054538
0.0595
0.0595
0.0595
0.0595
0.0595
0.0595
0.0124295
0.0595
0.0595
0.0595
0.0595
0.0595
0.0595
0.0595
0.0595
0.0448394
0.0595
0.0595
0.0595
0.0595
0.0595
0.0595
0.0595
0.0595
0.0595
0.0595
0.0595
0.0595
0.0595
0.0595
0.0595
0.0595
0.0595
0.0595
0.0595
0.0595
0.0595
0.0595
0.0516042
0.0595
0.0595
0.0595
0.0595
0.0595
0.0595
0.0595
0.0595
0.0595
0.0595
0.00375093
0.0595
0.0595
0.0595
0.0595
0.0595
0.0595
0.0595
0.0595
0.0496884
0.0595
0.0595
0.0595
0.0595
0.0595
0.054388
0.0595
0.0595
0.0595
0.0595
0.0595
0.0595
0.0595
0.0595
0.0595
0.0496884
0.0595
0.0595
0.0595
0.0595
0.0595
0.0595
0.0595
0.0595
0.0595
0.0595
0.0595
0.0595
0.0595
0.0595
0.0595
0.0595
0.0595
0.0595
0.0595
0.0595
0.0595
0.0595
0.0595
0.0595
0.0595
0.0595
0.0595
0.0595
0.0595
0.0595
0.0595
0.0595
0.0595
0.0595
0.0595
0.0595
0.0595
0.0512994
0.0595
0.0595
0.0595
0.0595
0.0595
0.0595
0.0595
0.0595
0.0595
0.0595
0.0595
0.0595
0.010269
0.0104372
0.0595
0.0595
0.0595
0.0595
0.0595
0.0595
0.0104938
0.0595
0.0595
0.0595
0.0595
0.0595
0.0595
0.0595
0.0595
0.0570873
0.0595
0.0595
0.0595
0.0595
0.0595
0.0595
0.0595
0.0496558
0.0595
0.0595
0.0595
0.0595
0.0595
0.0595
0.0595
0.0595
0.0595
0.0595
0.0595
0.0595
0.0595
0.0591983
0.0595
0.0595
0.0580444
0.0595
0.0595
0.0595
0.0595
0.0595
0.0595
0.0595
0.0595
0.0595
0.0595
0.0595
0.0595
0.0595
0.0595
0.0595
0.0595
0.0595
0.0538764
0.0569968
0.0595
0.0595
0.0595
0.057673
0.0595
0.0556001
0.0595
0.0595
0.0595
0.0595
0.0595
0.0595
0.0595
0.0595
0.0595
0.0595
0.0595
0.0595
0.0595
0.0595
0.0581154
0.0595
0.0595
0.0595
0.0595
0.0595
0.0595
0.0595
0.0595
0.0595
0.0595
0.0595
0.0595
0.0595
0.0595
0.0595
0.0595
0.0482924
0.0595
0.0595
0.0595
0.0595
0.0595
0.0595
0.0595
0.0595
0.0595
0.0595
0.0595
0.0595
0.0595
0.0595
0.0595
0.0595
0.0595
0.0595
0.0595
0.0595
0.0595
0.0595
0.0595
0.0595
0.0595
0.0595
0.0595
0.0595
0.0595
0.0595
0.0595
0.0595
0.0595
0.0595
0.0595
0.0595
0.0595
0.0595
0.0574444
0.0595
0.0590612
0.0503097
0.00797318
0.0595
0.0595
0.0595
0.0595
0.0595
0.0595
0.0595
0.0595
0.0595
0.0595
0.0595
0.0595
0.0595
0.0595
0.0595
0.0595
0.0595
0.0595
0.0595
0.0101256
0.0595
0.0595
0.0595
0.0439226
0.0595
0.0595
0.0595
0.0595
0.0595
0.0595
0.0595
0.0595
0.0595
0.0595
0.0595
0.0595
0.0226357
0.0595
0.0595
0.0595
0.0595
0.0595
0.0595
0.055617
0.0595
0.0595
0.0595
0.0595
0.00762831
0.0595
0.0051128
0.0595
0.0595
0.0595
0.0595
0.0595
0.0595
0.0595
0.0595
0.0595
0.0595
0.0595
0.0595
0.0595
0.0595
0.0595
0.0595
0.0595
0.0595
0.0390487
0.0532584
0.0595
0.0595
0.0595
0.0595
0.0595
0.0595
0.0595
0.0595
0.0595
0.0595
0.0595
0.0595
0.0595
0.0595
0.0595
0.0595
0.0595
0.0595
0.0595
0.010614
0.0595
0.0595
0.0595
0.0595
0.0595
0.0595
0.0595
0.0595
0.0595
0.0595
0.0595
0.0595
0.0595
0.0595
0.0595
0.0595
0.0595
0.0595
0.0595
0.0595
0.0595
0.0595
0.0595
0.0595
0.0595
0.0595
0.0595
0.0595
0.0595
0.0595
0.0595
0.0595
0.0595
0.0595
0.0595
0.0595
0.0595
0.0595
0.0595
0.0595
0.0595
0.0595
0.0595
0.0595
0.0595
0.0595
0.0595
0.04934
0.0595
0.0595
0.0595
0.0595
0.0595
0.0595
0.0595
0.0595
0.0595
0.0595
0.0595
0.0595
0.0595
0.0595
0.0595
0.0595
0.0595
0.0595
0.0595
0.0595
0.0595
0.0595
0.0595
0.0595
0.0595
0.0595
0.0595
0.0595
0.048558
0.0595
0.0595
0.0595
0.0595
0.0595
0.0595
0.0595
0.0595
0.0595
0.0595
0.0595
0.0595
0.0595
0.0595
0.0595
0.0595
0.0595
0.0595
0.0595
0.0595
0.0595
0.0595
0.0595
0.0595
0.0595
0.0595
0.0595
0.0595
0.0595
0.0595
0.0595
0.0595
0.0595
0.0595
0.0595
0.0595
0.0595
0.0595
0.0595
0.0595
0.0595
0.0595
0.0595
0.0595
0.0595
0.0595
0.0595
0.0595
0.0595
0.0595
0.0595
0.0595
0.0595
0.0595
0.0595
0.0595
0.0488017
0.0595
0.0595
0.0595
0.0595
0.0595
0.0595
0.0595
0.0595
0.0595
0.0595
0.0595
0.0595
0.0595
0.0595
0.0595
0.0595
0.0595
0.0595
0.0595
0.0595
0.0595
0.0595
0.0595
0.0595
0.0595
0.0595
0.0595
0.0595
0.0595
0.0595
0.0595
0.0595
0.0595
0.0595
0.0595
0.0595
0.0595
0.0595
0.0595
0.0595
0.0595
0.0541802
0.0595
0.0595
0.0566652
0.0595
0.0595
0.0595
0.0595
0.0595
0.0595
0.0595
0.0595
0.0595
0.0595
0.0595
0.0595
0.0595
0.0595
0.0595
0.0595
0.0595
0.0595
0.0595
0.0595
0.0595
0.0595
0.0496558
0.0595
0.0595
0.0595
0.050176
0.0595
0.0595
0.0595
0.0595
0.0595
0.0595
0.0595
0.0595
0.0595
0.0595
0.0595
0.0595
0.0595
0.0595
0.0595
0.0595
0.0595
0.0595
0.0595
0.0595
0.0595
0.0595
0.0595
0.0595
0.0595
0.0595
0.0595
0.0595
0.0537895
0.0595
0.0595
0.0595
0.0595
0.0595
0.0466512
0.0595
0.0595
0.0595
0.0595
0.0573554
0.0595
0.0595
0.0595
0.0595
0.0595
0.0595
0.0595
0.0595
0.0595
0.00384309
0.0595
0.0595
0.0595
0.0595
0.0595
0.0595
0.0595
0.0595
0.0595
0.0595
0.0595
0.0595
0.0595
0.0595
0.0595
0.0595
0.0595
0.0595
0.0595
0.0595
0.0595
0.0595
0.0595
0.0595
0.0595
0.0595
0.0595
0.0595
0.0595
0.038939
0.0595
0.0595
0.0595
0.0595
0.0595
0.0595
0.0595
0.0595
0.00962824
0.0595
0.0595
0.0595
0.0595
0.0595
0.0595
0.0595
0.0595
0.0595
0.0517349
0.0595
0.0595
0.0595
0.0595
0.0595
0.0595
0.0595
0.0595
0.0595
0.0539019
0.0595
0.0595
0.0595
0.0483858
0.0595
0.0595
0.0595
0.0595
0.0595
0.0595
0.0595
0.0595
0.0595
0.0595
0.0595
0.0595
0.057733
0.0484002
0.0563158
0.0595
0.0595
0.0595
0.0595
0.0595
0.0595
0.0595
0.0595
0.0595
0.0595
0.0595
0.0595
0.0595
0.0595
0.0595
0.0595
0.0595
0.0595
0.00736358
0.0595
0.0502256
0.0595
0.0595
0.0595
0.0595
0.0595
0.0595
0.0595
0.0595
0.0595
0.0595
0.0595
0.0595
0.0595
0.0595
0.0595
0.0595
0.0595
0.0432568
0.0595
0.0109672
0.0595
0.0595
0.0595
0.00889049
0.0595
0.0595
0.0595
0.0595
0.0595
0.0595
0.048558
0.0595
0.0595
0.0595
0.0595
0.0595
0.0595
0.0595
0.0595
0.0595
0.0595
0.0595
0.0595
0.00801897
0.0595
0.0595
0.0595
0.0595
0.0595
0.0595
0.0595
0.0595
0.0595
0.0595
0.0595
0.0595
0.0595
0.0595
0.0595
0.0595
0.0595
0.0595
0.0595
0.0595
0.0595
0.0595
0.0595
0.0595
0.0595
0.0595
0.0544843
0.0595
0.0595
0.0595
0.0595
0.0595
0.0595
0.0595
0.0595
0.0595
0.0595
0.0595
0.0595
0.0595
0.0595
0.0595
0.0595
0.0595
0.0595
0.0595
0.0595
0.0595
0.0595
0.0595
0.0595
0.0595
0.0595
0.0595
0.0595
0.0595
0.053819
0.0595
0.0595
0.0090422
0.0595
0.0595
0.0595
0.0595
0.0595
0.0595
0.0554958
0.0595
0.0595
0.0595
0.0595
0.0595
0.0595
0.0595
0.0494127
0.0595
0.0595
0.0595
0.0595
0.0595
0.0595
0.0595
0.0595
0.0595
0.0595
0.0595
0.0595
0.0595
0.0595
0.0501831
0.0595
0.0423342
0.0595
0.0595
0.0595
0.0595
0.0595
0.0554813
0.0595
0.0595
0.0595
0.0595
0.0595
0.0595
0.0595
0.0570397
0.0595
0.0595
0.0595
0.0595
0.0595
0.0595
0.0595
0.0595
0.0595
0.0595
0.0595
0.0595
0.0595
0.0595
0.0595
0.0595
0.0540197
0.0595
0.0593188
0.0595
0.0595
0.0595
0.0595
0.0595
0.0559366
0.0595
0.0595
0.0592088
0.0595
0.0595
0.0595
0.0521791
0.0595
0.0556093
0.0595
0.0595
0.0595
0.0595
0.0595
0.0595
0.0595
0.0595
0.0595
0.0595
0.0595
0.0595
0.0595
0.0595
0.0595
0.0595
0.0595
0.0595
0.0595
0.0595
0.048558
0.0595
0.0595
0.0595
0.0595
0.0595
0.0595
0.0595
0.0595
0.0595
0.0595
0.0595
0.0595
0.0595
0.0595
0.0595
0.0595
0.0595
0.0595
0.0595
0.0595
0.0595
0.0595
0.0595
0.0103694
0.0595
0.0595
0.0505883
0.0595
0.0595
0.0101198
0.0595
0.0595
0.0595
0.0595
0.0595
0.0595
0.0595
0.0595
0.0595
0.0595
0.0595
0.0595
0.0595
0.0595
0.0595
0.0595
0.0595
0.0595
0.0595
0.0595
0.0595
0.0595
0.0595
0.0595
0.0595
0.0595
0.0595
0.0595
0.0595
0.0595
0.0595
0.0595
0.0595
0.0595
0.0595
0.0595
0.0595
0.0595
0.0595
0.0595
0.0595
0.0595
0.0595
0.0595
0.0595
0.0595
0.0595
0.0498303
0.0595
0.0595
0.0595
0.0595
0.0595
0.0595
0.0595
0.0583892
0.0595
0.0595
0.0595
0.0595
0.0595
0.0595
0.0595
0.0595
0.0595
0.0595
0.0595
0.0595
0.0595
0.0595
0.0595
0.0595
0.0595
0.0595
0.0595
0.0595
0.0595
0.0595
0.0595
0.0529934
0.0595
0.0595
0.0595
0.0595
0.0595
0.0595
0.0595
0.0595
0.0595
0.0595
0.0595
0.0595
0.0595
0.0595
0.0595
0.0595
0.0595
0.0595
0.0595
0.0553566
0.0595
0.0595
0.0595
0.0595
0.0595
0.0595
0.0595
0.0595
0.0595
0.0595
0.0595
0.0595
0.0595
0.0595
0.0595
0.00793178
0.0595
0.0595
0.0501399
0.00399562
0.0551968
0.0595
0.0595
0.0595
0.0595
0.0595
0.0509849
0.0595
0.0595
0.0595
0.0595
0.0595
0.0595
0.0491372
0.0595
0.0595
0.0595
0.0595
0.0595
0.0595
0.0595
0.0595
0.0595
0.0595
0.0595
0.0595
0.0595
0.0595
0.0595
0.0595
0.0595
0.0499915
0.0595
0.0595
0.0595
0.0595
0.0595
0.0595
0.0595
0.0595
0.0595
0.0595
0.0595
0.0595
0.0595
0.0595
0.0595
0.0595
0.0595
0.0595
0.0595
0.0595
0.0595
0.0595
0.0595
0.0595
0.0595
0.0595
0.0545161
0.0595
0.0595
0.0595
0.0595
0.0496884
0.0595
0.0595
0.0595
0.0595
0.0595
0.0595
0.0595
0.0595
0.0595
0.0595
0.0459208
0.0104758
0.0595
0.0453636
0.0595
0.0595
0.0595
0.0328342
0.0595
0.0595
0.0595
0.0595
0.0595
0.0595
0.0595
0.0595
0.0595
0.0595
0.0595
0.0595
0.0595
0.0595
0.0595
0.0595
0.0595
0.0595
0.0595
0.0595
0.0595
0.0595
0.0595
0.0536649
0.0485973
0.0595
0.0495615
0.0595
0.0595
0.0595
0.0595
0.0595
0.0595
0.0595
0.0595
0.0595
0.0595
0.0595
0.0595
0.0595
0.0595
0.0595
0.0595
0.0595
0.0595
0.0578291
0.056204
0.0595
0.0595
0.0595
0.0595
0.0595
0.0595
0.0595
0.0595
0.0595
0.0595
0.0595
0.0506993
0.0595
0.0595
0.0595
0.0595
0.0595
0.0595
0.0595
0.0595
0.0137988
0.0595
0.0595
0.0595
0.0595
0.0595
0.0595
0.0595
0.0509418
0.0595
0.0595
0.0595
0.0595
0.0595
0.0595
0.0595
0.0595
0.0595
0.0595
0.0595
0.0595
0.0595
0.0595
0.0546196
0.0595
0.0595
0.0595
0.0595
0.0495158
0.0595
0.0553598
0.0595
0.0595
0.0595
0.0595
0.0592226
0.0595
0.0595
0.0595
0.0595
0.0509036
0.0595
0.0595
0.0595
0.0595
0.0595
0.0595
0.0595
0.0595
0.0595
0.0595
0.0595
0.0595
0.0595
0.0556605
0.0595
0.0595
0.0595
0.0595
0.0595
0.0532066
0.0595
0.0491406
0.0595
0.0595
0.0595
0.0595
0.0595
0.0595
0.0595
0.0595
0.0595
0.0595
0.0595
0.0595
0.0595
0.0595
0.0595
0.0595
0.0595
0.0595
0.0557636
0.0595
0.0595
0.0595
0.0595
0.0595
0.0595
0.0595
0.0595
0.0595
0.0595
0.0595
0.0595
0.048558
0.0595
0.0595
0.0595
0.0595
0.0595
0.0595
0.0595
0.0595
0.0595
0.0595
0.0595
0.0595
0.0595
0.0595
0.0595
0.0525909
0.0595
0.0524801
0.0595
0.0595
0.0595
0.0595
0.0595
0.0595
0.0595
0.0595
0.0595
0.0595
0.0595
0.0595
0.0595
0.0595
0.0595
0.0595
0.0595
0.0595
0.0595
0.0595
0.0595
0.0595
0.0595
0.0595
0.0595
0.0595
0.0595
0.0595
0.0595
0.0595
0.0595
0.0595
0.0595
0.0496558
0.0595
0.0595
0.0595
0.0595
0.0595
0.0595
0.0595
0.0595
0.0595
0.0595
0.0595
0.0595
0.0595
0.0595
0.0566111
0.0595
0.0595
0.0595
0.0595
0.0595
0.0595
0.0595
0.0595
0.0595
0.0595
0.0595
0.0595
0.0595
0.0595
0.0595
0.0595
0.0595
0.059309
0.0595
0.0595
0.0595
0.0595
0.0595
0.0105135
0.0595
0.0595
0.0595
0.0595
0.0595
0.0595
0.0595
0.0595
0.0595
0.0595
0.0595
0.0595
0.0510493
0.0595
0.0595
0.0595
0.0595
0.0595
0.0595
0.0595
0.0595
0.0595
0.0595
0.0595
0.0595
0.0595
0.0595
0.0595
0.0595
0.0595
0.0595
0.0595
0.0595
0.0595
0.0595
0.0595
0.0110177
0.0595
0.0595
0.0595
0.0595
0.0595
0.0595
0.0595
0.0595
0.0595
0.0595
0.0595
0.059398
0.0595
0.0595
0.0595
0.0595
0.0595
0.0595
0.0595
0.0595
0.0595
0.0595
0.0595
0.0595
0.0595
0.0595
0.0595
0.0595
0.0595
0.0595
0.0595
0.0513443
0.0595
0.0595
0.0595
0.0595
0.0575194
0.0595
0.0595
0.0595
0.0595
0.0595
0.0595
0.0595
0.0595
0.0595
0.0595
0.0595
0.0595
0.0595
0.0595
0.0595
0.0595
0.0595
0.0595
0.052875
0.0595
0.0595
0.0595
0.0595
0.0595
0.0595
0.0595
0.0595
0.0595
0.0595
0.0595
0.0595
0.0595
0.0595
0.0595
0.0595
0.0595
0.0595
0.0595
0.0562244
0.0595
0.0595
0.0595
0.0595
0.0595
0.00825724
0.0595
0.0573437
0.0595
0.0595
0.0595
0.0595
0.0595
0.0595
0.0595
0.0595
0.0595
0.0595
0.0570316
0.0563657
0.0595
0.0595
0.0595
0.0595
0.0595
0.0595
0.0595
0.0484941
0.0595
0.0595
0.0595
0.0570654
0.0595
0.0595
0.0595
0.053701
0.0595
0.0595
0.0595
0.0595
0.0595
0.0595
0.0595
0.0595
0.0595
0.0595
0.0595
0.0595
0.0595
0.0595
0.0595
0.0595
0.0595
0.0595
0.0595
0.0564548
0.0595
0.0595
0.0595
0.0595
0.0595
0.0595
0.0595
0.0595
0.0595
0.0595
0.0595
0.0595
0.0595
0.0595
0.0595
0.0595
0.0106678
0.0595
0.0567513
0.0595
0.0526952
0.0595
0.0595
0.0595
0.0595
0.0595
0.0595
0.0595
0.0595
0.0595
0.0595
0.0595
0.0595
0.0595
0.0595
0.0595
0.0595
0.0595
0.0595
0.0595
0.0595
0.0595
0.0595
0.0595
0.0595
0.0595
0.0595
0.0595
0.0595
0.0595
0.0595
0.0595
0.0595
0.0595
0.0595
0.0595
0.0595
0.0595
0.00215109
0.0595
0.0595
0.0424427
0.0595
0.0595
0.0595
0.0567678
0.0595
0.0595
0.0595
0.0595
0.0595
0.0595
0.0595
0.0595
0.0595
0.0595
0.0595
0.0595
0.048558
0.0595
0.0595
0.0595
0.0595
0.0595
0.0595
0.0595
0.0595
0.0595
0.0595
0.0595
0.0595
0.0595
0.0595
0.0595
0.0595
0.0595
0.0595
0.0595
0.0595
0.0595
0.0595
0.0595
0.0595
0.0595
0.0595
0.0595
0.0595
0.0490201
0.0595
0.0595
0.0588111
0.0595
0.0595
0.0595
0.0595
0.0595
0.0595
0.0595
0.0595
0.0595
0.0595
0.0595
0.0595
0.0595
0.0595
0.0595
0.0595
0.0490921
0.0595
0.0595
0.0595
0.0595
0.0595
0.0595
0.0595
0.0595
0.0595
0.0595
0.0595
0.0595
0.0595
0.0595
0.0595
0.0595
0.0595
0.0595
0.0595
0.0554617
0.0595
0.0595
0.0595
0.0489117
0.0595
0.0595
0.0595
0.0595
0.0595
0.0595
0.0595
0.0108438
0.0595
0.0595
0.0595
0.0595
0.0595
0.0595
0.0595
0.0595
0.0595
0.0595
0.0595
0.0108147
0.0595
0.0595
0.0595
0.0595
0.0595
0.0595
0.0595
0.0595
0.0595
0.0595
0.0595
0.0595
0.0595
0.0595
0.0595
0.0595
0.0595
0.0595
0.0595
0.0595
0.0595
0.0595
0.0595
0.0595
0.0595
0.0534977
0.0595
0.0595
0.0595
0.0595
0.0595
0.0595
0.0595
0.0595
0.0595
0.0595
0.0595
0.0595
0.0595
0.0595
0.0595
0.0595
0.0595
0.0595
0.0595
0.0595
0.0595
0.0595
0.0595
0.0595
0.0595
0.0595
0.0595
0.0595
0.0595
0.0595
0.0595
0.0595
0.0595
0.0595
0.0595
0.0595
0.0595
0.0595
0.0595
0.0595
0.0595
0.0595
0.0595
0.0595
0.0595
0.0595
0.0595
0.0595
0.0595
0.0595
0.0595
0.0595
0.0595
0.0595
0.0595
0.0595
0.0595
0.0595
0.0595
0.0595
0.0592401
0.0595
0.0595
0.0595
0.0493113
0.0595
0.0595
0.0496884
0.0595
0.0595
0.0595
0.0595
0.0595
0.0595
0.0595
0.0595
0.0595
0.0595
0.0595
0.0595
0.0595
0.0595
0.0595
0.0595
0.0595
0.0595
0.0595
0.0495132
0.0595
0.0595
0.0595
0.0595
0.0595
0.0595
0.0595
0.0595
0.0595
0.0595
0.0595
0.0595
0.0595
0.0595
0.0595
0.0595
0.0595
0.0595
0.0595
0.0595
0.0595
0.0595
0.0595
0.0595
0.0595
0.0512209
0.0595
0.0595
0.0595
0.0595
0.0595
0.0595
0.0595
0.0595
0.0595
0.0595
0.0595
0.0595
0.0595
0.0595
0.0595
0.0595
0.0595
0.0595
0.0595
0.0595
0.0595
0.0595
0.0595
0.0595
0.0595
0.0595
0.0595
0.0595
0.0595
0.0595
0.0595
0.0565124
0.0595
0.0595
0.0595
0.0595
0.0595
0.0595
0.0595
0.0595
0.0595
0.0595
0.00763632
0.0595
0.0595
0.0595
0.0595
0.0595
0.0595
0.0595
0.0595
0.0595
0.0595
0.0595
0.0595
0.0595
0.0595
0.0595
0.0595
0.0595
0.0595
0.0595
0.0595
0.0547722
0.0595
0.0595
0.0595
0.0595
0.0595
0.0595
0.0595
0.0595
0.0595
0.0595
0.0595
0.0595
0.0595
0.0595
0.0595
0.0595
0.0595
0.0595
0.0595
0.0595
0.0595
0.0595
0.050398
0.0595
0.0595
0.0595
0.0563027
0.0595
0.0595
0.0595
0.0595
0.0595
0.0595
0.0595
0.0595
0.0595
0.0595
0.0595
0.0595
0.0595
0.0595
0.0595
0.0546678
0.0595
0.0595
0.0595
0.0496558
0.0595
0.0595
0.0595
0.0595
0.0595
0.0595
0.0595
0.0482708
0.0595
0.0595
0.050044
0.0595
0.0595
0.0595
0.0497786
0.0469964
0.00267379
0.0595
0.0595
0.0595
0.0595
0.0595
0.0595
0.0595
0.0595
0.0595
0.0595
0.0595
0.0595
0.0595
0.0595
0.0595
0.0595
0.0595
0.0496303
0.0595
0.0595
0.0595
0.0484413
0.0595
0.0595
0.0595
0.0595
0.0595
0.0595
0.0595
0.0595
0.0595
0.0595
0.0595
0.0595
0.0595
0.0595
0.0595
0.0595
0.0595
0.0595
0.0595
0.0595
0.0595
0.0595
0.0595
0.0595
0.0595
0.0595
0.0595
0.0595
0.0595
0.0595
0.0595
0.0595
0.0595
0.0595
0.0595
0.0595
0.0595
0.0595
0.0595
0.0595
0.0595
0.0595
0.0595
0.0595
0.0595
0.0595
0.0595
0.0595
0.0513642
0.0595
0.0595
0.0595
0.0595
0.0595
0.0595
0.0595
0.0595
0.0595
0.0595
0.0595
0.0595
0.0595
0.0595
0.0595
0.0567456
0.0595
0.0595
0.0595
0.0595
0.0595
0.0595
0.0595
0.0565958
0.0595
0.0595
0.0595
0.0595
0.0507731
0.0559341
0.0595
0.0595
0.0595
0.0595
0.0595
0.0595
0.0595
0.0595
0.0595
0.0595
0.0595
0.0595
0.0595
0.0595
0.0595
0.0595
0.0595
0.0595
0.0595
0.0595
0.0486981
0.0595
0.0595
0.0545516
0.0595
0.0595
0.0517513
0.0595
0.048533
0.0595
0.0595
0.0595
0.0595
0.0595
0.0595
0.0595
0.0595
0.0573659
0.0595
0.0595
0.0595
0.0595
0.0595
0.0595
0.0579765
0.0581846
0.0595
0.0595
0.0595
0.0595
0.0595
0.0595
0.0595
0.0592166
0.0595
0.0595
0.0595
0.0595
0.0595
0.0595
0.0595
0.0595
0.0595
0.0595
0.0595
0.0595
0.0595
0.0595
0.0595
0.0595
0.0595
0.0595
0.0562745
0.0595
0.0595
0.0595
0.0595
0.0595
0.0595
0.0595
0.0595
0.0542578
0.0595
0.0595
0.0595
0.0595
0.0595
0.0595
0.0595
0.0595
0.0595
0.0595
0.0595
0.0595
0.0595
0.0595
0.0595
0.0595
0.0595
0.0595
0.0497246
0.0595
0.0595
0.0595
0.0595
0.0595
0.0595
0.0595
0.0595
0.0595
0.0595
0.0595
0.0595
0.0595
0.0595
0.0595
0.0595
0.0595
0.0595
0.0595
0.0595
0.0595
0.0595
0.0595
0.0595
0.0595
0.0536103
0.0595
0.0595
0.0595
0.0595
0.0595
0.0595
0.0595
0.0595
0.0595
0.0595
0.0595
0.0595
0.0595
0.0595
0.0595
0.0595
0.0595
0.0595
0.0595
0.0595
0.0595
0.0595
0.0595
0.0595
0.0501256
0.0595
0.0595
0.0595
0.0595
0.0595
0.0595
0.0595
0.0595
0.0595
0.0595
0.0595
0.0595
0.0595
0.0595
0.0595
0.0595
0.0595
0.0595
0.0595
0.0595
0.0595
0.0595
0.0595
0.0595
0.0595
0.0595
0.0595
0.0595
0.0595
0.0595
0.0595
0.0595
0.0595
0.0595
0.0595
0.0595
0.0595
0.0595
0.0595
0.0595
0.0595
0.0595
0.0595
0.0595
0.0595
0.0595
0.0595
0.0595
0.0595
0.0595
0.0595
0.010834
0.0595
0.0595
0.0595
0.0595
0.0595
0.0595
0.0595
0.0595
0.0595
0.0595
0.0595
0.0578029
0.0595
0.0595
0.0595
0.0595
0.0595
0.0595
0.0595
0.0595
0.0595
0.0595
0.0492579
0.0595
0.0542442
0.0595
0.0595
0.0595
0.0595
0.0595
0.0595
0.0595
0.0595
0.0595
0.0496558
0.0499316
0.0595
0.0595
0.0595
0.0595
0.0595
0.0595
0.0595
0.0595
0.0595
0.0595
0.0522398
0.0595
0.0595
0.0595
0.0595
0.0595
0.0595
0.0505573
0.0595
0.0595
0.0595
0.0595
0.0555285
0.0592964
0.0595
0.0595
0.0595
0.0595
0.0595
0.0595
0.0595
0.0595
0.0595
0.0595
0.0595
0.0595
0.0595
0.0595
0.0595
0.0595
0.0595
0.0595
0.0468492
0.0595
0.0595
0.0595
0.0595
0.0528403
0.0595
0.0595
0.0595
0.0584169
0.0595
0.0595
0.0595
0.0595
0.0595
0.0595
0.0595
0.0595
0.0595
0.0595
0.0595
0.0595
0.0595
0.0595
0.0595
0.0595
0.0595
0.0595
0.0595
0.0595
0.0595
0.0595
0.0595
0.0595
0.0595
0.0595
0.0595
0.0595
0.0595
0.0595
0.0595
0.0595
0.0595
0.0595
0.0595
0.0595
0.0496443
0.0595
0.0595
0.0595
0.0595
0.0595
0.0595
0.0595
0.0595
0.0595
0.0595
0.0595
0.0595
0.0595
0.0595
0.0595
0.0496884
0.0595
0.0595
0.0595
0.0595
0.0595
0.0595
0.0595
0.0595
0.0595
0.059212
0.0493681
0.0595
0.0595
0.0595
0.0595
0.0595
0.0595
0.0595
0.0595
0.0595
0.0595
0.0595
0.0595
0.0595
0.0583247
0.0595
0.0595
0.0595
0.0595
0.0595
0.0595
0.0595
0.0595
0.0558879
0.0595
0.0504005
0.0595
0.0595
0.0595
0.0595
0.0595
0.0595
0.0595
0.0595
0.0595
0.0595
0.0595
0.0595
0.0595
0.0485036
0.0595
0.0595
0.0595
0.0595
0.0595
0.0595
0.0595
0.0595
0.0595
0.0595
0.0595
0.0595
0.0595
0.0595
0.0595
0.0595
0.0595
0.0595
0.0595
0.0513925
0.0595
0.0595
0.0595
0.0595
0.0595
0.0595
0.0595
0.0595
0.0595
0.0595
0.0595
0.0595
0.0595
0.0595
0.0595
0.0595
0.0595
0.0595
0.0595
0.0595
0.0504922
0.0595
0.0515333
0.0595
0.0595
0.0595
0.0595
0.0595
0.0595
0.0595
0.0595
0.0595
0.0595
0.0595
0.0595
0.0595
0.0510075
0.0595
0.0595
0.0595
0.0595
0.0595
0.0595
0.0595
0.0595
0.0595
0.0595
0.0595
0.0595
0.0595
0.0595
0.0595
0.0595
0.0595
0.0595
0.0595
0.0595
0.0595
0.0595
0.0595
0.0595
0.0595
0.0595
0.0595
0.0595
0.0595
0.0595
0.0595
0.0536206
0.0595
0.0595
0.0595
0.0595
0.0595
0.0595
0.0595
0.0595
0.0595
0.0595
0.0595
0.0595
0.0595
0.0595
0.0595
0.0595
0.0595
0.0527325
0.0595
0.0595
0.0595
0.0595
0.0595
0.0553161
0.0595
0.0595
0.0595
0.0595
0.0595
0.0499941
0.0595
0.0595
0.0595
0.0595
0.0595
0.0595
0.0595
0.0595
0.0595
0.0595
0.0595
0.0595
0.0595
0.0595
0.0595
0.0595
0.0595
0.0595
0.0595
0.0595
0.0595
0.0595
0.0595
0.0595
0.0595
0.0595
0.0595
0.0595
0.0595
0.0595
0.0595
0.0595
0.0595
0.0595
0.0595
0.0595
0.0592581
0.0595
0.0595
0.0595
0.0595
0.0595
0.0595
0.0595
0.0595
0.0595
0.0595
0.0595
0.0595
0.0595
0.0516781
0.0595
0.0595
0.0595
0.0595
0.0595
0.0595
0.0523729
0.0595
0.0595
0.0595
0.0595
0.0595
0.0595
0.0595
0.0595
0.0595
0.0595
0.0595
0.0595
0.0595
0.0595
0.0595
0.0595
0.0555799
0.0489233
0.0595
0.0595
0.0595
0.0595
0.0595
0.0595
0.0595
0.0595
0.0595
0.0595
0.0595
0.0595
0.0595
0.0595
0.0595
0.048558
0.0595
0.0595
0.0547675
0.0595
0.0595
0.0595
0.0595
0.0595
0.0595
0.0595
0.0595
0.0595
0.0595
0.0595
0.0595
0.0595
0.0595
0.0595
0.0595
0.0595
0.0595
0.0595
0.0595
0.0595
0.0595
0.0595
0.0595
0.0595
0.0595
0.0595
0.0595
0.0595
0.0595
0.0595
0.0595
0.0595
0.0595
0.0595
0.0595
0.0595
0.0595
0.0595
0.0595
0.0595
0.0595
0.0595
0.0550037
0.0595
0.0595
0.0557544
0.0595
0.0593746
0.0595
0.0595
0.0536781
0.0595
0.0595
0.0595
0.0595
0.0595
0.0595
0.0595
0.0595
0.0595
0.0595
0.0595
0.0595
0.0595
0.0595
0.0595
0.0595
0.0595
0.0595
0.0595
0.0595
0.0595
0.0595
0.0595
0.0595
0.0595
0.0595
0.0595
0.0595
0.0595
0.0595
0.0595
0.0595
0.0595
0.0595
0.0595
0.0595
0.0595
0.0595
0.0595
0.0595
0.0595
0.0595
0.0595
0.0595
0.0595
0.0595
0.0595
0.0595
0.0595
0.0595
0.0595
0.0595
0.0595
0.0595
0.0595
0.0595
0.0595
0.0595
0.0595
0.0595
0.0595
0.0595
0.0595
0.0595
0.0595
0.0595
0.0595
0.0595
0.0595
0.0595
0.0496558
0.0595
0.0595
0.0595
0.0595
0.0489865
0.0551881
0.0595
0.0538412
0.0595
0.0595
0.0595
0.0595
0.0595
0.0595
0.0595
0.0595
0.0490625
0.0595
0.0595
0.0595
0.0595
0.0595
0.0595
0.0595
0.0595
0.0595
0.0595
0.0595
0.0595
0.0595
0.0595
0.0595
0.0595
0.0523041
0.0595
0.0595
0.0595
0.0595
0.0497159
0.0595
0.0595
0.0595
0.0595
0.0595
0.0595
0.0595
0.0595
0.0595
0.0474496
0.0595
0.0595
0.0595
0.0595
0.0595
0.0595
0.0595
0.0595
0.0595
0.0595
0.0595
0.0595
0.0595
0.0595
0.0493306
0.0595
0.0595
0.0595
0.0595
0.0491452
0.0595
0.0595
0.0491003
0.0595
0.0595
0.0595
0.0595
0.0595
0.0595
0.0595
0.0595
0.0595
0.0595
0.0595
0.0595
0.0595
0.0595
0.0595
0.0595
0.0595
0.0595
0.0595
0.0595
0.0595
0.0595
0.0595
0.0595
0.0595
0.0595
0.0595
0.0595
0.0595
0.0595
0.0595
0.0595
0.0595
0.0595
0.0595
0.0595
0.0595
0.0595
0.0595
0.0550407
0.0595
0.0595
0.0340468
0.0595
0.0595
0.0595
0.0595
0.0595
0.0595
0.0595
0.0595
0.0595
0.0595
0.0595
0.0595
0.0595
0.0595
0.0595
0.0595
0.0595
0.0595
0.0595
0.0595
0.0595
0.0595
0.0595
0.0595
0.0595
0.0583986
0.0595
0.0595
0.0595
0.0595
0.0595
0.0595
0.0595
0.0595
0.0595
0.0595
0.0595
0.0595
0.0595
0.0595
0.0595
0.0595
0.0595
0.0595
0.0571693
0.0595
0.0595
0.0595
0.0595
0.0595
0.0101691
0.0595
0.0595
0.0595
0.0535116
0.0595
0.0595
0.0595
0.0595
0.0595
0.0595
0.0595
0.0516866
0.0595
0.0595
0.0595
0.0527864
0.0595
0.0595
0.0595
0.0595
0.0595
0.0595
0.0595
0.0595
0.0595
0.0499206
0.0561664
0.0595
0.0595
0.0595
0.0595
0.0595
0.0595
0.0595
0.0537709
0.0595
0.0595
0.0595
0.0595
0.0595
0.0595
0.0595
0.0595
0.0595
0.0595
0.0595
0.049029
0.0595
0.0595
0.0595
0.0595
0.0595
0.0595
0.0595
0.0595
0.0595
0.0595
0.0595
0.0595
0.0595
0.0595
0.0595
0.0595
0.0595
0.0595
0.0595
0.0595
0.0595
0.0595
0.0595
0.0595
0.0595
0.0595
0.0595
0.0595
0.0595
0.0595
0.0595
0.0595
0.0595
0.0492654
0.0595
0.0595
0.0496558
0.0595
0.0595
0.0595
0.0595
0.0595
0.0595
0.0595
0.0595
0.0494533
0.0595
0.0595
0.0595
0.0595
0.0595
0.0595
0.0595
0.0595
0.0595
0.0595
0.0595
0.0595
0.0595
0.0595
0.0595
0.0595
0.0595
0.0595
0.0595
0.0595
0.0595
0.0595
0.0469871
0.0595
0.0595
0.0595
0.0595
0.0595
0.0595
0.0595
0.0595
0.0595
0.0595
0.0579456
0.0595
0.0595
0.0595
0.0595
0.0595
0.0595
0.0490127
0.0572215
0.0595
0.0595
0.0595
0.0595
0.0496884
0.0595
0.0595
0.0595
0.0595
0.0595
0.0595
0.0595
0.0595
0.0595
0.0595
0.0595
0.0595
0.0595
0.0595
0.0595
0.0595
0.0595
0.0595
0.0595
0.0595
0.0595
0.0595
0.0595
0.0595
0.0595
0.0595
0.0595
0.0595
0.0595
0.0595
0.0595
0.0595
0.0595
0.0595
0.0595
0.0595
0.0595
0.0595
0.0595
0.0595
0.0595
0.0595
0.0595
0.0595
0.0595
0.0595
0.0595
0.0595
0.0595
0.0595
0.0595
0.0595
0.0595
0.0595
0.0595
0.0595
0.0595
0.0595
0.0595
0.0595
0.0595
0.0595
0.0595
0.0595
0.0595
0.0595
0.0595
0.0595
0.0595
0.0595
0.0595
0.0595
0.0595
0.0595
0.0595
0.0595
0.0595
0.0595
0.0595
0.0595
0.0595
0.0595
0.0595
0.0595
0.0595
0.0595
0.0595
0.0595
0.0595
0.0595
0.0595
0.0595
0.0595
0.0595
0.0595
0.0595
0.0595
0.0595
0.0595
0.0595
0.0595
0.0595
0.0595
0.0438575
0.0595
0.0595
0.0595
0.0595
0.0595
0.0595
0.00978952
0.00130252
0.0595
0.0595
0.0595
0.0554728
0.0595
0.0595
0.0595
0.0595
0.0595
0.0595
0.0595
0.0595
0.0595
0.0595
0.0595
0.0595
0.0595
0.0595
0.0595
0.0595
0.0595
0.0595
0.0595
0.0495056
0.0595
0.0595
0.0595
0.0586157
0.0595
0.0595
0.0595
0.051805
0.0595
0.0595
0.0595
0.0595
0.0595
0.00906236
0.0595
0.0595
0.0595
0.0595
0.0595
0.0595
0.0595
0.0595
0.057301
0.0595
0.0595
0.0595
0.0595
0.0595
0.00212905
0.0595
0.0595
0.0595
0.0595
0.0572186
0.0595
0.0595
0.0503083
0.0595
0.0595
0.0595
0.0595
0.0595
0.0595
0.0595
0.0595
0.0595
0.0595
0.0595
0.0595
0.0595
0.0595
0.0595
0.0595
0.0595
0.0595
0.0584316
0.0595
0.0595
0.0595
0.0595
0.0595
0.0595
0.0595
0.0595
0.0595
0.0595
0.0595
0.0595
0.0595
0.0595
0.0595
0.0595
0.0595
0.0595
0.0595
0.0595
0.0595
0.0536738
0.0595
0.0595
0.0595
0.0595
0.0595
0.0595
0.0409599
0.0595
0.0595
0.0595
0.0595
0.0595
0.0595
0.0595
0.0595
0.0595
0.0595
0.0595
0.0476419
0.0534787
0.0595
0.0595
0.0595
0.0595
0.0595
0.0595
0.0595
0.0595
0.0496884
0.0595
0.0595
0.0595
0.0595
0.0595
0.0595
0.0595
0.0595
0.0595
0.0595
0.0508453
0.0595
0.0595
0.0595
0.0595
0.0595
0.0595
0.0595
0.0595
0.0595
0.0510794
0.0595
0.0595
0.0595
0.0595
0.0595
0.0595
0.0595
0.0595
0.0595
0.0595
0.0595
0.0595
0.0595
0.0595
0.0595
0.0595
0.0595
0.0595
0.0595
0.0595
0.0595
0.0595
0.0595
0.0595
0.0595
0.0595
0.0595
0.0595
0.0595
0.0595
0.0595
0.0595
0.0595
0.0595
0.0595
0.0595
0.0595
0.0595
0.0595
0.0595
0.0595
0.0595
0.0595
0.0595
0.0595
0.0595
0.0595
0.0595
0.0595
0.0595
0.0595
0.0595
0.0595
0.0595
0.0595
0.0595
0.0595
0.0595
0.0595
0.0595
0.0595
0.0595
0.0595
0.0595
0.0595
0.0595
0.0595
0.0595
0.0595
0.0595
0.0595
0.0489758
0.0593692
0.0595
0.0595
0.0595
0.0595
0.0595
0.0595
0.0595
0.0595
0.0554704
0.0595
0.0595
0.0595
0.0595
0.0595
0.0595
0.0595
0.0595
0.0595
0.0595
0.0595
0.0595
0.0595
0.0595
0.0595
0.0595
0.0595
0.0595
0.0595
0.0595
0.0595
0.0595
0.0595
0.0595
0.0595
0.0595
0.0481384
0.0595
0.0595
0.0595
0.0595
0.0595
0.0595
0.0595
0.0595
0.0595
0.0109963
0.0595
0.0595
0.0595
0.0595
0.0595
0.0595
0.0493239
0.0553994
0.0595
0.0595
0.0595
0.0595
0.0595
0.0595
0.0595
0.0119451
0.0595
0.0496558
0.0595
0.0595
0.0595
0.0595
0.0595
0.0595
0.0595
0.0595
0.0595
0.0595
0.0595
0.0595
0.0595
0.0595
0.0595
0.0595
0.0595
0.0595
0.0595
0.0595
0.0595
0.0595
0.0595
0.0595
0.053567
0.0595
0.0595
0.0595
0.0595
0.0444547
0.0595
0.0595
0.0595
0.0595
0.0595
0.0558299
0.0595
0.0595
0.0595
0.0595
0.0595
0.0595
0.0595
0.0595
0.0595
0.0595
0.0595
0.0595
0.0595
0.0595
0.0595
0.0595
0.0595
0.0595
0.0595
0.0595
0.0595
0.0595
0.0595
0.0595
0.0595
0.0595
0.0595
0.0595
0.049831
0.0595
0.0595
0.0595
0.0595
0.0595
0.0595
0.0595
0.0595
0.0595
0.0595
0.0595
0.0595
0.00955677
0.0595
0.0595
0.0595
0.0595
0.0595
0.0595
0.0595
0.0595
0.0595
0.0595
0.0595
0.0595
0.0489938
0.0595
0.0595
0.0595
0.0595
0.0595
0.0595
0.0595
0.0595
0.0595
0.0595
0.0595
0.0595
0.0595
0.0595
0.0595
0.0567472
0.0595
0.0595
0.0595
0.0595
0.0595
0.0595
0.0595
0.0560117
0.0595
0.0595
0.0595
0.0595
0.0595
0.0595
0.0595
0.0595
0.0595
0.0595
0.0595
0.0595
0.0595
0.0595
0.0595
0.0595
0.0595
0.0595
0.0595
0.0595
0.0595
0.0595
0.0595
0.0595
0.0595
0.0595
0.0595
0.0595
0.0595
0.0595
0.0595
0.0595
0.0595
0.0595
0.0595
0.0595
0.0595
0.0595
0.0595
0.0595
0.0595
0.0595
0.0595
0.0508772
0.0595
0.0595
0.0595
0.0595
0.0595
0.0483696
0.0595
0.0595
0.0595
0.0595
0.0595
0.0595
0.0595
0.0595
0.0595
0.0595
0.0595
0.0595
0.0523415
0.0595
0.0595
0.0595
0.0595
0.0595
0.0595
0.0595
0.0595
0.0595
0.0595
0.0595
0.0595
0.0595
0.0595
0.0595
0.0595
0.0595
0.0595
0.0595
0.0595
0.0595
0.0595
0.0595
0.0595
0.0595
0.0587344
0.0566397
0.0595
0.0595
0.0595
0.0595
0.0595
0.0595
0.0595
0.0595
0.0595
0.0595
0.0595
0.0595
0.0496554
0.0595
0.0595
0.0595
0.0595
0.0595
0.0595
0.0595
0.0595
0.0595
0.0595
0.0595
0.0595
0.0595
0.0595
0.0595
0.0595
0.0595
0.0595
0.0595
0.0595
0.0595
0.0595
0.0595
0.0595
0.0595
0.0595
0.0595
0.0595
0.0595
0.0595
0.0595
0.0595
0.0595
0.0595
0.0595
0.0595
0.0595
0.0595
0.0595
0.0595
0.0595
0.0595
0.0595
0.0595
0.0595
0.0595
0.0595
0.0595
0.0595
0.0595
0.0595
0.0595
0.0595
0.0595
0.0595
0.0595
0.0595
0.0595
0.0092062
0.0595
0.0595
0.0595
0.0595
0.0595
0.0595
0.0595
0.0595
0.0595
0.0595
0.0595
0.0595
0.0595
0.0595
0.0595
0.0595
0.0595
0.0595
0.0595
0.0595
0.0496884
0.0595
0.0595
0.0595
0.0595
0.0595
0.0595
0.0595
0.0105724
0.0595
0.0595
0.0595
0.0595
0.0595
0.0595
0.0595
0.0556295
0.0595
0.0595
0.0595
0.0595
0.0595
0.0595
0.0595
0.0595
0.0595
0.0513982
0.0595
0.0595
0.0595
0.0595
0.0595
0.0595
0.0595
0.0595
0.0595
0.0595
0.0595
0.0595
0.0595
0.0595
0.0595
0.0595
0.0595
0.0576982
0.0595
0.0595
0.0595
0.0595
0.0595
0.0578688
0.0595
0.0595
0.0595
0.0595
0.0595
0.0595
0.0595
0.0595
0.0595
0.0595
0.0595
0.0595
0.0595
0.0595
0.0595
0.0595
0.054162
0.0595
0.0595
0.0595
0.0595
0.0595
0.0595
0.0595
0.0557995
0.0595
0.0595
0.0595
0.0595
0.0595
0.0595
0.0595
0.0595
0.0595
0.0595
0.0595
0.0595
0.0595
0.0595
0.0595
0.0595
0.0595
0.0595
0.0595
0.0595
0.0595
0.0595
0.0595
0.0595
0.0595
0.0595
0.0595
0.0595
0.0595
0.0595
0.0595
0.0595
0.0588963
0.0595
0.0595
0.0595
0.0595
0.0595
0.0595
0.0595
0.0595
0.0595
0.0595
0.0595
0.0595
0.0595
0.0595
0.0595
0.0456673
0.0595
0.0595
0.0595
0.0595
0.0595
0.0595
0.0595
0.0595
0.0595
0.0595
0.0595
0.0489035
0.0496884
0.0595
0.0595
0.0595
0.0595
0.0595
0.0595
0.0595
0.0595
0.0595
0.0595
0.0595
0.0595
0.0595
0.0595
0.0595
0.0595
0.0595
0.0595
0.0595
0.0595
0.0595
0.0595
0.0595
0.0595
0.0595
0.0595
0.0595
0.0595
0.053063
0.0595
0.0595
0.0595
0.0595
0.0595
0.0595
0.0595
0.0595
0.0595
0.0595
0.0595
0.0595
0.0595
0.0595
0.0595
0.0595
0.0595
0.0595
0.0595
0.0595
0.0595
0.0595
0.0595
0.0595
0.0595
0.0595
0.0595
0.049676
0.0595
0.0595
0.0595
0.0595
0.0595
0.0595
0.0595
0.0595
0.0595
0.0595
0.0595
0.0595
0.0595
0.0595
0.0595
0.0595
0.0505556
0.0595
0.0595
0.0595
0.0595
0.0595
0.0595
0.0595
0.0595
0.0595
0.0595
0.0595
0.0595
0.0595
0.0595
0.0595
0.0432022
0.0595
0.0595
0.0595
0.0595
0.0595
0.0595
0.0595
0.0595
0.0595
0.0595
0.0595
0.0595
0.0595
0.0541956
0.0595
0.0595
0.0595
0.0556303
0.0595
0.0527415
0.0595
0.0595
0.0595
0.0390424
0.0595
0.0595
0.0595
0.0595
0.0595
0.0595
0.0595
0.0557935
0.0595
0.0595
0.0595
0.00863175
0.0595
0.0595
0.0595
0.0595
0.0595
0.0595
0.0595
0.0544537
0.0595
0.0595
0.0595
0.0595
0.0595
0.0476785
0.0595
0.00801862
0.0595
0.0595
0.0595
0.0595
0.0595
0.0595
0.0595
0.0595
0.0595
0.0595
0.0595
0.0595
0.0595
0.0595
0.0595
0.0595
0.0595
0.0595
0.0595
0.0595
0.0595
0.0581235
0.0595
0.0595
0.0595
0.0595
0.0496506
0.0595
0.0595
0.0595
0.0595
0.0557467
0.0595
0.0595
0.0595
0.0595
0.0595
0.0595
0.0595
0.0595
0.0595
0.0595
0.048307
0.0595
0.0595
0.0595
0.0595
0.0595
0.0595
0.0595
0.0595
0.0595
0.0595
0.0595
0.0595
0.0595
0.0595
0.0595
0.0595
0.007077
0.0595
0.0595
0.0595
0.0595
0.0595
0.0595
0.053798
0.0591173
0.0595
0.0595
0.0595
0.0595
0.0595
0.0595
0.0595
0.0595
0.0595
0.0595
0.0595
0.0595
0.0595
0.0595
0.0595
0.0595
0.0595
0.0595
0.0595
0.0595
0.0595
0.0595
0.0595
0.0595
0.0595
0.0595
0.0595
0.0595
0.0492918
0.0595
0.0595
0.0595
0.0595
0.0595
0.0595
0.0595
0.0595
0.0595
0.0595
0.0595
0.0595
0.0595
0.0595
0.0595
0.0595
0.0595
0.0595
0.0595
0.0595
0.0595
0.0595
0.0595
0.0595
0.0595
0.0595
0.0595
0.0595
0.0595
0.0491778
0.0595
0.0595
0.0595
0.0595
0.0595
0.0595
0.0595
0.0595
0.0595
0.0595
0.0595
0.0595
0.0595
0.0595
0.0595
0.0595
0.0595
0.0595
0.0595
0.0595
0.0595
0.0595
0.0595
0.0595
0.0553662
0.0595
0.0595
0.0469884
0.0595
0.0485886
0.0595
0.0595
0.0595
0.0595
0.0595
0.0595
0.0556268
0.0595
0.0595
0.0595
0.0595
0.0595
0.0595
0.0595
0.0595
0.0595
0.0595
0.0595
0.0595
0.0112202
0.0595
0.0595
0.0595
0.0595
0.0595
0.0595
0.0595
0.0595
0.0595
0.0595
0.0595
0.0595
0.0595
0.0496884
0.0595
0.0595
0.0595
0.0595
0.0595
0.0595
0.0595
0.0595
0.0595
0.0595
0.0595
0.0595
0.0595
0.0595
0.0595
0.0595
0.0595
0.0595
0.0595
0.0595
0.0595
0.0595
0.0595
0.0595
0.0595
0.0595
0.0595
0.0595
0.0595
0.0498106
0.0595
0.0595
0.0595
0.0595
0.0595
0.0595
0.0595
0.0595
0.0595
0.0595
0.0531303
0.0595
0.0595
0.0595
0.0595
0.0595
0.0595
0.0595
0.0595
0.0595
0.0595
0.0595
0.0567449
0.0595
0.0595
0.0595
0.0482885
0.0595
0.0595
0.0595
0.0595
0.0595
0.0595
0.0595
0.0595
0.0595
0.0595
0.0595
0.0595
0.0595
0.0595
0.0595
0.0595
0.0595
0.0595
0.0595
0.0595
0.0595
0.0595
0.0540259
0.0595
0.0595
0.0595
0.0595
0.0595
0.0595
0.0595
0.0520516
0.05119
0.0595
0.0595
0.0595
0.0595
0.0595
0.0595
0.0595
0.0595
0.0595
0.0595
0.0595
0.0595
0.0595
0.0595
0.0595
0.0595
0.0595
0.0595
0.0595
0.0595
0.0595
0.0595
0.0595
0.0595
0.0595
0.0595
0.0595
0.0595
0.0595
0.0595
0.0595
0.0595
0.0595
0.0595
0.0595
0.0595
0.0595
0.0555234
0.0595
0.0495765
0.0595
0.0595
0.0595
0.0595
0.0595
0.0595
0.0595
0.0595
0.0595
0.0595
0.0595
0.0595
0.0595
0.0595
0.0595
0.0595
0.0538519
0.0595
0.0595
0.0595
0.0595
0.0595
0.0595
0.0595
0.0595
0.0595
0.0595
0.0595
0.0595
0.0595
0.0595
0.0595
0.0595
0.0595
0.0595
0.0595
0.0595
0.0595
0.0595
0.0595
0.0595
0.0595
0.0531598
0.0595
0.0595
0.0595
0.0595
0.0582477
0.0595
0.0595
0.0595
0.0595
0.0595
0.0595
0.0595
0.0595
0.0595
0.00973532
0.0578584
0.0595
0.0595
0.0595
0.0595
0.0595
0.0595
0.0595
0.0595
0.0595
0.0595
0.0595
0.0595
0.0595
0.0595
0.0595
0.0595
0.0595
0.0558578
0.0519495
0.0595
0.0595
0.0595
0.0492351
0.0595
0.0595
0.0595
0.0595
0.0595
0.0586228
0.0595
0.0545177
0.0595
0.0595
0.0595
0.0595
0.055348
0.0595
0.0595
0.0595
0.0595
0.0595
0.055697
0.0595
0.0506626
0.0595
0.0595
0.0595
0.0595
0.0595
0.0595
0.0595
0.0595
0.0595
0.0595
0.0595
0.0595
0.0499192
0.0595
0.0595
0.0595
0.0595
0.0595
0.0595
0.0595
0.0595
0.0595
0.0595
0.0595
0.0595
0.0595
0.0595
0.0595
0.0595
0.0595
0.0595
0.0595
0.0595
0.0595
0.0595
0.0595
0.00863419
0.0595
0.0455272
0.0595
0.0595
0.0595
0.0595
0.0595
0.0595
0.0595
0.0491612
0.0595
0.0595
0.0595
0.059295
0.0595
0.0595
0.0595
0.0455919
0.0595
0.0595
0.0595
0.0595
0.0595
0.0595
0.0595
0.0595
0.051081
0.0595
0.0595
0.0595
0.0595
0.0595
0.0595
0.0595
0.0595
0.0595
0.0595
0.0581611
0.0595
0.0595
0.0595
0.00578482
0.0595
0.0595
0.0595
0.0595
0.0595
0.0595
0.0595
0.0595
0.0595
0.0595
0.0488066
0.0571611
0.0595
0.0595
0.0595
0.0595
0.0595
0.0595
0.0595
0.0595
0.0595
0.0595
0.0595
0.0595
0.0595
0.0595
0.0595
0.0595
0.0595
0.0595
0.0595
0.0595
0.0595
0.0595
0.0595
0.0595
0.0595
0.0595
0.0595
0.0555087
0.0595
0.0595
0.0595
0.0595
0.0595
0.0595
0.0595
0.0595
0.0595
0.0595
0.0595
0.0595
0.0595
0.0595
0.0595
0.0595
0.0595
0.0595
0.0595
0.0595
0.0595
0.0595
0.0506472
0.0595
0.0595
0.0595
0.0595
0.0595
0.0595
0.0595
0.0595
0.0595
0.0590933
0.0595
0.0595
0.0595
0.0595
0.0595
0.0595
0.0595
0.0595
0.0595
0.0595
0.0595
0.0595
0.0595
0.0595
0.0595
0.0595
0.0595
0.0595
0.0595
0.0595
0.0595
0.0595
0.0595
0.0595
0.0595
0.0595
0.0595
0.0590636
0.0595
0.0595
0.0595
0.0595
0.0595
0.0595
0.0595
0.0595
0.0595
0.0595
0.0595
0.0595
0.0595
0.0595
0.0595
0.0595
0.0595
0.0595
0.0595
0.0595
0.0595
0.0595
0.0595
0.0595
0.0595
0.0595
0.0595
0.0595
0.0595
0.0595
0.0595
0.0595
0.0595
0.0595
0.0595
0.0595
0.0595
0.0595
0.0595
0.0595
0.0595
0.0595
0.0595
0.0595
0.0595
0.0595
0.0595
0.0595
0.0595
0.0595
0.0595
0.0595
0.0595
0.0595
0.0595
0.0595
0.0595
0.0595
0.0595
0.0595
0.0595
0.0595
0.0595
0.0595
0.0594819
0.0458794
0.0595
0.0555528
0.0595
0.0595
0.0595
0.0595
0.0588193
0.0595
0.0595
0.0595
0.0595
0.0595
0.0493225
0.0595
0.0595
0.0595
0.0595
0.0595
0.049415
0.0595
0.0595
0.0595
0.0595
0.0595
0.0595
0.0595
0.0595
0.0595
0.0595
0.0595
0.0545329
0.0595
0.0595
0.0595
0.0595
0.0595
0.0595
0.0595
0.0561729
0.0595
0.0595
0.0595
0.0595
0.0595
0.0595
0.0595
0.0595
0.0595
0.0595
0.0595
0.0595
0.0595
0.0595
0.0595
0.0595
0.0595
0.0595
0.0595
0.0595
0.0595
0.0595
0.0595
0.0595
0.0595
0.0511555
0.0595
0.0595
0.0595
0.0595
0.0595
0.0595
0.0595
0.0595
0.0595
0.0595
0.0595
0.0595
0.0595
0.0595
0.0595
0.0595
0.0595
0.0595
0.0595
0.0595
0.0595
0.0595
0.0595
0.0595
0.0595
0.0595
0.0595
0.0595
0.0495694
0.0595
0.0595
0.0595
0.0595
0.0595
0.0595
0.0595
0.0595
0.0595
0.0595
0.0595
0.0595
0.0595
0.0595
0.0595
0.0493704
0.0595
0.0595
0.0595
0.0595
0.0595
0.0595
0.0595
0.0595
0.0595
0.0595
0.0500384
0.0595
0.0595
0.0595
0.0595
0.0595
0.0595
0.0595
0.0595
0.0595
0.0595
0.0595
0.0595
0.0595
0.0595
0.0595
0.0595
0.0595
0.0595
0.0595
0.0595
0.0485508
0.0595
0.0595
0.0595
0.0595
0.0595
0.0595
0.0595
0.0595
0.0595
0.0595
0.0595
0.0595
0.0595
0.0595
0.0595
0.0595
0.0595
0.0595
0.0595
0.0595
0.0595
0.0595
0.0595
0.0595
0.0110785
0.0595
0.0595
0.0595
0.0595
0.0595
0.0595
0.0535973
0.0578745
0.0595
0.0582925
0.0595
0.0595
0.0595
0.0595
0.0595
0.0496558
0.0595
0.0595
0.0595
0.0595
0.0107815
0.0484104
0.0595
0.0595
0.0595
0.0595
0.0595
0.0595
0.00885678
0.0595
0.0595
0.0595
0.0588304
0.0595
0.0595
0.0595
0.0595
0.0595
0.0595
0.0595
0.0595
0.0595
0.0595
0.0595
0.0595
0.0595
0.0595
0.0107198
0.0595
0.0595
0.0595
0.0595
0.0595
0.00934415
0.0595
0.0595
0.0595
0.0595
0.0595
0.0595
0.0595
0.0595
0.0595
0.0595
0.0595
0.0595
0.0595
0.0396293
0.0595
0.0595
0.0595
0.0595
0.0595
0.0595
0.0595
0.0595
0.0595
0.0595
0.0595
0.0595
0.0595
0.0595
0.0595
0.0595
0.0595
0.0595
0.0595
0.0595
0.0595
0.0595
0.0595
0.0595
0.0595
0.0595
0.0595
0.0595
0.0595
0.0595
0.0595
0.0595
0.0505047
0.0595
0.0595
0.0595
0.0595
0.0595
0.0595
0.0595
0.0595
0.0595
0.0595
0.0595
0.0595
0.0595
0.0595
0.0595
0.0595
0.0595
0.0595
0.0595
0.0595
0.0595
0.0595
0.0595
0.0595
0.0595
0.0595
0.0595
0.0595
0.0595
0.0595
0.0595
0.0595
0.0497839
0.0595
0.0595
0.0595
0.0595
0.0595
0.0595
0.0595
0.0595
0.0595
0.0595
0.0555538
0.0595
0.0595
0.0595
0.0595
0.0595
0.0595
0.0595
0.0496558
0.0488927
0.0595
0.0595
0.0595
0.0595
0.0595
0.0595
0.0595
0.0595
0.0595
0.0595
0.0595
0.0595
0.0595
0.0595
0.0518959
0.0588557
0.0595
0.0595
0.0595
0.0595
0.0595
0.0595
0.0510574
0.0595
0.0483231
0.0595
0.0595
0.0595
0.0560877
0.0595
0.0595
0.0109596
0.0595
0.0595
0.0595
0.00553948
0.0595
0.0595
0.0595
0.0595
0.0595
0.0595
0.0595
0.0595
0.0595
0.0595
0.0595
0.0595
0.0595
0.0595
0.0100533
0.0595
0.0595
0.0595
0.0595
0.0595
0.0595
0.0595
0.00970457
0.0595
0.0595
0.0595
0.0595
0.0595
0.0595
0.0595
0.0595
0.0595
0.0595
0.0595
0.0595
0.0595
0.0592836
0.0595
0.0595
0.0595
0.0595
0.0595
0.0595
0.0595
0.0595
0.0595
0.0595
0.0595
0.0595
0.0595
0.0595
0.0595
0.0595
0.0510471
0.0595
0.0595
0.0595
0.0595
0.0595
0.0595
0.0110453
0.0595
0.0595
0.0595
0.0595
0.0595
0.0543281
0.0595
0.0595
0.0498049
0.0595
0.0595
0.0595
0.0595
0.0595
0.0595
0.0595
0.0595
0.0595
0.0595
0.0595
0.0595
0.0595
0.0595
0.0595
0.0595
0.0595
0.0595
0.0595
0.0595
0.0595
0.0595
0.0595
0.0595
0.0595
0.0560731
0.0595
0.0595
0.0595
0.0595
0.0595
0.0595
0.0595
0.0595
0.0595
0.0595
0.0595
0.0595
0.0595
0.0595
0.0595
0.0595
0.0595
0.0595
0.0595
0.0595
0.0595
0.0595
0.0595
0.0595
0.0595
0.0595
0.0595
0.0595
0.0595
0.0595
0.0595
0.0595
0.0595
0.0595
0.0595
0.0595
0.0595
0.0595
0.0595
0.0595
0.0595
0.0595
0.048558
0.0595
0.0595
0.0595
0.0595
0.0595
0.0595
0.0595
0.0595
0.0595
0.0595
0.0595
0.0595
0.0595
0.0595
0.0595
0.0595
0.0595
0.0595
0.0540528
0.0595
0.0595
0.0595
0.0595
0.0595
0.0595
0.0595
0.0595
0.0595
0.00814914
0.0595
0.0595
0.0595
0.0595
0.0595
0.0595
0.0595
0.0595
0.0595
0.0595
0.0595
0.0595
0.0595
0.0595
0.0595
0.0595
0.0595
0.0575235
0.0595
0.0595
0.0595
0.0595
0.0595
0.0595
0.0595
0.0595
0.0595
0.0595
0.0595
0.0595
0.0595
0.0595
0.0595
0.0595
0.0595
0.0595
0.0595
0.0595
0.0595
0.0595
0.0487798
0.0595
0.0595
0.0595
0.0525541
0.0595
0.0595
0.0595
0.0595
0.0595
0.0595
0.0595
0.0595
0.0595
0.0516741
0.0595
0.0595
0.0595
0.0507768
0.0595
0.0595
0.0595
0.0595
0.0595
0.0496558
0.0595
0.0595
0.0595
0.0595
0.0595
0.0595
0.0595
0.0595
0.0595
0.0595
0.0595
0.0595
0.0595
0.0595
0.0595
0.0595
0.0595
0.0595
0.0595
0.0595
0.0595
0.0595
0.0595
0.0595
0.0595
0.0595
0.0490151
0.0595
0.0595
0.0595
0.0595
0.0595
0.0595
0.0595
0.0595
0.0595
0.0595
0.0595
0.0595
0.0595
0.0595
0.0595
0.0595
0.0595
0.0547092
0.0595
0.0595
0.0595
0.0595
0.0595
0.0595
0.0595
0.0595
0.0595
0.0595
0.0595
0.0595
0.0595
0.0595
0.0595
0.0595
0.0595
0.0595
0.0595
0.0595
0.0595
0.0595
0.0595
0.0595
0.0595
0.0595
0.0595
0.0595
0.0595
0.0595
0.0595
0.0595
0.0595
0.0595
0.0595
0.0595
0.0595
0.0534483
0.0595
0.0595
0.0595
0.0595
0.0595
0.0595
0.0595
0.0595
0.0595
0.0595
0.0595
0.0595
0.0595
0.0595
0.0595
0.0595
0.0595
0.0497458
0.0595
0.0595
0.0595
0.0595
0.0595
0.0595
0.0595
0.0595
0.0595
0.0595
0.0530606
0.0595
0.0595
0.0595
0.0497717
0.0595
0.0595
0.0595
0.0595
0.0595
0.0595
0.0595
0.0595
0.0595
0.0595
0.0595
0.0595
0.0595
0.0595
0.0595
0.0595
0.0595
0.0595
0.0595
0.0595
0.0595
0.0595
0.0595
0.0595
0.0500247
0.0595
0.0595
0.0595
0.0595
0.0595
0.0595
0.0595
0.0595
0.0595
0.0595
0.0595
0.0595
0.0595
0.0595
0.0595
0.0595
0.0595
0.0595
0.0595
0.0595
0.0595
0.0595
0.0595
0.0595
0.0595
0.0595
0.0595
0.0513018
0.0595
0.0534545
0.0595
0.0595
0.0595
0.0595
0.0484
0.0595
0.0595
0.0560462
0.0595
0.0595
0.0595
0.0595
0.0595
0.0595
0.0595
0.0489199
0.0595
0.0595
0.0595
0.0595
0.0595
0.0595
0.0595
0.0595
0.0595
0.0589158
0.0595
0.0595
0.0595
0.0595
0.0538653
0.0595
0.0595
0.0595
0.0595
0.0595
0.0496558
0.0595
0.0595
0.0595
0.0595
0.0595
0.0595
0.0595
0.0595
0.0595
0.0595
0.0595
0.0595
0.0595
0.0595
0.0595
0.0595
0.0595
0.0595
0.0595
0.0595
0.0595
0.0595
0.0595
0.0595
0.0595
0.0595
0.0595
0.0595
0.0595
0.0595
0.0595
0.0595
0.0595
0.0595
0.0595
0.0595
0.0538799
0.0595
0.0595
0.0595
0.0595
0.0595
0.0595
0.0595
0.0595
0.0595
0.0595
0.0595
0.0595
0.0595
0.0595
0.0595
0.0595
0.0595
0.0488329
0.0595
0.0595
0.0595
0.0595
0.0595
0.0595
0.0595
0.0595
0.0595
0.0595
0.0595
0.0595
0.0454376
0.0595
0.0595
0.0595
0.0595
0.0595
0.0595
0.0595
0.0595
0.0595
0.0595
0.0595
0.0485682
0.0595
0.0595
0.0595
0.0595
0.0595
0.0595
0.0595
0.0595
0.0595
0.0595
0.0595
0.0595
0.0595
0.0595
0.0595
0.0595
0.0595
0.0595
0.0595
0.0595
0.0595
0.0595
0.0595
0.0595
0.0595
0.0595
0.0595
0.00980217
0.0595
0.0595
0.0595
0.0595
0.0595
0.0595
0.0595
0.0512814
0.0595
0.0595
0.0595
0.0595
0.0595
0.0595
0.0595
0.0595
0.0595
0.048586
0.0595
0.0595
0.0595
0.0595
0.0595
0.0595
0.0595
0.0595
0.0595
0.0595
0.0595
0.0595
0.0595
0.00960102
0.0595
0.0478373
0.0595
0.0473105
0.0595
0.0595
0.0595
0.0595
0.0595
0.0595
0.0595
0.0580721
0.0595
0.0595
0.0595
0.0595
0.0595
0.0595
0.0595
0.0561095
0.0595
0.0595
0.0595
0.0595
0.0595
0.0595
0.0595
0.0595
0.0595
0.0595
0.0595
0.0595
0.0595
0.0595
0.0595
0.0533397
0.0595
0.0595
0.0595
0.0595
0.0595
0.0595
0.0595
0.0595
0.0595
0.0595
0.0595
0.0595
0.0595
0.0595
0.0564452
0.0595
0.0595
0.0595
0.0595
0.0595
0.0595
0.0595
0.0595
0.0595
0.0595
0.0595
0.0595
0.0595
0.0595
0.0458576
0.0595
0.0595
0.0595
0.0595
0.0595
0.0595
0.0595
0.0595
0.0595
0.0595
0.0595
0.0595
0.0595
0.0595
0.0595
0.0595
0.0595
0.0595
0.0595
0.0595
0.0595
0.0595
0.0595
0.0595
0.0595
0.0595
0.0595
0.0541632
0.0595
0.0595
0.0595
0.0595
0.0595
0.0595
0.0595
0.0595
0.0595
0.0595
0.0595
0.0485926
0.0595
0.0595
0.0595
0.0595
0.0595
0.0595
0.0595
0.0595
0.0595
0.0595
0.0595
0.0595
0.0595
0.0595
0.0595
0.0595
0.0595
0.0595
0.0595
0.0595
0.0595
0.0595
0.0595
0.0498069
0.0595
0.0595
0.0595
0.0595
0.0102367
0.0595
0.0595
0.0595
0.0270948
0.0530455
0.0595
0.0595
0.0595
0.0595
0.0595
0.0595
0.0485593
0.051345
0.0595
0.0496558
0.0595
0.0492488
0.0595
0.0595
0.0595
0.0595
0.0595
0.0595
0.0595
0.0595
0.0595
0.0595
0.0595
0.0595
0.0595
0.0595
0.0494526
0.0595
0.0595
0.0595
0.0595
0.0595
0.0595
0.0478645
0.0595
0.0595
0.0595
0.0595
0.0595
0.0595
0.0595
0.0595
0.0595
0.0595
0.0566609
0.0595
0.0595
0.0595
0.0595
0.0595
0.0595
0.0595
0.0517722
0.0595
0.0537639
0.0595
0.0595
0.00912873
0.0573266
0.0595
0.0595
0.0595
0.0595
0.0595
0.0595
0.0595
0.0595
0.0543211
0.0595
0.0595
0.0595
0.0595
0.0555925
0.0595
0.0595
0.0595
0.0595
0.0595
0.0595
0.0569143
0.0595
0.0595
0.0595
0.0595
0.0595
0.0595
0.0595
0.0595
0.0595
0.0595
0.0595
0.0595
0.0595
0.0595
0.0595
0.0536367
0.0595
0.0595
0.0595
0.0595
0.0595
0.0595
0.0595
0.0526758
0.0595
0.0595
0.0595
0.0595
0.0595
0.0595
0.0595
0.0595
0.0595
0.0595
0.0595
0.0595
0.0595
0.0595
0.0595
0.0595
0.0565516
0.0595
0.0595
0.0595
0.0595
0.0595
0.0595
0.0595
0.0595
0.0595
0.0595
0.0595
0.0595
0.0595
0.0595
0.0595
0.0595
0.0595
0.0595
0.0595
0.0595
0.0595
0.0595
0.0496884
0.0595
0.0595
0.0595
0.0595
0.0595
0.0595
0.0595
0.0595
0.0595
0.0595
0.0595
0.0595
0.0595
0.0595
0.0595
0.0595
0.0595
0.0595
0.0595
0.0595
0.0595
0.0595
0.0595
0.0595
0.0595
0.0595
0.0492056
0.0595
0.0562538
0.0595
0.0595
0.0595
0.0595
0.0595
0.0595
0.0595
0.0595
0.0595
0.0595
0.0595
0.0595
0.0595
0.0595
0.0595
0.0595
0.0595
0.0595
0.0595
0.0496884
0.0595
0.0595
0.0595
0.0595
0.0595
0.0595
0.0595
0.0595
0.0595
0.0595
0.0595
0.0595
0.0595
0.0595
0.0595
0.0595
0.0542995
0.0595
0.0595
0.0595
0.0595
0.0595
0.0595
0.0595
0.0595
0.0595
0.0595
0.0595
0.0595
0.0595
0.0595
0.0595
0.0595
0.0595
0.0595
0.0595
0.0595
0.0595
0.0595
0.0595
0.0595
0.0595
0.0484627
0.0595
0.0595
0.0595
0.0595
0.0595
0.0595
0.0595
0.0595
0.0595
0.0595
0.0595
0.0595
0.0595
0.0595
0.0595
0.0595
0.0595
0.0595
0.0595
0.0595
0.0595
0.0595
0.0536209
0.0595
0.0595
0.0595
0.0595
0.0496884
0.0595
0.0595
0.0595
0.0595
0.0595
0.0595
0.0595
0.0595
0.0595
0.0595
0.0105457
0.0595
0.0595
0.0595
0.0595
0.0595
0.0595
0.0595
0.0595
0.0595
0.0595
0.0595
0.0595
0.0595
0.0595
0.0595
0.0595
0.0595
0.0595
0.0595
0.0595
0.0595
0.0595
0.0595
0.0595
0.0588553
0.0595
0.0595
0.0595
0.0595
0.0595
0.0595
0.0595
0.0595
0.0562956
0.0595
0.0595
0.048571
0.0595
0.0595
0.0595
0.0595
0.0595
0.0595
0.0595
0.0595
0.0595
0.0595
0.0595
0.059477
0.0595
0.0595
0.0595
0.0511064
0.0595
0.0595
0.0595
0.0595
0.0595
0.0595
0.0595
0.0595
0.0595
0.0595
0.0595
0.0595
0.0595
0.0595
0.0595
0.0595
0.0595
0.0595
0.0595
0.0595
0.0568687
0.0595
0.0595
0.0595
0.0595
0.0595
0.0595
0.0595
0.0595
0.0595
0.0595
0.0595
0.0595
0.0595
0.0595
0.0595
0.0595
0.0595
0.0595
0.0595
0.0595
0.0595
0.0595
0.0595
0.0503978
0.0595
0.0595
0.0595
0.0595
0.0595
0.0595
0.0096331
0.0595
0.0595
0.0595
0.0595
0.0595
0.0595
0.0595
0.0595
0.0595
0.0595
0.0595
0.0595
0.0595
0.0595
0.048937
0.0595
0.0595
0.0595
0.0595
0.0595
0.0595
0.0595
0.0595
0.0595
0.0595
0.0595
0.0595
0.0595
0.0595
0.0595
0.0595
0.0595
0.0595
0.0595
0.0595
0.0595
0.0595
0.0595
0.0595
0.0595
0.0595
0.0595
0.0595
0.0595
0.0595
0.0595
0.0595
0.0595
0.0595
0.0595
0.0595
0.0595
0.05063
0.0595
0.0595
0.0549327
0.0595
0.0595
0.0595
0.0595
0.0595
0.0595
0.0595
0.0595
0.0452618
0.0595
0.0595
0.0595
0.0595
0.0595
0.0579221
0.0595
0.0578171
0.0595
0.0595
0.0595
0.0595
0.0595
0.0595
0.0595
0.0595
0.0595
0.0595
0.0595
0.0595
0.0595
0.0595
0.0595
0.0595
0.0595
0.0595
0.0595
0.0595
0.0595
0.0595
0.0595
0.0595
0.0595
0.0595
0.0595
0.0595
0.0595
0.0595
0.052947
0.0595
0.0595
0.0595
0.0595
0.0595
0.0526419
0.0595
0.0595
0.0595
0.0595
0.0595
0.0595
0.0595
0.0595
0.0595
0.0595
0.0473442
0.0595
0.0595
0.0595
0.0595
0.0595
0.0595
0.0595
0.0595
0.0595
0.0595
0.0595
0.0595
0.0595
0.0595
0.0595
0.0595
0.0595
0.0595
0.0595
0.0595
0.0595
0.0595
0.0595
0.0595
0.0595
0.0595
0.0595
0.0553808
0.0595
0.0595
0.0595
0.0595
0.058516
0.0595
0.0595
0.0595
0.0595
0.0595
0.0595
0.0595
0.0595
0.0595
0.0595
0.0595
0.0595
0.0595
0.0595
0.0595
0.0595
0.0595
0.0595
0.0595
0.0595
0.0595
0.0595
0.0595
0.0595
0.0595
0.0595
0.0595
0.0496558
0.0595
0.0595
0.0595
0.0595
0.0595
0.0595
0.0488723
0.0595
0.0595
0.0595
0.0595
0.0595
0.0595
0.0595
0.0595
0.0595
0.0595
0.0595
0.0547686
0.0595
0.0595
0.0595
0.0595
0.0595
0.0595
0.0595
0.0595
0.0595
0.0595
0.0595
0.0595
0.0595
0.0595
0.0595
0.0595
0.0595
0.0595
0.0595
0.0595
0.0595
0.0595
0.0595
0.0595
0.0595
0.0595
0.0595
0.0595
0.0595
0.0595
0.0595
0.0595
0.0595
0.0595
0.0595
0.0595
0.0500075
0.0595
0.0595
0.0595
0.0576509
0.0595
0.0595
0.0595
0.0595
0.0595
0.0595
0.0595
0.0595
0.0595
0.0595
0.0595
0.0595
0.0595
0.0595
0.0595
0.0595
0.0595
0.0595
0.0595
0.0595
0.0595
0.0595
0.0595
0.0595
0.0595
0.0595
0.0595
0.0595
0.0595
0.0595
0.0595
0.0595
0.0595
0.0595
0.0595
0.0595
0.0595
0.0595
0.0595
0.0595
0.0595
0.0595
0.0595
0.0595
0.0595
0.0595
0.0595
0.0595
0.0595
0.0595
0.0595
0.0595
0.0595
0.0595
0.0595
0.0595
0.0547612
0.0595
0.0595
0.0595
0.0595
0.0595
0.0505229
0.0595
0.0595
0.0595
0.0595
0.0595
0.0595
0.0595
0.0595
0.0546973
0.0485213
0.0595
0.0595
0.0595
0.0595
0.0595
0.0595
0.0595
0.0595
0.0595
0.0595
0.0595
0.0595
0.0595
0.0595
0.0595
0.0595
0.0483155
0.0595
0.0595
0.0595
0.0595
0.0595
0.047759
0.0595
0.0595
0.0595
0.0595
0.0595
0.0595
0.0595
0.0595
0.0595
0.0556715
0.0595
0.0595
0.0595
0.0507594
0.0595
0.0495601
0.0595
0.0595
0.0595
0.0595
0.0595
0.0595
0.0595
0.0595
0.0595
0.0595
0.0595
0.0595
0.0595
0.0424752
0.0595
0.0595
0.0521296
0.0595
0.0595
0.048558
0.0595
0.0595
0.0595
0.0595
0.0595
0.0595
0.0595
0.0595
0.0595
0.0551943
0.0595
0.0595
0.0595
0.0595
0.0595
0.0542107
0.0595
0.0595
0.0595
0.0595
0.0595
0.0595
0.0595
0.0595
0.0595
0.0595
0.0595
0.0595
0.0595
0.0595
0.0595
0.0595
0.0595
0.0595
0.0595
0.0595
0.0595
0.0595
0.0595
0.0595
0.0595
0.0595
0.0595
0.0595
0.0595
0.0595
0.0595
0.0595
0.0595
0.0595
0.0595
0.0595
0.0595
0.0595
0.0595
0.0595
0.0595
0.0595
0.0595
0.0595
0.0595
0.0522049
0.0595
0.0595
0.0595
0.0595
0.0595
0.0595
0.0595
0.0595
0.0595
0.0595
0.0595
0.0595
0.0595
0.0595
0.0595
0.0537107
0.0595
0.0595
0.0595
0.0595
0.0595
0.0595
0.0595
0.0595
0.0515669
0.0595
0.0566632
0.0595
0.0595
0.0595
0.0595
0.0595
0.0595
0.0595
0.0595
0.0595
0.0595
0.0595
0.0595
0.0595
0.0595
0.0595
0.0595
0.0595
0.0595
0.0595
0.0595
0.0595
0.0595
0.0595
0.0509226
0.0595
0.0595
0.0595
0.0595
0.0595
0.0579063
0.0595
0.0595
0.0595
0.0595
0.0595
0.0595
0.0594613
0.0595
0.0595
0.0595
0.0595
0.0595
0.0595
0.0595
0.0595
0.0595
0.0595
0.0595
0.0595
0.00985515
0.0595
0.00929244
0.0595
0.0595
0.0595
0.0595
0.0595
0.0595
0.0595
0.0595
0.0595
0.0595
0.0595
0.0595
0.0501791
0.0595
0.0595
0.0595
0.0595
0.0595
0.0595
0.0595
0.0595
0.0595
0.0595
0.0595
0.0496558
0.0595
0.0595
0.0595
0.0595
0.0595
0.0568779
0.0595
0.0595
0.0595
0.0595
0.0595
0.0595
0.0595
0.0595
0.0595
0.0595
0.0552171
0.0595
0.0595
0.0595
0.0595
0.0595
0.0595
0.0595
0.0595
0.0595
0.0595
0.0595
0.0595
0.0595
0.0595
0.0595
0.0595
0.0595
0.0595
0.0595
0.0595
0.0595
0.0595
0.0595
0.0595
0.0595
0.0595
0.0595
0.0595
0.0595
0.0595
0.0595
0.0595
0.0595
0.0595
0.0595
0.0595
0.0595
0.0595
0.0595
0.0595
0.0272532
0.0595
0.0595
0.0595
0.0595
0.0595
0.0595
0.0595
0.0595
0.0595
0.0595
0.0595
0.0595
0.0595
0.0595
0.0595
0.0595
0.0595
0.0595
0.0595
0.0595
0.0553923
0.0595
0.0595
0.0595
0.0595
0.0595
0.0595
0.0595
0.0595
0.0595
0.0595
0.0595
0.0595
0.0595
0.0595
0.0595
0.0595
0.0595
0.0595
0.0595
0.0595
0.0595
0.0595
0.0595
0.0595
0.0595
0.0595
0.0595
0.0595
0.0595
0.0595
0.0595
0.0595
0.0595
0.0595
0.059162
0.0595
0.0595
0.0595
0.0595
0.0542892
0.0595
0.0560696
0.0595
0.0595
0.0595
0.0595
0.0595
0.0595
0.0595
0.0595
0.0595
0.0595
0.0595
0.0595
0.0595
0.0595
0.0595
0.0595
0.0595
0.0595
0.0595
0.0595
0.0595
0.0595
0.0595
0.0595
0.0595
0.0595
0.0595
0.0595
0.0595
0.0595
0.0595
0.0502621
0.0595
0.0595
0.0595
0.0595
0.0595
0.0595
0.0595
0.0595
0.0595
0.0595
0.0595
0.0595
0.0595
0.0595
0.0595
0.0595
0.0595
0.0595
0.0595
0.0595
0.0595
0.0595
0.0595
0.0595
0.0595
0.0579908
0.0595
0.0595
0.0595
0.0595
0.0595
0.0595
0.0595
0.0595
0.0595
0.0595
0.0595
0.0595
0.0595
0.0595
0.0595
0.0595
0.0595
0.0508445
0.0595
0.0595
0.0595
0.0595
0.0595
0.0595
0.0595
0.0595
0.0595
0.0595
0.0595
0.0595
0.0543812
0.0595
0.0527462
0.0595
0.0532047
0.0595
0.0595
0.0595
0.0595
0.0595
0.0595
0.0595
0.0595
0.0595
0.0595
0.0519316
0.0595
0.0595
0.0567909
0.0595
0.0595
0.0595
0.0595
0.0595
0.0595
0.0595
0.0595
0.0595
0.0595
0.0595
0.0595
0.0595
0.0595
0.0595
0.0595
0.0595
0.0595
0.0595
0.0595
0.0595
0.0595
0.0595
0.0595
0.0595
0.0595
0.0595
0.0595
0.0595
0.0595
0.0595
0.0595
0.0595
0.0595
0.0595
0.0527465
0.0595
0.0595
0.0595
0.0595
0.0595
0.0595
0.0595
0.0595
0.0595
0.0595
0.0595
0.0595
0.0595
0.0595
0.0595
0.0595
0.0595
0.0595
0.0595
0.0595
0.0595
0.0595
0.0595
0.0595
0.0595
0.0595
0.0595
0.0595
0.0595
0.0595
0.0595
0.0595
0.0595
0.0595
0.0595
0.0595
0.0538625
0.0595
0.0595
0.0595
0.0595
0.0595
0.0595
0.0595
0.0595
0.0595
0.010816
0.0595
0.0595
0.0595
0.0595
0.0595
0.0595
0.0595
0.0595
0.0595
0.0595
0.0595
0.0595
0.0595
0.0595
0.0595
0.0595
0.0595
0.0595
0.0595
0.0595
0.0595
0.0595
0.0595
0.0595
0.0595
0.0595
0.0595
0.0595
0.0595
0.0595
0.0595
0.0595
0.0595
0.0595
0.0493301
0.0595
0.0595
0.0595
0.0595
0.0595
0.0595
0.0595
0.0595
0.0595
0.0595
0.0595
0.0486414
0.0595
0.0595
0.0595
0.0595
0.0595
0.0595
0.0595
0.0595
0.0595
0.0595
0.0595
0.0595
0.0595
0.0595
0.0595
0.0595
0.0595
0.0595
0.0595
0.0595
0.0595
0.0595
0.0595
0.0595
0.0595
0.0595
0.0595
0.0595
0.0595
0.0595
0.0595
0.0595
0.0595
0.0595
0.0595
0.0595
0.0595
0.0595
0.0595
0.0595
0.0595
0.0595
0.0595
0.0595
0.0595
0.0595
0.0595
0.0580867
0.0595
0.0595
0.0595
0.0595
0.0459673
0.0595
0.0595
0.0595
0.0595
0.0595
0.0595
0.0595
0.0595
0.0595
0.0595
0.0595
0.0595
0.0595
0.0595
0.0595
0.0595
0.0595
0.0595
0.0595
0.0595
0.0595
0.0595
0.0595
0.0595
0.0595
0.0595
0.0595
0.0595
0.0595
0.0595
0.0595
0.0595
0.0595
0.0595
0.0595
0.0595
0.0595
0.0595
0.0595
0.0595
0.0595
0.0589141
0.0595
0.0595
0.0595
0.0595
0.0595
0.0595
0.0595
0.0595
0.00770199
0.0595
0.0595
0.0595
0.0595
0.0595
0.0595
0.0595
0.0595
0.0595
0.0595
0.0595
0.0595
0.0595
0.0595
0.0595
0.0595
0.0595
0.0595
0.0595
0.0595
0.0595
0.0595
0.0595
0.0595
0.0595
0.0595
0.0595
0.0595
0.0595
0.0595
0.0595
0.0595
0.0595
0.0595
0.0595
0.0595
0.0595
0.0595
0.0595
0.0595
0.0595
0.0595
0.0595
0.0595
0.0595
0.0595
0.0595
0.0595
0.0595
0.0595
0.0595
0.0595
0.0595
0.0595
0.0595
0.0595
0.0595
0.0595
0.0316618
0.0559038
0.0595
0.0595
0.0595
0.0595
0.0595
0.0595
0.0595
0.0595
0.0515488
0.0595
0.0595
0.0595
0.0595
0.0595
0.0595
0.0595
0.0595
0.0595
0.0595
0.0595
0.0595
0.0595
0.0595
0.0595
0.0594366
0.0595
0.0595
0.0595
0.0542742
0.0595
0.0595
0.0595
0.0595
0.0595
0.0595
0.0595
0.0595
0.0595
0.0595
0.052687
0.0536294
0.0595
0.0595
0.0595
0.0595
0.0211216
0.0595
0.0595
0.0595
0.0595
0.0501079
0.0595
0.053575
0.0595
0.0595
0.0595
0.0595
0.0595
0.0595
0.0595
0.0595
0.0572807
0.0595
0.0595
0.0595
0.0595
0.0595
0.0595
0.0595
0.0595
0.0595
0.0595
0.0595
0.0595
0.0595
0.0595
0.0595
0.0595
0.0595
0.0595
0.0595
0.0595
0.0595
0.0595
0.0595
0.0595
0.0595
0.0595
0.0595
0.0595
0.0595
0.0595
0.0595
0.0595
0.0595
0.0496558
0.0595
0.0499809
0.0595
0.0588513
0.0595
0.0595
0.0595
0.0595
0.0595
0.0595
0.0595
0.0595
0.0595
0.0595
0.0595
0.0595
0.0595
0.000449487
0.0595
0.0595
0.0595
0.0595
0.0595
0.0595
0.0595
0.0595
0.0595
0.0595
0.0595
0.0584521
0.0595
0.0595
0.0545567
0.0595
0.0595
0.0595
0.0595
0.0595
0.0595
0.0595
0.0595
0.0595
0.0595
0.0595
0.0595
0.0595
0.0595
0.0595
0.0595
0.0595
0.0595
0.0595
0.0595
0.0595
0.0595
0.0595
0.0595
0.0595
0.0595
0.0595
0.0595
0.0595
0.0595
0.0595
0.0595
0.0595
0.0595
0.0595
0.0595
0.0595
0.0595
0.0595
0.0595
0.0595
0.0595
0.0595
0.0595
0.0595
0.0595
0.0595
0.0595
0.0595
0.0595
0.0595
0.0595
0.0511192
0.0595
0.0595
0.0595
0.0595
0.0595
0.0595
0.0595
0.0595
0.0524951
0.0595
0.0595
0.0595
0.0595
0.0595
0.0595
0.0595
0.0595
0.0565386
0.0595
0.0496558
0.0595
0.0595
0.0595
0.0595
0.0595
0.0595
0.0595
0.0595
0.0595
0.0595
0.0595
0.0595
0.0595
0.0595
0.0595
0.0595
0.0595
0.0595
0.0595
0.0454868
0.0595
0.0595
0.0595
0.0595
0.0595
0.0595
0.0595
0.0595
0.0595
0.0595
0.0595
0.0595
0.0595
0.0595
0.0595
0.0595
0.0595
0.0595
0.0595
0.0595
0.0490049
0.0595
0.0595
0.0595
0.0595
0.0595
0.0111154
0.0595
0.0595
0.0595
0.0595
0.0595
0.0595
0.0595
0.0595
0.0410099
0.0595
0.0595
0.0595
0.0595
0.0595
0.0595
0.0595
0.0595
0.0595
0.0595
0.0595
0.057956
0.0595
0.0595
0.0595
0.0595
0.0595
0.0595
0.0595
0.0595
0.0595
0.0595
0.0595
0.0595
0.0595
0.0595
0.0595
0.0595
0.0595
0.0595
0.0595
0.0595
0.0595
0.0595
0.0595
0.0595
0.0595
0.0595
0.0595
0.0595
0.0595
0.0595
0.0595
0.0595
0.0595
0.0595
0.0438978
0.0595
0.0595
0.0595
0.0595
0.0496558
0.0595
0.0595
0.0595
0.0595
0.0595
0.0595
0.0595
0.0595
0.0595
0.0595
0.0595
0.0595
0.0595
0.0595
0.0595
0.0595
0.0595
0.0595
0.0595
0.0595
0.0595
0.0595
0.0595
0.0595
0.0595
0.0595
0.0595
0.0595
0.0595
0.0595
0.0595
0.0595
0.0595
0.0595
0.0595
0.0595
0.0595
0.0595
0.0595
0.0595
0.0501937
0.0595
0.0595
0.0595
0.0595
0.0595
0.0545314
0.0595
0.0595
0.0595
0.0595
0.0595
0.0595
0.0595
0.0595
0.0595
0.0595
0.0595
0.0595
0.0595
0.0595
0.0595
0.0595
0.0595
0.0595
0.0595
0.0595
0.0595
0.0595
0.0496884
0.0595
0.0595
0.0595
0.0595
0.0595
0.0595
0.0595
0.048558
0.0595
0.0595
0.0595
0.0595
0.0550043
0.0595
0.0484929
0.0595
0.0595
0.0595
0.0595
0.0595
0.0595
0.0595
0.0495609
0.0595
0.0595
0.0595
0.0595
0.0595
0.0595
0.0595
0.0595
0.0582001
0.0595
0.0595
0.0595
0.0595
0.0595
0.0595
0.0595
0.0595
0.0595
0.0595
0.0595
0.0595
0.0595
0.0595
0.0595
0.0595
0.0595
0.0595
0.0595
0.0595
0.0595
0.0595
0.0595
0.0595
0.0595
0.0595
0.0595
0.0595
0.0595
0.0595
0.0595
0.0595
0.0595
0.0595
0.0595
0.0595
0.0530381
0.0595
0.0595
0.0595
0.0528537
0.0595
0.0546527
0.0595
0.0595
0.0595
0.0595
0.0595
0.0595
0.0595
0.0595
0.0595
0.0595
0.0595
0.0595
0.0595
0.0595
0.0595
0.0595
0.0595
0.054208
0.0595
0.0495159
0.0595
0.0595
0.0595
0.0595
0.0595
0.0595
0.0595
0.0595
0.0595
0.0595
0.0595
0.0595
0.0595
0.0595
0.0595
0.0595
0.0595
0.0595
0.0595
0.0595
0.0595
0.0595
0.0595
0.0595
0.0595
0.0595
0.0595
0.0595
0.0595
0.0595
0.0595
0.0595
0.0595
0.0595
0.0595
0.0595
0.00840673
0.0595
0.0595
0.0595
0.0595
0.0595
0.0595
0.0595
0.0595
0.0595
0.0595
0.0595
0.0582532
0.0595
0.0595
0.0595
0.0595
0.0595
0.0595
0.0595
0.0595
0.0595
0.0595
0.0595
0.0595
0.0595
0.0595
0.0595
0.0595
0.0595
0.0286854
0.0595
0.0588277
0.0595
0.0595
0.0595
0.0595
0.0595
0.0595
0.0595
0.0595
0.0595
0.0595
0.0521495
0.0595
0.0595
0.0595
0.0595
0.0595
0.0595
0.0595
0.0595
0.0595
0.0595
0.0595
0.0595
0.0595
0.0595
0.0595
0.0595
0.0595
0.0595
0.0595
0.0595
0.0595
0.0595
0.0595
0.0595
0.0595
0.0595
0.0485495
0.0595
0.0595
0.0595
0.0595
0.0595
0.0595
0.0595
0.0595
0.0595
0.0595
0.0595
0.0595
0.0595
0.0595
0.0595
0.0595
0.0595
0.0516564
0.0595
0.0595
0.0595
0.0595
0.0595
0.0595
0.0595
0.0595
0.0595
0.0595
0.0595
0.0595
0.0595
0.0595
0.0595
0.0595
0.0595
0.0595
0.0106964
0.0595
0.0595
0.0595
0.0595
0.0595
0.0595
0.0595
0.0595
0.0595
0.0595
0.0595
0.0595
0.00460121
0.0595
0.0595
0.0595
0.0595
0.0595
0.0595
0.0595
0.0595
0.0595
0.0595
0.0595
0.0595
0.0595
0.0595
0.0595
0.0595
0.0595
0.0595
0.0595
0.0595
0.0595
0.0595
0.0595
0.0595
0.0595
0.0595
0.0595
0.0595
0.0595
0.0595
0.047924
0.0595
0.0595
0.0595
0.0595
0.0595
0.0595
0.0595
0.0595
0.0595
0.0595
0.056501
0.0595
0.0595
0.0595
0.0595
0.0533496
0.0595
0.0595
0.0595
0.0484489
0.0595
0.0595
0.0595
0.0595
0.0595
0.0595
0.0595
0.0595
0.0595
0.0595
0.0595
0.0595
0.0595
0.0595
0.0595
0.0595
0.0595
0.0595
0.0595
0.0595
0.0595
0.0595
0.0595
0.0595
0.0595
0.0595
0.0595
0.0595
0.0595
0.0595
0.0595
0.0595
0.0595
0.0563463
0.0595
0.0595
0.0595
0.0595
0.0595
0.0595
0.0595
0.0595
0.0595
0.0595
0.0595
0.0595
0.0595
0.0496884
0.0595
0.0595
0.0595
0.0595
0.0595
0.0595
0.0595
0.0595
0.0595
0.0595
0.0595
0.0595
0.0595
0.0592016
0.0595
0.0595
0.0595
0.0595
0.0595
0.0595
0.0595
0.0595
0.0595
0.0595
0.0595
0.0595
0.0595
0.0595
0.0595
0.0595
0.0595
0.0595
0.0595
0.0595
0.0595
0.0595
0.0595
0.0595
0.0595
0.0595
0.0595
0.0595
0.0595
0.0595
0.0595
0.0595
0.0500871
0.0595
0.0595
0.0595
0.0595
0.0595
0.0595
0.0595
0.0595
0.0595
0.0595
0.0595
0.0595
0.0595
0.0595
0.0595
0.0595
0.0595
0.0595
0.0595
0.0595
0.0595
0.0595
0.0126379
0.0595
0.0595
0.0595
0.0595
0.0595
0.0595
0.0595
0.0595
0.0595
0.0595
0.0595
0.0595
0.0595
0.0595
0.0595
0.0595
0.0595
0.0595
0.0595
0.0595
0.0595
0.0595
0.0595
0.0543973
0.0595
0.0595
0.0595
0.0595
0.0595
0.0595
0.0595
0.0595
0.0595
0.0595
0.0595
0.0579657
0.0595
0.0595
0.0595
0.0595
0.0595
0.0595
0.0241821
0.0595
0.0595
0.0595
0.0595
0.0595
0.0595
0.0595
0.0595
0.0595
0.0595
0.0595
0.0595
0.0595
0.0595
0.0595
0.0595
0.0595
0.0595
0.0595
0.0595
0.0595
0.0466227
0.0595
0.0595
0.0595
0.0595
0.0595
0.048558
0.0595
0.0595
0.0595
0.0595
0.0595
0.0595
0.0595
0.0595
0.0595
0.0595
0.0595
0.0595
0.0595
0.0595
0.0595
0.0595
0.0595
0.0595
0.0595
0.0595
0.0595
0.0595
0.0494768
0.0595
0.0595
0.0595
0.0595
0.0595
0.0595
0.0595
0.0595
0.0595
0.0595
0.0595
0.0595
0.0595
0.0595
0.0560382
0.0595
0.0595
0.0595
0.0595
0.0595
0.0595
0.0595
0.0489854
0.0595
0.0595
0.0595
0.0595
0.0595
0.0595
0.0595
0.0595
0.0595
0.0595
0.0474475
0.0595
0.0595
0.0496558
0.0595
0.0595
0.0595
0.0595
0.0595
0.0595
0.0595
0.0595
0.0595
0.0595
0.0595
0.0595
0.0595
0.0595
0.0595
0.0595
0.0595
0.0595
0.0595
0.0595
0.0595
0.0595
0.0595
0.0595
0.0595
0.0595
0.0595
0.0595
0.0595
0.0595
0.0595
0.0595
0.0595
0.0595
0.0595
0.054965
0.0595
0.0595
0.0595
0.0595
0.0595
0.0595
0.0595
0.0595
0.0595
0.0595
0.0595
0.0595
0.0595
0.0595
0.0595
0.0595
0.0595
0.0595
0.0595
0.0595
0.0595
0.0595
0.0595
0.0595
0.0595
0.0595
0.0595
0.0595
0.0595
0.0595
0.0595
0.0595
0.0595
0.0595
0.0595
0.0595
0.0595
0.0595
0.0595
0.0595
0.0595
0.0595
0.0595
0.0541642
0.0595
0.0595
0.0595
0.0595
0.0595
0.0595
0.0595
0.0595
0.0595
0.0595
0.0483992
0.0595
0.0595
0.0595
0.0595
0.0595
0.0595
0.0595
0.0595
0.0595
0.00880703
0.0595
0.0595
0.0595
0.0595
0.0595
0.0595
0.0595
0.0595
0.0595
0.0595
0.0595
0.0595
0.0595
0.0595
0.0496558
0.0496558
0.0595
0.0595
0.0595
0.0595
0.0595
0.0595
0.0595
0.0595
0.0595
0.0595
0.0595
0.0595
0.0595
0.0595
0.0595
0.0595
0.0595
0.0595
0.0595
0.0595
0.0595
0.0595
0.0595
0.0595
0.0580759
0.0595
0.0595
0.0595
0.0595
0.0595
0.0595
0.0595
0.0595
0.0595
0.0595
0.0595
0.0595
0.0595
0.0595
0.0595
0.0595
0.0595
0.0595
0.0595
0.0595
0.0595
0.0595
0.0595
0.0595
0.0595
0.0595
0.0595
0.0595
0.0595
0.0595
0.0267772
0.0595
0.0595
0.0595
0.0500929
0.0595
0.0595
0.0595
0.0595
0.0595
0.0595
0.0595
0.0595
0.0572131
0.0595
0.0595
0.0595
0.0595
0.0595
0.0595
0.0595
0.0595
0.0595
0.053137
0.0595
0.0595
0.0595
0.0595
0.0595
0.0595
0.0595
0.0595
0.0595
0.0595
0.0595
0.0595
0.00872604
0.0595
0.0595
0.0595
0.0595
0.0595
0.0595
0.0595
0.055567
0.0595
0.0502658
0.0595
0.0595
0.0595
0.0595
0.0595
0.0595
0.0583763
0.0595
0.0595
0.0595
0.0595
0.0595
0.0595
0.0595
0.0595
0.0595
0.0595
0.0595
0.0595
0.0595
0.0595
0.0595
0.0595
0.0595
0.0595
0.0595
0.0595
0.0496558
0.0595
0.0595
0.0595
0.0595
0.0595
0.0595
0.0595
0.0595
0.0595
0.0595
0.0595
0.0595
0.0595
0.0595
0.0086138
0.0595
0.0595
0.0595
0.0595
0.0595
0.0595
0.0595
0.0595
0.0595
0.0595
0.0595
0.0595
0.0595
0.0595
0.0595
0.0595
0.0595
0.0577697
0.0595
0.0110387
0.0595
0.0595
0.0595
0.0595
0.0595
0.0595
0.0595
0.0595
0.0595
0.0595
0.0595
0.0595
0.0595
0.0595
0.0595
0.0595
0.0595
0.0595
0.0595
0.0595
0.0595
0.0595
0.0595
0.0595
0.0595
0.0595
0.0595
0.0595
0.0595
0.0595
0.0595
0.0595
0.0595
0.0595
0.0595
0.0484571
0.0595
0.0595
0.0595
0.0595
0.0595
0.0595
0.0595
0.0595
0.0595
0.0595
0.0112069
0.0595
0.0595
0.0595
0.0595
0.0595
0.0595
0.0595
0.0595
0.057307
0.0595
0.0595
0.0468026
0.0595
0.0595
0.0595
0.0595
0.0595
0.0595
0.0577583
0.0595
0.0595
0.0595
0.0595
0.0595
0.0595
0.0595
0.0595
0.0595
0.0595
0.0595
0.050498
0.0595
0.0595
0.0595
0.0595
0.0595
0.0595
0.0595
0.0595
0.0595
0.0595
0.0595
0.0595
0.0595
0.0595
0.0595
0.0595
0.0595
0.0515798
0.0595
0.0595
0.0595
0.0498336
0.0595
0.0595
0.0595
0.0595
0.0327227
0.0595
0.0595
0.0595
0.0485199
0.0595
0.0595
0.0393413
0.0560075
0.0496449
0.0595
0.0595
0.0595
0.0595
0.0595
0.0595
0.0595
0.0595
0.0595
0.0595
0.0595
0.0595
0.0595
0.0595
0.0595
0.0595
0.0595
0.0496519
0.0595
0.0595
0.0595
0.0595
0.0595
0.0595
0.00778574
0.0595
0.0595
0.0595
0.0595
0.0595
0.0595
0.0595
0.0595
0.0595
0.0595
0.048558
0.0595
0.0498349
0.0415005
0.0595
0.0595
0.0595
0.0595
0.0595
0.0595
0.0595
0.0595
0.0496558
0.0595
0.0595
0.0595
0.0595
0.0595
0.0595
0.0595
0.0595
0.0595
0.0595
0.0595
0.0595
0.0595
0.0595
0.0595
0.0595
0.0595
0.0595
0.0487129
0.0595
0.0595
0.0595
0.0595
0.0595
0.0595
0.0595
0.0595
0.0595
0.0595
0.0595
0.0595
0.0595
0.0595
0.0595
0.0595
0.0595
0.0595
0.0595
0.0595
0.0595
0.0595
0.0595
0.0595
0.0595
0.0595
0.0595
0.0595
0.0595
0.0503097
0.0595
0.0595
0.0595
0.0595
0.0595
0.0595
0.0595
0.0595
0.0496558
0.0595
0.0595
0.0595
0.0595
0.0595
0.0595
0.050795
0.0595
0.0595
0.0595
0.0595
0.0595
0.0595
0.0595
0.0595
0.0595
0.0595
0.0595
0.0595
0.0595
0.0595
0.0595
0.0595
0.0554763
0.0595
0.0595
0.0595
0.0595
0.0595
0.0595
0.0595
0.0595
0.0595
0.0595
0.0595
0.0595
0.0595
0.0595
0.0595
0.0595
0.0595
0.0595
0.0595
0.0595
0.0595
0.0595
0.0595
0.0595
0.0595
0.0595
0.0595
0.0595
0.0595
0.0595
0.0595
0.0595
0.0595
0.0595
0.0595
0.0595
0.0595
0.0595
0.0537888
0.0595
0.0595
0.0595
0.0595
0.0595
0.0595
0.0595
0.0595
0.0595
0.0595
0.0595
0.0595
0.0532287
0.0595
0.048558
0.0595
0.0595
0.0595
0.0595
0.0595
0.0595
0.0595
0.0595
0.0595
0.0595
0.0526937
0.0488326
0.0595
0.0595
0.0595
0.0595
0.0595
0.0527474
0.0595
0.0595
0.0595
0.0595
0.0595
0.0595
0.0595
0.0595
0.0498649
0.0595
0.0595
0.0595
0.0595
0.0595
0.0595
0.0595
0.0595
0.0595
0.0595
0.0595
0.0595
0.0595
0.0595
0.0595
0.0595
0.0595
0.0595
0.0595
0.0595
0.0595
0.0595
0.0595
0.0595
0.0595
0.0595
0.0595
0.0595
0.0595
0.0595
0.0595
0.0595
0.0595
0.00805783
0.0595
0.0595
0.0595
0.0595
0.0595
0.0496558
0.0595
0.0595
0.0595
0.0595
0.0595
0.0595
0.0595
0.0595
0.0595
0.0595
0.0595
0.0595
0.0595
0.0595
0.0595
0.0595
0.0492807
0.0595
0.0595
0.0595
0.0595
0.0595
0.0595
0.0595
0.0595
0.0595
0.0487643
0.0595
0.0595
0.0595
0.0595
0.0486298
0.0595
0.0595
0.0595
0.0519609
0.0595
0.0595
0.0595
0.0595
0.0566088
0.0595
0.0593345
0.0595
0.0595
0.0511952
0.0595
0.0595
0.0595
0.0595
0.0595
0.0595
0.0595
0.0595
0.0595
0.00998076
0.0595
0.0595
0.0595
0.0595
0.0595
0.0595
0.0501481
0.0595
0.0595
0.0595
0.0544223
0.0595
0.0595
0.0595
0.0595
0.0595
0.0595
0.0595
0.0595
0.0595
0.0595
0.0595
0.0595
0.0595
0.0595
0.0595
0.0595
0.0595
0.0595
0.0595
0.0595
0.0595
0.0595
0.0595
0.0595
0.0595
0.0595
0.0595
0.0595
0.0595
0.056853
0.0595
0.0595
0.0595
0.0595
0.0595
0.0595
0.0595
0.0595
0.0595
0.0595
0.0595
0.0595
0.0595
0.0401829
0.0595
0.0595
0.0595
0.0595
0.0595
0.0595
0.0595
0.0595
0.0595
0.0595
0.0595
0.0595
0.0513473
0.0595
0.0595
0.0595
0.0595
0.0595
0.0595
0.0595
0.0595
0.0595
0.0595
0.0595
0.0595
0.0595
0.0595
0.0466963
0.0595
0.0595
0.0595
0.0595
0.0595
0.0595
0.0595
0.0595
0.0595
0.0595
0.0595
0.0595
0.0595
0.0595
0.0595
0.0595
0.0595
0.0595
0.0595
0.0595
0.0595
0.0595
0.0595
0.0595
0.0595
0.0595
0.0595
0.0595
0.0595
0.0595
0.0595
0.0595
0.0490278
0.0595
0.0595
0.0595
0.0595
0.0595
0.0595
0.0595
0.0595
0.0595
0.0595
0.0595
0.0595
0.0595
0.0595
0.0527716
0.0496404
0.0595
0.0595
0.0595
0.0595
0.0595
0.0595
0.0595
0.0595
0.0595
0.0595
0.0526419
0.0595
0.0595
0.0595
0.0595
0.0595
0.0595
0.0595
0.0595
0.0595
0.0595
0.0595
0.0595
0.0595
0.0504749
0.0595
0.0595
0.0595
0.0595
0.0595
0.0595
0.0595
0.0595
0.0595
0.0595
0.0595
0.0595
0.0595
0.0595
0.0595
0.0595
0.0595
0.0595
0.0595
0.0595
0.0595
0.0595
0.0595
0.0595
0.0595
0.0595
0.0595
0.0595
0.0595
0.0595
0.0595
0.0595
0.0595
0.0595
0.0595
0.0595
0.0595
0.0595
0.0595
0.0595
0.0595
0.0595
0.0595
0.058776
0.0595
0.0595
0.0595
0.0595
0.0595
0.0595
0.0595
0.0485009
0.0595
0.0595
0.0595
0.0595
0.0595
0.0595
0.0595
0.0595
0.0595
0.0595
0.0595
0.0595
0.0595
0.0595
0.0595
0.0595
0.0595
0.0595
0.0595
0.049778
0.0595
0.0595
0.0595
0.0595
0.0595
0.0595
0.0595
0.0595
0.0595
0.0595
0.0595
0.0595
0.0595
0.0595
0.0595
0.0595
0.0545453
0.0595
0.0595
0.0595
0.0595
0.0595
0.0595
0.0595
0.0595
0.0595
0.0595
0.0595
0.0595
0.0595
0.0595
0.0595
0.0595
0.0595
0.0595
0.0595
0.0595
0.0595
0.0595
0.0494733
0.0595
0.0595
0.0595
0.0595
0.0595
0.0595
0.0595
0.0595
0.0595
0.0547268
0.0595
0.0595
0.0595
0.0595
0.0595
0.0595
0.0595
0.0595
0.0595
0.0595
0.0595
0.0595
0.0595
0.0595
0.0595
0.0595
0.0595
0.0595
0.0595
0.0595
0.0595
0.0595
0.0595
0.0595
0.0595
0.0595
0.0595
0.0595
0.0595
0.0595
0.0595
0.0595
0.0595
0.0595
0.0487759
0.0595
0.0595
0.0565807
0.0595
0.0595
0.0595
0.0595
0.0595
0.0595
0.0595
0.0595
0.0595
0.0595
0.0111482
0.0595
0.0595
0.0595
0.0595
0.0595
0.0595
0.0595
0.0595
0.0595
0.0595
0.0595
0.0595
0.0595
0.0595
0.0595
0.0595
0.0595
0.0595
0.0595
0.0595
0.0595
0.0595
0.0595
0.0595
0.0595
0.0595
0.0595
0.0595
0.0595
0.0595
0.0595
0.0595
0.0595
0.0595
0.0595
0.0595
0.0233232
0.0595
0.0595
0.0595
0.0595
0.0595
0.0595
0.0595
0.0595
0.0595
0.0595
0.0595
0.0595
0.0595
0.0595
0.0595
0.0595
0.0595
0.0595
0.0595
0.0595
0.0595
0.0595
0.0595
0.0595
0.0595
0.0595
0.0595
0.0595
0.0595
0.0595
0.0563072
0.0595
0.0595
0.0595
0.0595
0.0595
0.0595
0.0595
0.0595
0.0595
0.0595
0.0595
0.0595
0.0595
0.0595
0.0531083
0.0595
0.0595
0.0595
0.0595
0.0595
0.0595
0.0595
0.0595
0.0553951
0.0595
0.0595
0.0595
0.0595
0.0595
0.0595
0.0595
0.0595
0.0595
0.0595
0.0595
0.0595
0.0595
0.0595
0.0595
0.0595
0.0595
0.0595
0.0595
0.0595
0.0595
0.0489143
0.0595
0.0595
0.0595
0.0595
0.0595
0.0595
0.0595
0.0595
0.0595
0.0595
0.0595
0.0595
0.0595
0.0595
0.0595
0.0595
0.0595
0.0595
0.0595
0.0595
0.0595
0.0595
0.0595
0.0595
0.0595
0.0595
0.0595
0.0595
0.0595
0.00803218
0.0595
0.0595
0.0595
0.0595
0.0595
0.0595
0.0595
0.0595
0.0595
0.0595
0.0595
0.0595
0.0595
0.0595
0.0595
0.0595
0.0595
0.0595
0.0595
0.0595
0.0595
0.0478216
0.0595
0.0595
0.0595
0.0595
0.0595
0.0595
0.0595
0.0595
0.0595
0.0595
0.0595
0.0595
0.0595
0.0595
0.0595
0.0595
0.0595
0.0595
0.0595
0.0595
0.0595
0.0595
0.0595
0.0595
0.0595
0.0595
0.0595
0.0595
0.0595
0.0595
0.0595
0.0595
0.0595
0.0595
0.0595
0.0595
0.0595
0.0595
0.0595
0.0595
0.0595
0.0595
0.0595
0.0595
0.0595
0.0595
0.0595
0.014346
0.0595
0.0595
0.0595
0.0595
0.0578767
0.0595
0.0595
0.0595
0.0595
0.0595
0.0595
0.0595
0.0595
0.00825824
0.0595
0.0595
0.0595
0.0595
0.0486109
0.0595
0.0595
0.0595
0.0595
0.0595
0.0595
0.0595
0.0496558
0.0595
0.0595
0.0595
0.0472135
0.0083037
0.0595
0.0595
0.0595
0.0586163
0.0595
0.0595
0.0595
0.0595
0.0595
0.0595
0.0595
0.0595
0.0595
0.0595
0.0595
0.0595
0.0186784
0.0550457
0.0595
0.048579
0.0595
0.0485634
0.0595
0.0595
0.0595
0.0595
0.0595
0.0595
0.0595
0.0595
0.0595
0.0595
0.0595
0.0595
0.0595
0.0595
0.0595
0.0595
0.0595
0.0595
0.0595
0.0595
0.0595
0.0595
0.0595
0.0595
0.0507612
0.0595
0.0595
0.0595
0.0595
0.0595
0.0595
0.0595
0.0595
0.0595
0.0595
0.0595
0.0595
0.0595
0.0595
0.00859896
0.0595
0.0595
0.0595
0.0595
0.0595
0.0595
0.0595
0.0595
0.0595
0.0586082
0.0586554
0.0595
0.0595
0.0595
0.0595
0.0595
0.0595
0.0550391
0.0595
0.0595
0.0548096
0.0595
0.0595
0.0595
0.0595
0.0589212
0.0595
0.0595
0.0595
0.0595
0.0595
0.0595
0.0595
0.0595
0.0595
0.0595
0.0595
0.0595
0.0595
0.0595
0.0595
0.0595
0.0595
0.0595
0.0595
0.0595
0.0595
0.0595
0.0595
0.0595
0.0595
0.0595
0.0595
0.0595
0.0595
0.0595
0.0595
0.0595
0.0595
0.0595
0.0595
0.0595
0.0595
0.0595
0.0595
0.0595
0.0595
0.0595
0.0595
0.0595
0.0595
0.0595
0.0595
0.0595
0.0595
0.0595
0.0595
0.0595
0.0595
0.0595
0.0595
0.0595
0.0595
0.0595
0.0595
0.0595
0.0595
0.0595
0.0595
0.0595
0.0595
0.0595
0.0595
0.0595
0.0595
0.0595
0.0595
0.0595
0.0595
0.0595
0.0595
0.0595
0.0570932
0.0595
0.0595
0.0595
0.0595
0.0595
0.0595
0.0595
0.0595
0.0595
0.0595
0.0595
0.0595
0.0595
0.0595
0.0595
0.057924
0.0595
0.0595
0.0595
0.0595
0.0496884
0.0595
0.0595
0.0595
0.0595
0.0581938
0.0595
0.0595
0.0595
0.0595
0.0595
0.0595
0.0595
0.0595
0.0595
0.0595
0.0595
0.0595
0.0595
0.0595
0.0595
0.0595
0.0595
0.0595
0.0595
0.0595
0.0595
0.0595
0.0595
0.0595
0.0595
0.0595
0.0595
0.0595
0.0595
0.0595
0.0595
0.0595
0.0595
0.0484882
0.0595
0.0595
0.0595
0.0595
0.0595
0.0595
0.0595
0.0595
0.0595
0.0595
0.0595
0.0595
0.053397
0.0595
0.0595
0.0595
0.0595
0.0595
0.0539227
0.0595
0.0595
0.0595
0.0595
0.0595
0.0595
0.0595
0.0595
0.0595
0.0595
0.0595
0.0595
0.0595
0.0595
0.0595
0.0122783
0.0595
0.0543201
0.0595
0.0595
0.0595
0.0595
0.0595
0.0595
0.0595
0.0595
0.0595
0.0595
0.0595
0.0595
0.0595
0.0595
0.0595
0.0595
0.0595
0.0595
0.0595
0.0595
0.0595
0.0595
0.0595
0.0595
0.0595
0.0595
0.0595
0.0595
0.0595
0.0595
0.0595
0.0595
0.0595
0.0595
0.0595
0.0595
0.0595
0.0595
0.0595
0.0595
0.0595
0.0595
0.0595
0.0595
0.0491829
0.0595
0.0595
0.0595
0.0595
0.0595
0.0595
0.0595
0.0595
0.0595
0.0595
0.0595
0.0595
0.0572112
0.0595
0.0595
0.0595
0.0595
0.0595
0.0595
0.0595
0.0570522
0.0574886
0.0595
0.0595
0.0595
0.0595
0.0595
0.0538526
0.0595
0.0595
0.0595
0.0595
0.0595
0.0547758
0.0595
0.0595
0.0595
0.0595
0.0595
0.0595
0.0595
0.0595
0.0595
0.0595
0.0595
0.0511948
0.0595
0.0595
0.0595
0.0595
0.0595
0.0595
0.0595
0.0595
0.0595
0.0595
0.0595
0.0595
0.0595
0.0595
0.0595
0.0595
0.0595
0.0595
0.0595
0.0595
0.0595
0.0595
0.0595
0.0595
0.0595
0.0595
0.0595
0.0595
0.0569908
0.0595
0.0595
0.0595
0.0595
0.0595
0.0595
0.0595
0.0595
0.0595
0.0595
0.0595
0.0595
0.0595
0.049496
0.0595
0.0595
0.0595
0.0595
0.0595
0.0595
0.0595
0.0595
0.0595
0.0595
0.0595
0.0595
0.0595
0.0595
0.0595
0.0595
0.0595
0.0595
0.0595
0.0595
0.0595
0.0595
0.0595
0.0595
0.0595
0.0595
0.0595
0.0595
0.0595
0.0595
0.0595
0.0595
0.0595
0.0595
0.0595
0.0595
0.0595
0.0595
0.0595
0.0595
0.0503059
0.0595
0.0595
0.0595
0.0595
0.0595
0.0486776
0.0595
0.0595
0.0595
0.0595
0.0595
0.0595
0.0595
0.0595
0.0595
0.0595
0.0595
0.0595
0.0595
0.0595
0.0595
0.0595
0.0595
0.0595
0.0595
0.0595
0.0595
0.0595
0.0595
0.0595
0.0595
0.0595
0.0595
0.0595
0.0595
0.00928168
0.0595
0.0595
0.0595
0.0595
0.0595
0.0595
0.0595
0.0595
0.0595
0.0595
0.0595
0.0595
0.0595
0.0595
0.0595
0.0595
0.0595
0.0595
0.0595
0.0595
0.0595
0.0595
0.0595
0.0595
0.0595
0.0595
0.0595
0.0595
0.0595
0.0595
0.0570882
0.0595
0.0586812
0.0595
0.0595
0.0595
0.0595
0.0595
0.0595
0.0595
0.0595
0.0595
0.0595
0.0595
0.0595
0.0595
0.0595
0.0595
0.0595
0.0595
0.0595
0.0595
0.0595
0.0595
0.0595
0.0595
0.0595
0.00801856
0.0595
0.0595
0.0595
0.0595
0.0595
0.0595
0.0595
0.0595
0.0595
0.051279
0.0595
0.0595
0.0595
0.0595
0.0595
0.0595
0.0595
0.0595
0.0595
0.0595
0.0595
0.0595
0.0595
0.0595
0.0595
0.0595
0.0595
0.0595
0.0595
0.0595
0.0595
0.0595
0.0595
0.0595
0.0595
0.0595
0.0595
0.0595
0.0595
0.0595
0.0595
0.0595
0.0595
0.0595
0.0595
0.0595
0.0595
0.0595
0.049533
0.0595
0.0595
0.0595
0.0595
0.0595
0.0595
0.0595
0.0595
0.00563525
0.0595
0.0595
0.0595
0.0595
0.0595
0.0595
0.0595
0.0595
0.0595
0.0595
0.0595
0.0595
0.0595
0.0595
0.0595
0.0595
0.0595
0.0595
0.0595
0.0595
0.0595
0.0595
0.0595
0.0595
0.0595
0.0595
0.0595
0.0595
0.0595
0.0595
0.0595
0.0595
0.0595
0.0496884
0.0595
0.0595
0.0595
0.0595
0.0529263
0.0496884
0.0595
0.0595
0.0595
0.0572608
0.0595
0.0595
0.0595
0.0595
0.0595
0.0595
0.0110954
0.0595
0.0595
0.0595
0.0595
0.0595
0.0595
0.0595
0.0595
0.0595
0.0595
0.0595
0.0595
0.0595
0.0595
0.0595
0.0595
0.0595
0.0595
0.0595
0.0595
0.0595
0.0595
0.0595
0.0595
0.0595
0.0595
0.0595
0.0595
0.0595
0.0595
0.048558
0.0595
0.0595
0.0595
0.0595
0.0595
0.0595
0.0595
0.0595
0.0595
0.0595
0.0595
0.0595
0.0595
0.0595
0.0595
0.0595
0.0595
0.0595
0.0595
0.0595
0.0595
0.0595
0.0595
0.0595
0.0595
0.0595
0.0595
0.0595
0.0595
0.0595
0.0595
0.0595
0.0595
0.0483353
0.0595
0.0595
0.0595
0.0595
0.0595
0.0595
0.0595
0.0595
0.0595
0.0595
0.0595
0.0595
0.0595
0.0595
0.0595
0.0595
0.0595
0.0595
0.0595
0.0595
0.0595
0.0595
0.0595
0.0595
0.0595
0.0595
0.0595
0.0595
0.0595
0.0595
0.0498469
0.0567534
0.0595
0.0595
0.0595
0.0595
0.0522894
0.0595
0.0546058
0.0595
0.0595
0.048359
0.0595
0.0595
0.0110486
0.0595
0.0595
0.0595
0.0595
0.0595
0.0595
0.0595
0.0595
0.0595
0.0595
0.0595
0.0595
0.0595
0.0595
0.0595
0.0595
0.0534364
0.0595
0.0595
0.0595
0.0595
0.0532425
0.0595
0.0595
0.0595
0.0595
0.0595
0.0595
0.0595
0.0595
0.0595
0.0595
0.0595
0.0482819
0.0595
0.0595
0.0595
0.0595
0.04907
0.0595
0.0595
0.0595
0.0567018
0.0595
0.0595
0.0595
0.0595
0.0595
0.0595
0.0595
0.0595
0.0595
0.0109721
0.0595
0.0595
0.0595
0.0595
0.0595
0.0595
0.0595
0.0595
0.0595
0.0595
0.0595
0.0595
0.0595
0.0595
0.0595
0.0595
0.0513805
0.0595
0.00457239
0.0595
0.0595
0.0595
0.0595
0.0595
0.0595
0.0595
0.0595
0.0595
0.0595
0.0595
0.0595
0.0595
0.0595
0.0595
0.0595
0.0595
0.0595
0.0595
0.0595
0.0595
0.0595
0.0595
0.0595
0.0595
0.0595
0.0595
0.0595
0.0595
0.0595
0.0595
0.0595
0.0595
0.0595
0.0595
0.0595
0.0595
0.0595
0.0595
0.0595
0.0595
0.0595
0.0595
0.0595
0.0595
0.0595
0.0595
0.0595
0.0595
0.0595
0.0595
0.0595
0.0595
0.0595
0.0595
0.0595
0.0595
0.0595
0.0595
0.0595
0.0595
0.0595
0.0595
0.0491555
0.0595
0.0595
0.0595
0.0595
0.0595
0.0595
0.0595
0.0595
0.0595
0.0595
0.0595
0.0595
0.0595
0.0595
0.0496558
0.0595
0.0595
0.0595
0.0595
0.0595
0.0595
0.0595
0.0524059
0.0595
0.0595
0.0595
0.0595
0.0595
0.0595
0.0595
0.0595
0.0595
0.0595
0.0595
0.0595
0.0595
0.0595
0.0595
0.0595
0.0595
0.0595
0.0487321
0.0595
0.0595
0.0595
0.0595
0.0595
0.0595
0.0595
0.0595
0.0595
0.0595
0.0595
0.0595
0.0595
0.0489473
0.0595
0.0595
0.0595
0.0595
0.0595
0.0595
0.0595
0.0595
0.0595
0.0595
0.0595
0.0595
0.0595
0.0595
0.0595
0.0595
0.0595
0.0595
0.0595
0.0595
0.0595
0.0595
0.0595
0.0595
0.0595
0.0595
0.0595
0.0595
0.0490641
0.0565202
0.0595
0.0495257
0.0595
0.0569343
0.0595
0.0595
0.0595
0.00981201
0.0595
0.0595
0.0595
0.0595
0.0595
0.0595
0.0595
0.0595
0.0595
0.0595
0.0595
0.0595
0.0595
0.0595
0.0595
0.0595
0.0595
0.0595
0.0595
0.0595
0.0595
0.0595
0.0595
0.0595
0.0595
0.0595
0.0595
0.0595
0.0595
0.0595
0.048579
0.0595
0.0595
0.0595
0.0595
0.0595
0.0595
0.0595
0.0595
0.0595
0.0595
0.0595
0.0595
0.0595
0.0595
0.0595
0.0595
0.0595
0.0595
0.0595
0.0595
0.0595
0.0595
0.0549733
0.0595
0.0595
0.0595
0.0595
0.0595
0.0595
0.0595
0.0595
0.0595
0.0595
0.0595
0.0595
0.0595
0.0595
0.000968609
0.0595
0.0595
0.0595
0.0595
0.0595
0.0595
0.0595
0.0595
0.0595
0.0595
0.0571135
0.0595
0.0595
0.0595
0.0595
0.0595
0.04299
0.0595
0.0595
0.0595
0.0595
0.0595
0.0595
0.0595
0.0595
0.0595
0.0595
0.0595
0.0595
0.0595
0.0595
0.0595
0.0595
0.0595
0.0595
0.0595
0.0595
0.0595
0.0595
0.0595
0.0595
0.0595
0.0595
0.0595
0.0595
0.0595
0.0595
0.0595
0.0595
0.0585474
0.0595
0.0595
0.0595
0.0595
0.0595
0.0595
0.0595
0.0595
0.042928
0.0595
0.0516494
0.0595
0.0595
0.0595
0.0595
0.0595
0.0595
0.0595
0.0595
0.0595
0.0595
0.0595
0.0595
0.0595
0.0595
0.0595
0.0595
0.0595
0.0567542
0.0595
0.0595
0.0595
0.0595
0.0595
0.0595
0.0595
0.0595
0.0595
0.0591345
0.0595
0.0595
0.0595
0.0595
0.0595
0.0595
0.0595
0.0595
0.0595
0.0595
0.0595
0.0595
0.0595
0.0595
0.0595
0.0595
0.0595
0.0595
0.0595
0.0595
0.0595
0.0595
0.0595
0.0595
0.0595
0.0595
0.0595
0.0595
0.0595
0.0516567
0.0595
0.0595
0.0595
0.0595
0.0595
0.0595
0.0595
0.0595
0.0595
0.0102913
0.0595
0.0595
0.0595
0.0595
0.0595
0.0595
0.0595
0.0595
0.0595
0.0595
0.0595
0.0595
0.0595
0.0595
0.0595
0.0595
0.0494448
0.0595
0.0595
0.0595
0.0595
0.0595
0.0595
0.0595
0.0595
0.0595
0.0595
0.0595
0.0581163
0.0595
0.0595
0.0595
0.0595
0.0595
0.0595
0.0595
0.0595
0.0595
0.0595
0.0595
0.0595
0.0595
0.0452696
0.0595
0.0595
0.0581574
0.0595
0.0595
0.0595
0.0595
0.0595
0.0595
0.0595
0.0595
0.0595
0.0595
0.0595
0.0595
0.0595
0.0595
0.0595
0.0595
0.0595
0.0595
0.0595
0.0595
0.0595
0.0595
0.0595
0.0595
0.0595
0.0595
0.0595
0.0595
0.0595
0.0595
0.0595
0.0595
0.0595
0.0595
0.0595
0.0595
0.0595
0.0595
0.0591692
0.0595
0.0595
0.0595
0.0595
0.0595
0.0595
0.0595
0.0595
0.0595
0.0595
0.0595
0.0595
0.0595
0.0595
0.0595
0.0595
0.0595
0.0595
0.0595
0.0595
0.0595
0.0595
0.0595
0.0595
0.0595
0.0595
0.0595
0.0522491
0.0595
0.0595
0.058527
0.0595
0.0565391
0.0595
0.0595
0.0595
0.0595
0.0595
0.0595
0.0595
0.0595
0.0595
0.0595
0.0595
0.0595
0.0595
0.0595
0.0595
0.0595
0.0595
0.0595
0.0595
0.0595
0.0595
0.0595
0.0595
0.0595
0.0595
0.0595
0.0595
0.0595
0.0595
0.0595
0.0595
0.0595
0.0595
0.0595
0.0595
0.0595
0.0595
0.0595
0.0595
0.0595
0.0595
0.0588733
0.0595
0.0595
0.0595
0.0540278
0.0595
0.0595
0.0595
0.0595
0.0595
0.0595
0.0494615
0.0595
0.0595
0.0595
0.0595
0.0595
0.0595
0.0147221
0.0490247
0.0595
0.0595
0.0595
0.0595
0.0595
0.0595
0.0595
0.0595
0.0595
0.0595
0.0595
0.0595
0.0595
0.0595
0.0595
0.0595
0.0595
0.0595
0.0515388
0.0595
0.0566995
0.0592887
0.0595
0.0595
0.0595
0.0595
0.0595
0.0493943
0.0595
0.0595
0.0513545
0.0595
0.0595
0.0595
0.0595
0.0595
0.0421287
0.0595
0.0595
0.0595
0.0595
0.0595
0.0595
0.0595
0.0595
0.0595
0.0595
0.0502481
0.0595
0.0595
0.0595
0.0595
0.0595
0.0595
0.0595
0.0595
0.0595
0.0595
0.0595
0.0595
0.0595
0.0595
0.0499682
0.0595
0.0595
0.0595
0.0595
0.0595
0.0595
0.0595
0.0595
0.0595
0.0595
0.0595
0.0491659
0.0595
0.0595
0.0595
0.0595
0.0469496
0.0595
0.0595
0.0595
0.0501657
0.0595
0.0595
0.0595
0.0595
0.0595
0.0595
0.0539983
0.0595
0.0595
0.0595
0.0595
0.0595
0.0595
0.0595
0.0595
0.0595
0.0595
0.0534852
0.0595
0.0595
0.0595
0.0595
0.0595
0.0595
0.0551917
0.0595
0.0595
0.0595
0.0595
0.0595
0.0595
0.0595
0.0595
0.0595
0.0595
0.0595
0.0595
0.0595
0.0595
0.0595
0.0498278
0.0595
0.0595
0.0595
0.0595
0.0595
0.0595
0.0595
0.0595
0.0595
0.0595
0.0595
0.0595
0.0595
0.0574913
0.0595
0.0595
0.0595
0.0595
0.0595
0.0595
0.0595
0.0595
0.0595
0.0595
0.0595
0.0595
0.0595
0.0595
0.0595
0.0566958
0.0595
0.0595
0.0595
0.0595
0.0595
0.0595
0.0595
0.0595
0.0595
0.0595
0.0580118
0.0595
0.0595
0.0595
0.0595
0.0595
0.0595
0.0595
0.0571502
0.0595
0.0595
0.0595
0.0595
0.0595
0.0595
0.0595
0.0595
0.0595
0.0595
0.0595
0.0595
0.0595
0.0595
0.0595
0.0595
0.0595
0.0595
0.0595
0.0595
0.0595
0.0595
0.0595
0.0595
0.0595
0.0482951
0.0504244
0.0595
0.0595
0.0595
0.0595
0.0595
0.0595
0.0595
0.0595
0.0595
0.0595
0.0595
0.0595
0.0595
0.0595
0.0595
0.0595
0.0595
0.0595
0.0595
0.0595
0.0595
0.0595
0.0595
0.0595
0.0595
0.0595
0.0595
0.00932777
0.0595
0.0595
0.0595
0.0595
0.0595
0.0595
0.0595
0.0595
0.0595
0.0595
0.0595
0.0595
0.0595
0.0595
0.0595
0.0595
0.0595
0.0595
0.0595
0.0595
0.0595
0.0595
0.0595
0.0595
0.0595
0.0595
0.0595
0.0595
0.0595
0.0595
0.0595
0.0595
0.0595
0.0595
0.0595
0.0595
0.0595
0.0595
0.0595
0.0595
0.0595
0.0595
0.0595
0.0595
0.0595
0.0595
0.0595
0.0595
0.0595
0.0595
0.0471322
0.0595
0.0595
0.0572024
0.0595
0.0595
0.0595
0.0595
0.0595
0.0595
0.0595
0.0595
0.0595
0.0595
0.0595
0.0595
0.0595
0.0595
0.0595
0.0595
0.0595
0.0595
0.0595
0.0595
0.0595
0.0595
0.0595
