0.2447
0.00253719
0.177821
0.061075
0.121745
0.2447
0.2447
0.2447
0.0412672
0.2447
0.2447
0.0718294
0.0808881
0.104631
0.186445
0.2447
0.0424633
0.2447
0.2447
0.0246168
0.0932041
0.0674123
0.2447
0.2447
0.2447
0.2447
0.2447
0.2447
0.10561
0.202707
0.2447
0.2447
0.0210193
0.2447
0.2447
0.116312
0.2447
0.2447
0.2447
0.109621
0.2447
0.0456683
0.2447
0.0573818
0.2447
0.2447
0.2447
0.2447
0.2447
0.145058
0.2447
0.0622825
0.2447
0.0970429
0.2447
0.2447
0.210026
0.2447
0.00684742
0.126011
0.2447
0.2447
0.2447
0.2447
0.2447
0.112521
0.00902968
0.2447
0.2447
0.00209114
0.166075
0.110546
0.2447
0.2447
0.093921
0.2447
0.0423912
0.0558038
0.0991834
0.2447
0.2447
0.2447
0.2447
0.130557
0.0885091
0.2447
0.2447
0.0626713
0.234888
0.2447
0.0731177
0.050413
0.151616
0.0225254
0.2447
0.0354857
0.223889
0.0208952
0.2447
0.2447
0.2447
0.2447
0.0936357
0.2447
0.00173007
0.2447
0.0168299
0.118874
0.0754389
0.2447
0.0122061
0.2447
0.2447
0.2447
0.2447
0.0510894
0.2447
0.2447
0.0301466
0.2447
0.2447
0.2447
0.118984
0.105866
0.063027
0.0148696
0.2447
0.0373172
0.0174753
0.2447
0.2447
0.2447
0.0973502
0.0356236
0.113958
0.00686565
0.2447
0.115038
0.0298737
0.2447
0.2447
0.2447
0.10792
0.2447
0.2447
0.132963
0.0709081
0.0785762
0.2447
0.2447
0.2447
0.11947
0.00122394
0.2447
0.0696575
0.2447
0.172908
0.108458
0.2447
0.2447
0.2447
0.2447
0.2447
0.0855087
0.103452
0.0989445
0.2447
0.2447
0.0894899
0.2447
0.2447
0.2447
0.2447
0.0320692
0.2447
0.2447
0.0298394
0.0688844
0.0573841
0.00788218
0.0197181
0.0546951
0.086758
0.2447
0.2447
0.0608072
0.2447
0.0531386
0.186841
0.2447
0.108367
0.2447
0.0412451
0.2447
0.0248144
0.2447
0.108427
0.2447
0.2447
0.0501368
0.2447
0.2447
0.0708865
0.00513962
0.0456669
0.0067585
0.2447
0.062589
0.2447
0.0485718
0.2447
0.0398943
0.2447
0.119233
0.2447
0.2447
0.166375
0.2447
0.2447
0.2447
0.2447
0.01876
0.0313033
0.208598
0.0535051
0.101429
0.2447
0.100438
0.2447
0.0364039
0.2447
0.0188701
0.100323
0.2447
0.2447
0.2447
0.2447
0.110345
0.0637296
0.2447
0.0618513
0.2447
0.2447
0.2447
0.0203688
0.2447
0.2447
0.2447
0.2447
0.2447
0.0471446
0.105836
0.0401677
0.2447
0.2218
0.145242
0.2447
0.2447
0.2447
0.2447
0.2447
0.2447
0.123349
0.2447
0.0767718
0.2447
0.0693148
0.131439
0.2447
0.2447
0.2447
0.2447
0.106693
0.2447
0.2447
0.2447
0.0685233
0.21933
0.0787955
0.00809051
0.2447
0.147952
0.2447
0.126492
0.0592218
0.0513131
0.194143
0.2447
0.2447
0.2447
0.0625076
0.2447
0.2447
0.061669
0.2447
0.2447
0.142936
0.2447
0.2447
0.2447
0.2447
0.0453392
0.2447
0.026814
0.2447
0.107356
0.2447
0.0166126
0.2447
0.2447
0.2447
0.0801764
0.131041
0.2447
0.2447
0.114497
0.2447
0.2447
0.0734939
0.2447
0.0448657
0.2447
0.125177
0.2447
0.2447
0.0996644
0.0466612
0.112078
0.062919
0.0262569
0.110011
0.2447
0.2447
0.0657835
0.2447
0.2447
0.2447
0.110707
0.2447
0.2447
0.2447
0.0998665
0.101053
0.2447
0.2447
0.0100986
0.0179531
0.0731591
0.2447
0.2447
0.2447
0.2447
0.149249
0.0610619
0.2447
0.0109724
0.0454359
0.191374
0.000442926
0.2447
0.0659745
0.2447
0.2447
0.2447
0.112
0.2447
0.2447
0.2447
0.2447
0.2447
0.2447
0.118037
0.0804514
0.0253894
0.2447
0.2447
0.19746
0.120532
0.2447
0.2447
0.0893038
0.2447
0.2447
0.2447
0.2447
0.0428193
0.2447
0.2447
0.2447
0.2447
0.2447
0.101487
0.2447
0.112167
0.158781
0.00776824
0.0240951
0.123649
0.2447
0.0769899
0.2447
0.110131
0.2447
0.16554
0.2447
0.2447
0.0411403
0.2447
0.0449333
0.0652617
0.0571406
0.00639523
0.020171
0.0722649
0.2447
0.0329349
0.023688
0.109091
0.2447
0.0346916
0.152705
0.100435
0.2447
0.147613
0.124031
0.040991
0.0318
0.00728855
0.137247
0.0248093
0.037085
0.0689053
0.10312
0.2447
0.2447
0.0239771
0.0737505
0.2447
0.2447
0.0405631
0.2447
0.0330252
0.2447
0.0758656
0.11742
0.2447
0.2447
0.057881
0.2447
0.2447
0.2447
0.119341
0.2447
0.2447
0.2447
0.2447
0.2447
0.2447
0.2447
0.0512691
0.2447
0.2447
0.166357
0.2447
0.2447
0.2447
0.2447
0.2447
0.0781204
0.2447
0.2447
0.0617909
0.2447
0.127936
0.2447
0.2447
0.2447
0.2447
0.2447
0.2447
0.104587
0.2447
0.2447
0.2447
0.147966
0.192315
0.119601
0.2447
0.2447
0.0848496
0.0162212
0.2447
0.00638725
0.0193682
0.2447
0.2447
0.2447
0.137048
0.2447
0.0209396
0.00586604
0.2447
0.2447
0.2447
0.0400212
0.2447
0.2447
0.0213751
0.2447
0.1203
0.00548529
0.2447
0.2447
0.2447
0.129903
0.072757
0.0592646
0.120498
0.0246901
0.0710902
0.0512544
0.2447
0.2447
0.2447
0.2447
0.2447
0.141437
0.214099
0.2447
0.00877504
0.2447
0.0745294
0.105356
0.2447
0.072184
0.2447
0.2447
0.2447
0.0675717
0.2447
0.2447
0.107338
0.119209
0.0240695
0.2447
0.2447
0.2447
0.2447
0.2447
0.2447
0.2447
0.0109568
0.0876002
0.2447
0.2447
0.0679199
0.2447
0.2447
0.0105736
0.2447
0.2447
0.0881676
0.111857
0.0452369
0.2447
0.2447
0.105068
0.2447
0.2447
0.2447
0.0921716
0.116911
0.2447
0.117291
0.2447
0.2447
0.2447
0.0521317
0.0890337
0.2447
0.2447
0.2447
0.2447
0.2447
0.2447
0.0323494
0.0339764
0.2447
0.0196026
0.146374
0.2447
0.0641331
0.2447
0.2447
0.053405
0.2447
0.0917247
0.2447
0.127959
0.0827009
0.200332
0.2447
0.2447
0.2447
0.2447
0.2447
0.143406
0.2447
0.2447
0.2447
0.101991
0.2447
0.00636819
0.2447
0.2447
0.2447
0.109585
0.186235
0.2447
0.2447
0.0277047
0.2447
0.107449
0.2447
0.2447
0.0176378
0.106552
0.2447
0.2447
0.0246992
0.2447
0.2447
0.19438
0.2447
0.0223112
0.2447
0.2447
0.2447
0.2447
0.2447
0.0964261
0.2447
0.2447
0.2447
0.2447
0.2447
0.222381
0.235038
0.23814
0.0415626
0.2447
0.2447
0.2447
0.2447
0.2447
0.125622
0.0715398
0.2447
0.2447
0.2447
0.2447
0.10922
0.2447
0.101389
0.193308
0.0131178
0.128641
0.2447
0.2447
0.0718347
0.00991666
0.0459164
0.2447
0.0335454
0.105497
0.2447
0.2447
0.103455
0.2447
0.2447
0.2447
0.2447
0.2447
0.2447
0.027232
0.0123235
0.2447
0.037816
0.2447
0.10439
0.2447
0.13326
0.2447
0.0181114
0.2447
0.113634
0.100314
0.2447
0.2447
0.0588644
0.2447
0.2447
0.2447
0.2447
0.125952
0.0925482
0.2447
0.2447
0.0327548
0.2447
0.2447
0.173546
0.2447
0.220508
0.2447
0.185055
0.2447
0.0239415
0.2447
0.2447
0.0127555
0.107171
0.127003
0.181292
0.0234571
0.14275
0.2447
0.2447
0.2447
0.0364159
0.2447
0.2447
0.114444
0.0537999
0.2447
0.2447
0.0991021
0.2447
0.2447
0.2447
0.0383596
0.017277
0.2447
0.0108061
0.0115373
0.0952461
0.2447
0.2447
0.2447
0.2447
0.0215379
0.2447
0.2447
0.2447
0.2447
0.2447
0.0050205
0.125872
0.0731642
0.2447
0.2447
0.2447
0.126198
0.2447
0.2447
0.2447
0.2447
0.2447
0.00582754
0.2447
0.107486
0.0192716
0.0431674
0.2447
0.2447
0.0510719
0.2447
0.2447
0.034596
0.2447
0.2447
0.232223
0.0874547
0.0370308
0.104543
0.2447
0.0346087
0.118191
0.00145289
0.0205157
0.0236403
0.0657191
0.2447
0.0668948
0.2447
0.0171331
0.2447
0.2447
0.2447
0.2447
0.138324
0.2447
0.2447
0.2447
0.2447
0.2447
0.2447
0.2447
0.2447
0.0742687
0.0533654
0.2447
0.2447
0.043354
0.2447
0.2447
0.0220505
0.0225198
0.0225306
0.2447
0.2447
0.0163533
0.0572218
0.2447
0.089027
0.2447
0.2447
0.2447
0.151795
0.190547
0.118833
0.2447
0.2447
0.2447
0.2447
0.2447
0.2447
0.0424487
0.2447
0.2447
0.0411364
0.0479253
0.2447
0.2447
0.187202
0.2447
0.0898994
0.035403
0.2447
0.2447
0.00745355
0.2447
0.0402195
0.2447
0.2447
0.029091
0.0829707
0.2447
0.2447
0.2447
0.00627065
0.2447
0.2447
0.113386
0.2447
0.2447
0.2447
0.2447
0.0296803
0.2447
0.2447
0.2447
0.2447
0.109449
0.0943391
0.2447
0.2447
0.2447
0.128197
0.2447
0.2447
0.0504648
0.2447
0.2447
0.0575849
0.2447
0.15376
0.0814713
0.2447
0.2447
0.2447
0.00173284
0.2447
0.2447
0.19374
0.0253971
0.2447
0.0883548
0.2447
0.2447
0.106109
0.2447
0.2447
0.2447
0.0770161
0.2447
0.0894013
0.2447
0.2447
0.0806273
0.2447
0.0841846
0.2447
0.0278878
0.0450316
0.0776573
0.120104
0.2447
0.2447
0.2447
0.121419
0.10758
0.0495949
0.2447
0.016544
0.2447
0.2447
0.105402
0.2447
0.0213079
0.132021
0.2447
0.2447
0.2447
0.0994378
0.056486
0.0115134
0.109167
0.0505842
0.0697263
0.2447
0.00305899
0.0894575
0.00381338
0.2447
0.2447
0.2447
0.2447
0.0268292
0.0556285
0.2447
0.111868
0.2447
0.2447
0.2447
0.2447
0.2447
0.2447
0.0868644
0.0051999
0.0791564
0.113742
0.2447
0.2447
0.119552
0.2447
0.103174
0.2447
0.2447
0.0280978
0.00879219
0.106372
0.2447
0.118659
0.2447
0.2447
0.109257
0.2447
0.0273526
0.2447
0.2447
0.128922
0.0339505
0.0341439
0.0540889
0.2447
0.2447
0.212848
0.2447
0.2447
0.110844
0.2447
0.2447
0.2447
0.2447
0.2447
0.00948063
0.0372998
0.0365189
0.2447
0.198925
0.125448
0.0185438
0.2447
0.2447
0.2447
0.2447
0.2447
0.2447
0.0416022
0.2447
0.0323354
0.2447
0.2447
0.0260416
0.0283569
0.2447
0.2447
0.113853
0.2447
0.2447
0.0427452
0.2447
0.113579
0.2447
0.124744
0.2447
0.2447
0.2447
0.2447
0.00299539
0.2447
0.109023
0.136063
0.2447
0.2447
0.0390457
0.0680389
0.2447
0.2447
0.000281519
0.0866181
0.2447
0.2447
0.022316
0.108356
0.2447
0.148248
0.023066
0.152836
0.0242559
0.142738
0.2447
0.0755595
0.2447
0.2447
0.2447
0.2447
0.2447
0.00465116
0.0500634
0.0105817
0.107802
0.2447
0.2447
0.112152
0.2447
0.0394066
0.0897568
0.2447
0.2447
0.0723641
0.2447
0.0036952
0.2447
0.2447
0.102878
0.2447
0.2447
0.118055
0.132086
0.0649309
0.2447
0.0013332
0.0164784
0.0740519
0.0222718
0.102742
0.2447
0.110927
0.0279598
0.0652716
0.2447
0.2447
0.2447
0.117926
0.15754
0.078152
0.2447
0.0768965
0.0378041
0.11087
0.135212
0.0108452
0.0307199
0.0378512
0.2447
0.042717
0.2447
0.0198906
0.2447
0.223477
0.152429
0.0353329
0.00372775
0.0370974
0.2447
0.2447
0.2447
0.0938999
0.2447
0.2447
0.0037476
0.2447
0.2447
0.2447
0.101109
0.2447
0.2447
0.2447
0.2447
0.0396164
0.0154972
0.2447
0.0360551
0.2447
0.2447
0.2447
0.2447
0.2447
0.110927
0.2447
0.2447
0.156943
0.2447
0.2447
0.0769259
0.112963
0.2447
0.2447
0.2447
0.2447
0.20134
0.2447
0.2447
0.2447
0.101552
0.2447
0.11289
0.2447
0.014368
0.0554162
0.2447
0.2447
0.2447
0.2447
0.2447
0.2447
0.2447
0.2447
0.2447
0.034942
0.0176402
0.2447
0.0395702
0.2447
0.2447
0.2447
0.0813544
0.0245189
0.047904
0.0864039
0.2447
0.2447
0.2447
0.2447
0.2447
0.0466355
0.2447
0.0276784
0.2447
0.2447
0.2447
0.189428
0.2447
0.111653
0.105435
0.0888048
0.2447
0.147926
0.2447
0.20144
0.128577
0.10341
0.2447
0.2447
0.2447
0.100604
0.2447
0.117225
0.2447
0.2447
0.110725
0.110566
0.2447
0.0196317
0.132996
0.2447
0.2447
0.135718
0.2447
0.2447
0.0855016
0.2447
0.0785487
0.2447
0.2447
0.0483001
0.0895825
0.2447
0.2447
0.0137122
0.2447
0.2447
0.136729
0.2447
0.0504942
0.00643474
0.2447
0.0678016
0.2447
0.0542992
0.114345
0.00583475
0.2447
0.14015
0.2447
0.0915733
0.2447
0.2447
0.2447
0.2447
0.2447
0.2447
0.2447
0.101189
0.0346428
0.2447
0.2447
0.2447
0.2447
0.2447
0.2447
0.2447
0.0114963
0.2447
0.16276
0.0853505
0.2447
0.2447
0.226736
0.2447
0.2447
0.2447
0.0883785
0.2447
0.2447
0.116843
0.2447
0.2447
0.2447
0.2447
0.2447
0.103911
0.2447
0.0363359
0.2447
0.2447
0.0037612
0.2447
0.114615
0.2447
0.030307
0.2447
0.017632
0.2447
0.2447
0.126742
0.2447
0.0555966
0.2447
0.2447
0.2447
0.00510328
0.2447
0.2447
0.114728
0.127985
0.2447
0.2447
0.2447
0.2447
0.2447
0.0953269
0.2447
0.0103316
0.2447
0.142413
0.2447
0.0332605
0.037394
0.0183929
0.2447
0.143586
0.0605342
0.0477838
0.2447
0.0161041
0.0766199
0.00892359
0.2447
0.2447
0.2447
0.2447
0.2447
0.102099
0.0496231
0.2447
0.2447
0.2447
0.115075
0.2447
0.0220008
0.2447
0.112235
0.2447
0.2447
0.2447
0.2447
0.0542265
0.2447
0.2447
0.2447
0.2447
0.2447
0.0853078
0.2447
0.0913503
0.049499
0.0504828
0.0509868
0.0252455
0.0788661
0.2447
0.2447
0.2447
0.2447
0.2447
0.0132457
0.00342313
0.0209013
0.0947798
0.2447
0.2447
0.2447
0.0541896
0.2447
0.044873
0.0351492
0.078312
0.040508
0.2447
0.110525
0.2447
0.2447
0.2447
0.0187692
0.2447
0.2447
0.2447
0.2447
0.2447
0.2447
0.2447
0.2447
0.2447
0.2447
0.0793956
0.2447
0.2447
0.2447
0.105197
0.0615332
0.2447
0.0855546
0.109799
0.2447
0.2447
0.2447
0.131033
0.2447
0.110375
0.0369094
0.2447
0.2447
0.2447
0.0681234
0.2447
0.2447
0.124563
0.028527
0.0566526
0.2447
0.0237573
0.2447
0.143092
0.050916
0.130172
0.0840185
0.037843
0.2447
0.2447
0.0152794
0.2447
0.0304944
0.0581159
0.2447
0.2447
0.2447
0.2447
0.110951
0.2447
0.193667
0.100908
0.110189
0.2447
0.00335154
0.2447
0.115929
0.2447
0.2447
0.131916
0.114066
0.2447
0.0517796
0.2447
0.111684
0.2447
0.2447
0.0124907
0.2447
0.115573
0.2447
0.2447
0.0830729
0.0726207
0.0896206
0.2447
0.0829576
0.2447
0.0951301
0.2447
0.2447
0.118639
0.2447
0.2447
0.225516
0.2447
0.2447
0.2447
0.2447
0.0350251
0.2447
0.136198
0.20308
0.0981613
0.0158252
0.2447
0.2447
0.0128005
0.0134537
0.2447
0.00999518
0.0803249
0.0539872
0.2447
0.0345227
0.2447
0.2447
0.039274
0.0553069
0.0882984
0.2447
0.2447
0.2447
0.0352822
0.2447
0.2447
0.0895473
0.104227
0.2447
0.2447
0.11616
0.2447
0.101941
0.0277634
0.00805645
0.2447
0.2447
0.0795876
0.2447
0.2447
0.0810357
0.2447
0.2447
0.116704
0.2447
0.0557563
0.2447
0.2447
0.2447
0.0509082
0.2447
0.2447
0.2447
0.2447
0.2447
0.2447
0.2447
0.00285101
0.2447
0.2447
0.117075
0.2447
0.11832
0.2447
0.0200469
0.222136
0.2447
0.0998262
0.2447
0.11783
0.0875876
0.2447
0.2447
0.2447
0.0979671
0.2447
0.137465
0.00020701
0.10847
0.0935778
0.2447
0.2447
0.0175978
0.2447
0.012921
0.2447
0.2447
0.0150726
0.2447
0.2447
0.104496
0.0869255
0.00670631
0.2447
0.0270434
0.164943
0.2447
0.169893
0.2447
0.124849
0.2447
0.132758
0.2447
0.2447
0.0429785
0.2447
0.2447
0.2447
0.2447
0.2447
0.0778518
0.2447
0.2447
0.2447
0.0352036
0.2447
0.0899102
0.0555577
0.2447
0.2447
0.2447
0.0387399
0.2447
0.0183516
0.0269333
0.2447
0.2447
0.2447
0.0521572
0.2447
0.103696
0.2447
0.0298735
0.2447
0.0898248
0.2447
0.00476044
0.131702
0.2447
0.0154221
0.2447
0.196788
0.2447
0.0559761
0.2447
0.0314774
0.0477485
0.2447
0.2447
0.0172119
0.111332
0.132893
0.2447
0.0924872
0.2447
0.122603
0.2447
0.21599
0.2447
0.2447
0.217158
0.2447
0.2447
0.2447
0.194686
0.101673
0.2447
0.2447
0.2447
0.2447
0.0369323
0.2447
0.2447
0.2447
0.2447
0.2447
0.00527288
0.2447
0.021725
0.2447
0.196861
0.0202346
0.2447
0.0342725
0.035994
0.2447
0.0820421
0.2447
0.2447
0.2447
0.2447
0.2447
0.103776
0.0062936
0.2447
0.0794464
0.2447
0.0241859
0.2447
0.0369328
0.0656476
0.134717
0.0187178
0.2447
0.2447
0.2447
0.0178257
0.2447
0.2447
0.2447
0.2447
0.117534
0.2447
0.2447
0.2447
0.2447
0.053692
0.00378172
0.2447
0.2447
0.2447
0.0171546
0.0853755
0.113773
0.2447
0.2447
0.0696451
0.0571753
0.00306767
0.102863
0.2447
0.0769458
0.131993
0.2447
0.2447
0.2447
0.0165161
0.131316
0.2447
0.2447
0.2447
0.131683
0.2447
0.2447
0.0933839
0.2447
0.2447
0.2447
0.2447
0.0308054
0.2447
0.0956226
0.114902
0.2447
0.2447
0.0514792
0.2447
0.2447
0.2447
0.2447
0.192172
0.2447
0.2447
0.2447
0.0259783
0.077964
0.2447
0.114592
0.0493233
0.0410868
0.0432966
0.2447
0.12036
0.0976049
0.2447
0.2447
0.2447
0.114257
0.2447
0.2447
0.0666037
0.0108402
0.0288246
0.111569
0.2447
0.000814824
0.2447
0.2447
0.0534023
0.0518886
0.2447
0.2447
0.2447
0.00529453
0.2447
0.113797
0.179117
0.149319
0.160001
0.115296
0.2447
0.109177
0.2447
0.2447
0.2447
0.2447
0.2447
0.2447
0.2447
0.109711
0.0179881
0.0882548
0.2447
0.110081
0.2447
0.107779
0.2447
0.2447
0.2447
0.13004
0.102008
0.2447
0.026821
0.2447
0.2447
0.2447
0.2447
0.00962653
0.2447
0.2447
0.2447
0.2447
0.2447
0.2447
0.2447
0.0698719
0.2447
0.120439
0.2447
0.0234597
0.2447
0.2447
0.2447
0.2447
0.0844005
0.0422297
0.110534
0.2447
0.2447
0.0927876
0.0730769
0.11855
0.113183
0.2447
0.2447
0.2447
0.132975
0.2447
0.2447
9.61659e-05
0.00427771
0.110621
0.2447
0.2447
0.2447
0.2447
0.104008
0.2447
0.0948865
0.2447
0.0229392
0.2447
0.2447
0.129264
0.2447
0.2447
0.117494
0.2447
0.2447
0.2447
0.113407
0.2447
0.2447
0.0266209
0.2447
0.2447
0.2447
0.0446137
0.14897
0.2447
0.2447
0.00475332
0.104526
0.2447
0.2447
0.2447
0.2447
0.2447
0.2447
0.2447
0.2447
0.2447
0.2447
0.040697
0.2447
0.104527
0.0253034
0.2447
0.2447
0.0688725
0.2447
0.2447
0.2447
0.2447
0.0197875
0.0503158
0.2447
0.2447
0.112768
0.113961
0.2447
0.0565467
0.2447
0.2447
0.2447
0.005549
0.102621
0.2447
0.141517
0.2447
0.2447
0.2447
0.2447
0.2447
0.0281848
0.2447
0.2447
0.2447
0.190268
0.2447
0.2447
0.125416
0.14805
0.2447
0.2447
0.00369885
0.2447
0.2447
0.2447
0.193604
0.101351
0.2447
0.104948
0.2447
0.2447
0.2447
0.2447
0.0470411
0.171437
0.2447
0.0371307
0.116589
0.0454756
0.0649996
0.2447
0.2447
0.2447
0.132728
0.2447
0.0949425
0.2447
0.2447
0.2447
0.2447
0.2447
0.0103461
0.2447
0.0738337
0.0749428
0.0460988
0.2447
0.2447
0.2447
0.11247
0.2447
0.2447
0.2447
0.2447
0.2447
0.2447
0.2447
0.2447
0.2447
0.00374771
0.00691737
0.2447
0.2447
0.113174
0.2447
0.107854
0.122917
0.2447
0.2447
0.033215
0.2447
0.0120302
0.2447
0.2447
0.2447
0.0827392
0.2447
0.2447
0.2447
0.2447
0.134888
0.2447
0.0689943
0.2447
0.100261
0.2447
0.2447
0.2447
0.0641266
0.2447
0.2447
0.2447
0.0938936
0.2447
0.2447
0.0525702
0.2447
0.2447
0.110078
0.2447
0.0701622
0.110412
0.2447
0.115921
0.110976
0.2447
0.00580817
0.2447
0.2447
0.2447
0.2447
0.108913
0.172376
0.0542806
0.0310332
0.2447
0.106848
0.0914814
0.2447
0.2447
0.2447
0.0180762
0.126659
0.136092
0.112318
0.2447
0.0462358
0.2447
0.11662
0.2447
0.2447
0.0864197
0.0445881
0.2447
0.0753366
0.0819919
0.2447
0.2447
0.2447
0.2447
0.121526
0.00398658
0.2447
0.2447
0.2447
0.2447
0.2447
0.0957188
0.2447
0.2447
0.162179
0.2447
0.006126
0.2447
0.2447
0.2447
0.2447
0.2447
0.0854954
0.2447
0.0686972
0.00252232
0.2447
0.0189478
0.2447
0.2447
0.2447
0.2447
0.0898172
0.2447
0.2447
0.2447
0.2447
0.2447
0.2447
0.0716217
0.0599915
0.199764
0.2447
0.2447
0.0670618
0.114877
0.2447
0.1201
0.2447
0.2447
0.2447
0.2447
0.089768
0.102715
0.0611586
0.0986015
0.2447
0.2447
0.2447
0.2447
0.2447
0.2447
0.000850627
0.2447
0.2447
0.0407331
0.2447
0.0469992
0.118147
0.00608529
0.00462997
0.244286
0.2447
0.2447
0.115437
0.2447
0.2447
0.043256
0.00165939
0.2447
0.2447
0.0543375
0.2447
0.2447
0.0473646
0.2447
0.119746
0.2447
0.2447
0.2447
0.12857
0.2447
0.121034
0.2447
0.2447
0.2447
0.2447
0.000615798
0.2447
0.2447
0.2447
0.2447
0.0134733
0.2447
0.2447
0.0635328
0.14652
0.2447
0.2447
0.2447
0.00954845
0.0602338
0.2447
0.2447
0.115069
0.2447
0.2447
0.0564284
0.2447
0.2447
0.2447
0.2447
0.060101
0.0123939
0.0707783
0.19222
0.2447
0.2447
0.2447
0.125246
0.2447
0.115654
0.2447
0.2447
0.2447
0.2447
0.103005
0.116693
0.2447
0.2447
0.00426732
0.0411581
0.2447
0.2447
0.2447
0.2447
0.127181
0.2447
0.0280572
0.2447
0.110591
0.2447
0.2447
0.0108891
0.2447
0.2447
0.2447
0.2447
0.2447
0.0788336
0.127765
0.2447
0.2447
0.2447
0.0184346
0.0170608
0.0495001
0.0591148
0.116635
0.00277998
0.111569
0.109536
0.0100582
0.2447
0.2447
0.0142397
0.103852
0.0090346
0.2447
0.2447
0.2447
0.0786048
0.2447
0.2447
0.2447
0.0570477
0.2447
0.0152822
0.0944367
0.0132194
0.112812
0.0865028
0.0377044
0.2447
0.2447
0.2447
0.207415
0.0609507
0.113883
0.2447
0.094877
0.2447
0.00595571
0.0362074
0.2447
0.2447
0.2447
0.2447
0.0104099
0.2447
0.2447
0.2447
0.0536174
0.00230532
0.2447
0.0418671
0.2447
0.115057
0.2447
0.190171
0.2447
0.0277492
0.2447
0.2447
0.2447
0.179528
0.0742029
0.2447
0.2447
0.2447
0.2447
0.0516188
0.114857
0.110324
0.14705
0.2447
0.0303755
0.2447
0.2447
0.2447
0.2447
0.2447
0.108948
0.204215
0.2447
0.021054
0.0207624
0.0859332
0.2447
0.131087
0.2447
0.2447
0.118459
0.0974857
0.00883992
0.0822092
0.0555543
0.2447
0.2447
0.0491458
0.2447
0.2447
0.2447
0.128348
0.2447
0.2447
0.139697
0.2447
0.2447
0.2447
0.0274103
0.2447
0.0160529
0.2447
0.2447
0.2447
0.2447
0.110007
0.2447
0.2447
0.117945
0.0168142
0.2447
0.0430318
0.2447
0.2447
0.2447
0.2447
0.2447
0.2447
0.116819
0.2447
0.20822
0.0185895
0.107454
0.2447
0.112335
0.2447
0.2447
0.2447
0.107205
0.2447
0.0409372
0.0458624
0.0578936
0.2447
0.0441686
0.2447
0.2447
0.2447
0.2447
0.2447
0.0508726
0.2447
0.0240898
0.2447
0.115904
0.116875
0.2447
0.0339517
0.2447
0.2447
0.0051556
0.2447
0.2447
0.0583133
0.2447
0.2447
0.0240847
0.2447
0.2447
0.0892034
0.118714
0.0972515
0.2447
0.114781
0.169115
0.2447
0.0975714
0.2447
0.2447
0.2447
0.0380553
0.2447
0.2447
0.2447
0.2447
0.2447
0.2447
0.104639
0.2447
0.2447
0.2447
0.2447
0.0680026
0.139358
0.104132
0.111975
0.0484107
0.0430905
0.116955
0.000821337
0.2447
0.2447
0.2447
0.0683673
0.00884605
0.0317295
0.2447
0.129215
0.0285218
0.0950223
0.0495875
0.2447
0.0370803
0.2447
0.00541275
0.0566861
0.0993709
0.000196886
0.01488
0.000820443
0.0735508
0.2447
0.2447
0.081993
0.2447
0.2447
0.0516464
0.2447
0.2447
0.0587402
0.0983635
0.2447
0.2447
0.2447
0.2447
0.132205
0.110106
0.0503242
0.2447
0.2447
0.0355028
0.2447
0.2447
0.2447
0.2447
0.0610057
0.0581438
0.2447
0.2447
0.2447
0.2447
0.172082
0.2447
0.2447
0.2447
0.114562
0.2447
0.2447
0.00886437
0.2447
0.2447
0.0316205
0.2447
0.2447
0.2447
0.2447
0.000404213
0.2447
0.2447
0.2447
0.2447
0.2447
0.0145761
0.100677
0.0151953
0.0747085
0.2447
0.2447
0.100557
0.2447
0.062654
0.2447
0.00866324
0.0260912
0.112173
0.104749
0.070327
0.143357
0.0152066
0.2447
0.107706
0.2447
0.2447
0.108306
0.0351328
0.0447307
0.2447
0.023404
0.2447
0.0324705
0.2447
0.2447
0.2447
0.2447
0.2447
0.134926
0.0152317
0.2447
0.2447
0.000434723
0.2447
0.126979
0.115891
0.00716631
0.00456691
0.2447
0.0300222
0.0257408
0.2447
0.2447
0.0259227
0.0802256
0.2447
0.2447
0.129035
0.00849036
0.2447
0.0648963
0.177339
0.2447
0.117447
0.146592
0.2447
0.0118354
0.2447
0.2447
0.2447
0.2447
0.2447
0.192137
0.0499954
0.2447
0.066182
0.00170369
0.0726703
0.2447
0.2447
0.2447
0.2447
0.2447
0.190891
0.00371552
0.2447
0.194876
0.2447
0.155053
0.2447
0.0209257
0.0966987
0.0410778
0.0945613
0.2447
0.037668
0.122211
0.2447
0.0305562
0.2447
0.2447
0.2447
0.2447
0.2447
0.243
0.2447
0.2447
0.2447
0.2447
0.2447
0.0978575
0.2447
0.0704096
0.2447
0.2447
0.099515
0.2447
0.2447
0.00092831
0.112143
0.2447
0.0286607
0.0475039
0.2447
0.00289491
0.2447
0.2447
0.0561018
0.2447
0.2447
0.115106
0.0744107
0.2447
0.0778169
0.2447
0.2447
0.2447
0.2447
0.2447
0.2447
0.2447
0.2447
0.2447
0.2447
0.2447
0.2447
0.116787
0.0815357
0.2447
0.2447
0.2447
0.2447
0.2447
0.2447
0.0349767
0.00717283
0.0346191
0.0318158
0.116562
0.0604727
0.2447
0.2447
0.2447
0.2447
0.2447
0.2447
0.2447
0.0869432
0.2447
0.2447
0.2447
0.0647109
0.2447
0.2447
0.2447
0.2447
0.112639
0.2447
0.095231
0.0648739
0.2447
0.2447
0.00105322
0.2447
0.2447
0.2447
0.2447
0.0956442
0.2447
0.00697066
0.2447
0.2447
0.2447
0.2447
0.115077
0.2447
0.0984701
0.0469227
0.2447
0.2447
0.2447
0.2447
0.0755671
0.0569188
0.0758699
0.2447
0.2447
0.153088
0.0382157
0.209583
0.2447
0.0913601
0.2447
0.019102
0.118686
0.129168
0.2447
0.2447
0.2447
0.00913343
0.2447
0.0456732
0.2447
0.172684
0.0172685
0.2447
0.2447
0.127607
0.0536459
0.120522
0.040421
0.0561996
0.2447
0.2447
0.0746493
0.0582635
0.028785
