1.17813
1.14352
0.24347
0.377421
1.0033
0.755178
0.960122
0.614085
1.17323
0.763121
0.0413207
1.06718
1.00073
0.800456
0.325409
1.12779
0.649319
0.832196
0.425024
0.355033
1.3325
0.808809
0.376182
1.14623
0.546853
0.0923453
0.0424538
0.515978
0.432238
0.590956
0.937094
0.94224
0.600747
0.933517
0.867668
0.641486
0.242262
0.871097
0.348177
1.17323
0.979896
0.684841
1.01318
0.485842
0.909932
0.019992
0.889121
0.609755
0.455183
0.290326
1.0814
0.758464
1.17323
1.16043
0.120305
0.370276
0.490797
0.545773
0.124067
0.38223
0.93963
0.99993
1.3325
0.134892
0.64652
0.56994
1.17323
0.604925
0.870468
0.426824
0.577409
0.0219667
1.14739
0.356519
0.77476
0.788462
0.831201
0.0520896
0.418589
0.401991
0.218259
0.405746
0.655984
0.778532
0.876379
0.945928
0.151229
0.518978
0.5728
0.0203154
1.17323
0.815867
1.07932
0.940096
1.17323
0.471797
0.812941
1.0207
0.371359
0.541714
1.14046
1.08331
0.357667
0.761849
1.05759
0.941865
0.623961
1.03232
0.869987
1.01968
1.3325
0.944881
0.958997
0.949121
0.929049
0.932324
0.906855
0.89261
1.3325
0.568309
0.362237
0.122396
0.858959
1.07879
0.928408
0.973004
0.745211
0.184591
1.12968
1.17323
0.653296
0.187167
1.3325
0.859297
0.785203
0.590481
0.879433
1.02435
0.00407258
0.0620272
0.385361
0.954354
0.742679
1.17323
0.118137
1.10526
1.15444
0.532271
0.944193
1.17323
0.684659
0.931879
1.3325
0.389784
0.475571
0.556323
0.566312
0.0334507
0.171274
0.947769
0.709476
1.3325
0.795417
0.575579
0.0350671
0.687303
1.17323
0.279634
0.958705
1.17323
1.16549
0.219629
0.588806
1.17323
0.941901
0.934869
0.139595
0.962678
0.329546
0.904435
0.573033
0.853082
0.206293
1.17323
0.383089
1.3325
0.256911
0.801133
0.960229
0.881992
0.246346
0.924609
0.0133633
0.742047
0.0241815
0.0546547
0.0890281
0.21805
1.08259
0.674825
0.672811
0.0726426
1.3325
1.07243
0.965816
0.74454
0.781922
1.14553
0.0931682
0.340877
1.3325
0.100562
0.000665635
0.209591
0.530475
0.872736
0.525966
1.3325
0.389784
0.3105
0.817389
0.423312
1.06683
1.02402
0.58772
1.11781
0.586196
0.877309
0.269692
0.247086
0.682907
0.761957
0.276109
1.3325
0.871211
0.312887
0.0430519
0.623827
0.643177
0.326939
0.267047
1.3325
0.0517281
0.620219
0.846042
0.762443
0.868117
0.73221
0.662216
0.678083
0.164819
0.929412
0.164801
0.41002
0.955768
0.421963
0.0297838
0.946404
0.89091
0.774159
0.0410556
0.934002
0.548641
0.612981
0.0859498
0.558487
1.11877
0.120798
1.21854
0.30049
0.258429
0.713117
1.17323
1.00513
0.912375
1.00892
0.766559
1.09413
0.95211
0.723816
0.788197
1.05412
0.734668
0.901342
1.17323
0.532715
0.618288
0.224864
0.57344
0.69742
0.68874
0.464951
1.3325
1.17323
1.06807
0.901784
0.812839
0.610497
1.3325
0.681908
1.17323
0.96186
0.0228364
1.17323
0.932838
0.394747
0.951892
0.299847
0.683507
0.257438
0.359042
0.536801
0.223484
0.970384
0.114157
0.936994
1.11502
0.101194
1.18937
0.948154
0.931
1.17323
0.70853
0.45208
0.701206
0.777693
0.922132
0.85424
1.16664
0.780866
0.605783
0.457174
0.162534
0.930401
1.3325
1.17323
1.03561
0.869686
1.06113
1.09681
1.17323
1.04486
0.450377
1.17245
0.937649
1.3325
0.941543
0.508887
1.10097
0.880247
0.150006
0.857635
0.899137
0.246736
0.446689
0.961386
0.0468258
1.19752
0.553692
0.765533
0.815103
0.0952142
0.559381
0.53513
0.811695
0.690057
0.962639
0.802961
0.867474
0.0505888
0.817635
0.762368
0.643356
0.752262
0.229705
0.0879162
0.679021
0.830406
0.498593
0.883056
0.0843759
0.610669
0.0160286
1.3325
1.18099
1.09124
1.3325
1.08727
0.617016
1.1095
1.20148
0.549232
0.779945
0.989516
1.11648
0.430322
0.328402
0.0851701
0.418132
0.828489
0.585692
0.631
1.3325
0.336382
0.240614
0.599442
0.278258
1.0729
0.538581
0.272456
0.926384
0.717122
0.655558
0.348738
0.869277
0.873688
0.717618
0.194009
0.263444
0.868798
0.0726953
0.967201
0.956449
0.687642
0.396817
0.518675
0.312091
0.825213
0.937467
0.10575
0.560312
0.714127
0.114893
0.483665
0.248113
0.409801
0.265718
0.783877
0.742904
0.868505
0.158726
0.590627
1.17323
0.726779
0.381993
1.3325
0.533062
0.566155
0.115042
0.270843
1.3325
0.641666
0.911394
0.0458182
0.0109161
1.17323
0.278645
0.400717
1.08576
0.988996
1.3325
1.14792
0.252859
0.290468
1.14246
0.0696399
0.241809
0.409569
1.3325
0.0368048
0.574477
0.111475
0.646446
0.729767
1.3325
0.512656
0.970422
0.13482
1.3325
0.415066
1.17323
0.294397
0.775795
1.11136
0.650115
0.0953231
0.261268
0.691047
0.62991
1.02367
0.843449
0.0831
0.612174
0.82769
1.07054
1.15337
0.540685
0.314832
0.672417
0.600234
0.962414
0.849863
0.637726
1.11323
0.544016
0.541018
0.326625
0.241316
1.3325
1.14213
0.876353
1.17323
0.113322
0.364718
0.178558
1.11383
1.17323
0.0679435
0.0926266
0.861321
0.956473
0.140758
1.12013
0.509445
0.159973
0.315441
1.3325
0.669223
0.0631725
0.921656
0.0127907
0.790231
0.824665
1.17323
1.17323
1.00258
1.3325
1.0399
0.664781
0.659826
0.537602
0.482728
0.255481
0.831948
0.941501
0.689045
0.353863
1.3325
0.928327
1.17323
0.479458
0.914993
1.10672
0.622802
0.931274
0.897601
0.378848
1.17323
0.818063
0.666229
0.654905
0.500532
0.102798
1.03033
0.902261
0.668075
1.17323
1.3325
0.302505
0.190534
0.233743
0.500447
0.886017
0.522855
0.211682
0.0543577
0.285673
1.16764
0.924718
0.937854
0.244257
0.249992
0.0369463
1.17323
0.523673
0.663069
0.242451
0.0118585
0.359794
0.38838
0.102909
0.815002
0.122971
1.07402
0.890379
0.870082
0.105127
1.17323
1.09766
0.163926
0.787793
1.17323
1.0103
0.437949
0.683047
0.220372
0.0870528
0.0712444
1.17323
0.605063
1.3325
1.0977
0.55644
1.09766
0.624573
0.271966
0.924882
0.006123
0.0943046
0.2217
1.06088
1.17323
0.136916
0.16671
0.973845
0.619523
0.725987
0.530685
0.750181
0.698664
0.0529866
1.3325
1.17639
0.522855
0.344921
1.13679
0.289938
0.82656
1.17323
0.786218
0.742811
0.78542
0.519872
1.17323
0.0200062
0.13924
0.898388
0.195875
0.910086
1.17323
0.609154
0.507948
0.80701
0.382555
1.03306
1.03095
0.583216
0.0186841
0.746631
0.828159
0.647514
0.878308
1.0454
0.607374
0.0273608
0.460294
0.401462
0.794957
0.467932
0.633135
1.3325
0.694164
0.206153
0.395619
0.0538659
0.464193
1.17323
0.962698
1.20231
1.23437
0.402408
0.979192
0.864962
0.0591178
0.828492
0.314018
1.17323
0.331031
0.375043
1.17323
0.144507
0.900819
0.20122
0.233184
0.980219
0.237825
0.013921
1.3325
1.17323
0.39361
1.06275
0.00924706
0.379342
0.607904
0.843402
0.88462
1.0008
0.698777
0.692294
1.3325
0.746673
1.3325
0.931721
0.922786
0.187862
0.909875
0.279264
0.898745
1.3325
0.393198
1.3325
0.73674
0.020873
0.318151
1.11775
0.953551
0.665129
0.0310426
0.734032
0.397826
0.847601
0.833758
1.09762
1.3325
0.657977
0.651419
0.0995095
0.993291
0.897777
0.0627873
0.155598
0.744141
0.264864
1.3325
0.980808
0.128597
0.511495
0.130702
1.13658
0.61568
0.858007
0.938639
1.17323
0.264042
0.929044
0.109678
0.606005
0.574389
0.674816
0.586662
1.0807
1.17323
0.710797
0.267658
1.01976
0.438682
0.895691
0.464754
0.0711441
0.217931
0.155765
0.0934866
1.11576
1.02696
0.219025
1.17323
0.610745
0.706547
0.157708
0.973284
0.887602
0.218756
0.908831
0.821499
0.794482
0.685125
1.17323
0.070646
0.203837
0.017248
1.17323
0.161395
0.591046
0.551489
0.354014
0.96337
1.17323
0.598984
0.94257
0.205827
0.56973
0.404015
0.917999
1.17323
0.948969
0.242935
0.348928
0.148625
0.424926
0.86309
1.3325
0.44441
0.591765
0.754762
1.16346
0.496157
0.0769596
0.370487
0.541321
1.09404
0.801458
0.898328
1.00612
0.897396
0.0108845
0.999322
0.832483
0.187348
1.04479
0.758784
0.557667
0.0935925
0.908352
0.0164111
0.63334
1.17323
0.989106
1.17323
1.3325
0.977157
0.799367
0.929643
0.781419
1.21635
0.165176
0.147595
1.09717
0.758693
0.462812
0.400193
0.837964
1.3325
0.567762
0.724934
0.858122
0.698243
0.849158
0.15196
0.261763
0.96213
1.17323
0.220111
0.720247
1.17323
0.933479
0.252626
0.465754
0.70517
0.890946
0.0496462
1.89847
0.728318
0.62037
1.07078
0.415506
0.619234
0.924787
0.935773
0.0372123
1.17323
0.874135
0.945955
1.3325
1.17323
0.901189
1.05236
0.993975
1.22011
0.0296843
0.857085
1.13902
0.403955
1.16243
0.892465
0.0622
0.367335
0.449339
1.17323
0.956856
0.953995
0.718533
0.600121
0.834491
0.327193
1.08466
1.3325
0.358585
0.611674
1.20435
0.0614413
0.798746
1.07313
0.871469
0.0543244
1.17672
0.589331
0.572676
0.751346
0.00782091
0.535827
0.955849
0.921284
0.87359
0.869683
0.506736
1.06453
0.116965
0.230577
0.962031
0.877708
1.17323
0.918486
0.132141
0.778208
1.12631
0.302415
0.0634276
0.887724
1.2664
0.624601
0.0322167
0.248761
0.851247
0.973973
1.01757
0.920112
1.3325
0.369799
0.0349449
0.59662
0.599436
1.17323
0.892985
0.990888
0.396871
0.667105
0.344082
0.332766
0.0744602
0.913781
1.02982
0.561126
1.10037
0.675706
0.830685
1.17323
0.57876
0.987978
0.171416
0.0360175
0.41487
0.904761
1.17323
0.839513
1.3325
0.204618
0.0287698
0.398834
0.600082
1.17323
0.845822
0.694415
1.00965
0.949915
1.009
1.17509
0.0257827
0.591846
0.623262
0.204578
0.9976
0.694347
0.043913
0.288811
0.800937
0.601247
0.235704
0.662515
0.503733
0.432112
0.970289
1.17323
0.942758
0.926591
0.875812
0.275094
1.3325
0.6719
0.967138
0.958493
0.71811
0.864626
0.868847
0.621455
0.885633
0.286994
0.210292
0.477543
0.398958
0.875472
1.04438
0.83926
0.129624
0.797758
1.17323
0.455964
0.796272
0.93001
0.896573
0.563815
1.03057
0.148444
0.972477
0.100846
0.121841
0.0464975
0.835793
0.922577
0.294785
0.894947
0.105145
0.388661
0.602823
0.0638211
0.731422
0.517875
0.632681
0.956099
0.422936
0.87498
0.124833
0.419951
0.95192
0.969986
0.0839232
0.0494852
1.04185
1.17068
0.416156
0.352479
0.0853599
1.17323
1.17323
0.255677
0.743764
0.623964
1.0351
0.07141
0.459
0.708154
0.122866
0.513029
0.107855
0.444937
0.944588
0.0501725
0.0593585
1.17323
1.08379
0.310895
0.113937
0.112756
0.429491
0.300277
0.0911281
1.02349
0.966591
1.17323
0.856598
0.121016
0.271123
0.84074
0.712152
0.650941
0.898811
1.17323
0.457014
0.59388
0.220867
0.0241485
0.892311
1.0465
0.596604
0.657912
0.307711
0.69712
0.376794
0.812407
0.485519
0.409917
0.28546
0.599733
1.17323
0.228239
0.902173
0.848519
0.223739
1.05614
0.402281
1.16636
1.3325
0.21566
0.862645
0.919151
0.581047
1.17323
0.794554
0.179085
0.399383
0.173042
0.919287
0.110815
0.726824
0.794831
1.08258
0.521752
1.03846
0.585742
1.17323
0.646484
1.05961
1.11591
0.563164
1.17006
0.907175
1.17323
1.3325
0.518554
0.865613
0.344529
1.10445
0.878652
0.88353
1.3325
0.179736
1.3325
0.350604
0.603211
0.886703
1.3325
0.860679
0.141806
1.0794
0.291363
0.471352
0.213232
0.478731
0.220778
0.39042
0.846517
0.959857
1.04554
0.885228
0.0929421
1.21117
1.17323
0.499924
0.271116
0.748813
0.264949
0.923796
1.3325
0.490325
1.13806
1.17323
0.964261
0.783557
0.474109
0.746612
0.635471
0.391125
0.354777
1.02885
0.575281
1.1403
0.97622
1.17323
0.928841
0.649042
0.507541
1.07643
1.12447
0.699455
0.237431
0.0392345
0.34315
0.424085
0.297977
1.17323
0.317416
0.822573
0.0420236
0.0115795
0.384386
0.843417
0.893498
0.842671
0.319378
1.12343
0.526194
1.05035
1.3325
0.605517
1.18003
0.945365
0.452665
0.260516
0.731328
0.94379
0.286128
0.314412
0.794308
0.913268
0.492242
0.135059
0.764488
1.01096
0.895235
0.28242
0.993453
0.892153
0.466496
1.3325
0.414959
0.90948
0.050535
0.700255
0.686328
0.567204
0.0536604
1.07125
0.88665
0.300856
0.34772
0.946557
1.1982
0.573372
0.0170053
0.253289
0.730029
0.198387
0.676563
0.229877
1.17323
0.496338
0.905408
0.0238917
1.17323
1.17323
0.246672
0.475192
0.769673
1.3325
1.17323
0.841788
1.181
0.0881024
1.05607
1.17323
1.3325
0.734797
1.3325
0.955045
1.15543
0.376308
0.0817077
0.903277
0.981667
1.02898
0.22004
0.690951
0.08427
0.0662813
0.751636
0.149083
0.401718
0.153712
0.638562
0.0619663
1.17323
1.3325
0.0787458
1.17323
1.17323
1.17323
0.62026
0.0508576
0.117824
1.15263
0.989084
0.0616936
0.76579
1.3325
1.17323
0.301096
0.842974
0.422289
0.833539
0.441551
0.979762
1.13699
0.856127
1.3325
0.121309
0.823633
1.3325
1.17323
0.668347
0.0464333
0.0822508
0.165859
1.09507
0.547061
1.02298
0.844976
0.535728
0.633673
0.938832
0.192248
0.287309
1.12872
0.76341
0.43217
1.13783
0.0214984
0.60903
0.64665
0.563111
1.3325
0.551003
0.110922
0.125142
0.488196
1.17323
1.03155
1.05478
0.960011
0.786784
1.05254
0.9756
1.3325
0.890911
0.123626
0.652389
0.664595
0.521793
0.75042
0.89654
0.252019
0.358456
0.794748
0.122551
0.907251
0.617271
0.95151
0.0184871
1.17323
1.3325
0.32219
0.565559
1.03087
0.163271
0.0934793
0.0542216
0.199737
0.905779
0.123515
1.10524
0.660909
0.00922267
0.960474
0.776255
0.348418
0.339228
0.951281
0.641568
0.941022
1.16135
0.998702
0.0226106
0.314814
0.104661
0.044975
0.486471
0.588189
0.0276978
0.421446
0.957472
0.151603
1.63249
0.665905
0.928427
0.57316
0.525955
1.12314
0.605756
0.223083
0.300298
0.683573
0.578881
1.3325
0.63524
0.439737
0.155753
0.885619
0.236401
0.118949
0.140673
1.17323
1.16351
0.774064
0.448963
0.609702
1.17323
0.00698132
0.136852
0.690683
1.17323
0.347964
0.686835
0.0126092
1.1593
0.649215
0.904429
0.360697
0.113529
1.16707
0.081285
0.101994
0.264571
0.830862
0.5764
0.368277
0.783275
0.553748
1.17323
0.687543
0.972103
0.763609
1.21721
0.772527
0.841876
1.06807
0.198556
1.02732
0.25247
0.970808
0.0713066
0.178982
1.17323
0.935426
1.01921
1.01486
1.11114
0.918311
0.782702
0.785864
0.397865
0.938014
0.403489
0.521088
0.226209
0.436471
0.582578
0.436247
1.3325
0.565303
0.402053
0.503524
1.3325
0.470989
0.807248
0.0938096
0.726786
0.755774
0.1615
0.763048
1.00462
0.960044
0.824377
0.861347
0.808315
0.955515
0.630215
1.07047
1.0786
0.0131967
0.335231
1.12159
0.743109
0.238993
1.17323
0.729491
0.595442
0.353243
1.3325
0.831564
1.3325
0.696395
0.332228
0.564827
0.630255
0.62789
1.06088
0.202658
0.532405
0.991096
0.687652
1.10548
1.08968
0.493161
0.848576
0.0263239
1.01966
0.225748
1.02271
1.11131
1.0017
0.867273
0.331093
0.211865
0.882564
0.479256
1.00033
0.0818488
0.905937
0.377784
0.805034
0.012836
0.0427142
0.83919
0.329843
0.557847
0.446362
0.87688
0.23646
1.06655
0.0985129
0.913128
1.1008
0.756037
0.0239933
0.991916
0.417472
1.19674
0.951179
0.76539
0.447649
0.893042
0.18606
0.45371
0.171629
1.16647
1.17323
1.3325
0.270925
0.911442
1.08049
0.90795
0.789707
1.09986
0.699132
1.17323
1.3325
0.378617
1.17323
0.835245
0.686172
1.14308
0.298518
0.637365
0.931139
1.17323
0.2382
0.718562
1.3325
0.969516
1.17323
1.3325
0.541964
0.734738
1.3325
1.11463
0.216902
1.3325
1.17323
1.0708
0.743018
0.0220493
1.09729
1.05262
1.03308
0.627746
0.867
1.11705
1.17323
1.3325
0.513003
0.163051
0.39833
1.3325
0.870937
0.844377
0.936058
1.3325
0.824156
1.12781
0.730202
0.816778
1.02775
0.421772
0.337796
0.660704
1.14056
1.03796
0.2437
0.631071
1.17323
0.289588
0.890625
0.339007
0.960226
0.495887
0.426961
1.17323
0.996637
0.921357
0.42473
0.92913
0.71821
0.415219
0.403507
0.68674
0.763369
1.07437
0.816829
0.196915
0.0604391
0.0231184
0.699168
1.16545
0.612417
1.17323
0.225355
0.729947
0.312721
1.3325
1.44981
0.547714
0.665444
0.897375
0.103189
0.979879
0.864442
0.464747
1.07372
0.509783
0.892596
0.618368
0.999138
0.903805
1.17323
0.25673
0.863746
0.115738
0.674277
0.120513
0.544473
0.10221
0.270177
0.846398
0.863406
0.704602
0.890753
0.106124
0.425302
0.539836
0.294383
1.02948
0.978098
0.507877
0.786532
1.12775
1.07271
1.17586
1.17323
0.404747
1.11199
0.884711
1.09817
0.8132
1.14101
0.585151
0.537619
0.0699075
1.00176
0.500924
0.927349
0.112174
0.311612
0.1024
0.781382
0.59321
0.341234
0.934642
0.969896
0.998471
1.3325
0.96266
0.128903
0.977589
0.208141
1.3325
0.606692
0.327382
1.3325
0.918247
1.08435
0.915439
1.17323
0.194388
0.991
1.01899
0.677905
0.0230359
1.04073
1.01531
1.3325
1.29177
0.714493
1.19076
0.0939448
0.293918
0.976216
0.2666
1.14278
1.0338
0.388783
0.39757
0.598936
0.0866736
1.17323
0.153554
1.17323
0.000484111
0.949403
0.941778
1.03375
1.05005
1.17323
1.09044
0.604179
0.910971
1.05828
0.869244
0.626954
0.116607
0.919369
0.111229
4.48823e-05
0.756417
0.924728
1.17323
0.520678
1.02931
1.3325
0.995493
0.888357
0.598821
0.436018
0.937004
1.3325
0.322491
0.296669
0.816389
0.779145
0.800365
0.893794
0.138563
0.262871
0.00290827
0.0361693
0.546192
0.894858
0.720153
1.17323
0.952006
0.366989
0.82808
0.945913
0.881402
0.0739875
1.3325
0.536786
1.18731
0.75332
1.17323
0.423563
0.664492
0.19938
1.14056
0.436537
1.17323
0.0568324
0.789186
1.17323
1.02535
0.327799
0.936806
0.765232
0.852582
1.17323
0.528056
0.148781
0.377386
0.81283
0.321786
0.466887
0.615404
0.144849
0.501964
1.3325
1.17323
0.152481
1.17323
1.08373
0.218949
0.407699
1.03252
0.513994
0.286645
0.0764595
0.0600704
0.210921
0.101376
0.492173
1.04465
0.0159078
0.523225
0.660622
1.03371
0.913384
1.05367
0.0308035
0.490667
1.3325
0.422053
0.737498
1.17025
0.795911
0.569824
0.565983
0.653404
0.86666
0.302735
0.495584
0.604186
0.0260346
1.3325
1.04096
0.742639
0.500999
0.0908952
0.959904
0.67701
1.00215
1.3325
0.395584
1.17323
0.135056
0.785011
0.431188
1.08472
1.05311
1.09137
0.415368
0.911692
1.10804
0.179722
0.983283
0.937536
0.593644
0.91779
0.117155
0.362953
0.708526
0.165681
1.10791
0.84725
0.961487
0.453259
0.781261
0.640859
0.78797
1.05567
0.262835
0.0516694
1.17323
1.05268
0.284997
1.04439
1.04948
1.17323
0.977843
0.450035
0.312657
0.473676
1.3325
0.0335031
0.604237
0.151659
0.174374
0.459643
1.3325
0.501679
1.3325
0.420565
1.19349
1.23649
0.656861
0.984147
1.17323
0.24108
0.883442
0.122226
0.982352
0.564597
1.17323
0.112715
1.06793
1.04143
0.889266
0.236506
0.39834
0.890651
0.669299
0.314169
0.0471385
1.07797
0.0677512
1.17323
1.17323
0.215777
0.63496
1.17892
0.0106806
1.3325
1.17323
0.656536
0.0354104
0.617865
0.407034
0.158016
0.332647
0.860565
0.95707
0.972402
0.827223
0.888739
1.3325
1.11876
0.0574598
0.52508
0.264814
0.562298
0.598558
0.365146
1.3325
0.977341
0.225134
0.603382
0.0296171
0.844127
0.722653
0.061155
0.428162
0.438389
0.48032
1.11045
0.935402
0.753764
1.16968
0.81642
1.17323
0.88032
0.989911
1.17323
1.3325
0.872174
0.953898
0.551694
0.184401
1.10089
0.477123
0.00648231
0.210079
0.780538
1.08882
0.918078
1.17323
0.887673
0.682323
1.3325
1.23173
1.3325
0.0640797
1.3325
0.48917
0.853692
1.17323
0.72679
0.224543
0.298528
0.516981
0.620959
0.155346
0.770914
0.248906
1.14369
1.05735
0.360753
0.826121
1.09346
0.0894905
0.478195
0.0901736
0.032359
1.21255
0.50864
0.599741
0.373113
0.792122
0.340935
0.820412
1.12645
0.905051
0.921418
0.475066
0.949701
0.334998
1.17323
1.3325
0.351768
0.273129
0.071216
0.874656
0.781083
0.999598
0.119035
0.862837
0.420294
0.423173
0.724631
1.06275
0.779397
0.830923
0.0104205
0.48958
0.961701
0.451956
0.88458
0.890284
1.17323
0.465589
1.3325
0.787768
0.34534
0.791353
0.779844
0.901783
0.55489
1.17323
0.218373
0.338948
0.712948
0.439391
0.136981
0.299243
1.10423
0.339921
0.277467
0.166037
0.888748
0.402502
0.655162
1.17323
0.437627
0.392612
0.702013
0.557213
1.17323
1.3325
0.248191
0.245986
0.120935
0.329418
0.845532
0.16011
0.952598
0.932328
0.0940582
0.227062
0.818754
1.17116
0.887864
1.3325
1.3325
0.968324
0.878295
0.111098
0.148294
1.10818
1.14739
0.90308
0.00833872
0.5602
0.229659
0.0618243
0.422001
0.109979
0.373995
0.8538
0.810085
1.11562
0.00227025
1.3325
0.380597
1.08835
0.29714
0.250885
1.17323
0.743658
0.0537494
1.17323
0.100797
0.791854
1.3325
1.3325
0.89892
0.321577
0.780484
1.02183
0.609286
0.934295
0.42042
1.00554
1.04501
0.934644
0.284362
1.08346
1.3325
0.161671
0.138624
0.894453
0.293342
0.0250315
1.07336
1.1095
0.0313388
1.17323
0.218312
0.361151
1.3325
0.979256
0.0150224
0.381588
0.968263
0.676071
0.979385
0.929438
1.3325
1.11071
0.775362
0.339261
1.17323
0.925868
0.480937
0.26269
1.05176
0.385066
0.677196
1.20729
0.0708853
0.464849
0.570979
0.16483
0.128166
0.946456
0.0184318
0.425759
1.17323
1.3325
0.919407
0.192216
0.739951
1.00165
0.864006
0.0186614
0.491974
0.761213
0.86057
0.882641
0.493231
0.0598486
0.955903
0.618632
1.05991
1.3325
0.558174
0.898936
1.0996
0.742041
0.0103212
1.17323
0.423293
0.406067
0.81111
0.878606
0.316476
0.192715
0.699235
1.17323
1.3325
0.801137
0.912013
0.02441
0.824901
0.604589
0.175829
0.66467
0.941514
0.26075
0.732298
1.17323
1.17323
0.439236
1.16951
0.93174
0.0148536
1.17323
0.305902
0.961157
0.882895
0.563335
1.3325
0.8732
0.252328
0.781644
0.078875
0.945383
0.79312
0.0331697
0.376072
1.16643
0.547035
0.569679
0.770211
0.824804
0.121917
1.07786
0.86391
0.2687
1.07192
1.02077
0.884081
0.183772
1.02291
1.17323
1.17323
1.3325
0.0839828
1.1349
1.08856
1.03399
0.927318
1.1577
0.824414
0.992973
0.266442
0.390884
0.278145
0.410636
0.268525
0.690473
0.49689
1.00069
0.777547
1.17323
0.457188
1.3325
1.17323
0.555403
0.161199
0.24889
0.595211
0.238131
0.955828
0.939823
1.17323
0.889574
0.249118
0.110775
1.14839
0.309804
0.380329
0.742122
1.17323
0.188752
0.113877
0.627977
0.406598
1.3325
0.848058
0.825138
0.181386
0.742033
0.951324
0.957137
0.377379
1.3325
0.540555
0.300498
0.844295
0.326311
1.10436
0.115254
1.00886
0.631389
0.317417
0.559078
1.17323
0.481904
0.559412
0.465211
0.974597
0.759434
0.575195
0.0665325
1.00322
0.639318
0.861115
0.649223
1.23025
0.1166
0.605847
1.3325
0.954584
0.0875763
1.17323
0.493831
0.501563
1.06316
0.519233
1.3325
0.889435
1.3325
0.0379043
0.919804
0.386832
0.859152
0.0196817
0.226688
0.139353
1.08143
0.291147
0.50036
0.503189
1.09249
1.17323
0.365631
0.385063
0.191333
0.55753
1.07799
1.09567
0.969497
1.3325
0.104309
0.00464426
0.344248
0.594378
0.671353
0.446803
1.17323
0.116829
0.850794
1.05485
0.507619
0.800112
0.76687
0.283062
1.17323
0.717393
0.00687467
0.295873
0.0381327
0.731878
1.3325
0.937732
1.13295
1.17323
0.156472
0.732139
1.3325
0.0420989
0.197437
0.0557073
0.399481
0.439971
0.365768
0.110067
0.0214332
1.17458
0.114815
0.223498
1.06623
0.132848
0.815192
1.08385
0.539159
1.3325
0.762623
0.0351487
0.196111
1.3325
1.03647
0.482962
0.085931
0.526819
1.05127
0.570648
0.769956
0.134272
0.0207831
0.147068
0.849759
1.3325
0.167433
0.718282
0.97526
0.861273
0.0256985
1.17323
0.0484647
0.984354
0.0602953
0.881055
0.0317769
0.225498
0.957485
0.903734
0.786359
1.07717
0.319116
0.184613
1.05547
0.53694
0.808963
0.964857
0.58678
0.971323
0.310603
0.43161
1.09468
0.671084
0.906722
0.958301
0.665127
0.0066205
0.660833
1.17323
0.298574
0.937774
1.17323
1.15367
1.17323
0.688329
0.924883
0.149681
1.04578
0.227617
0.013976
1.05943
0.956305
0.241322
0.397965
0.0909411
0.600806
1.08636
0.264669
0.217039
0.962236
1.3325
0.90799
0.355807
1.17323
0.588737
0.982599
0.614415
0.853664
0.607717
0.932904
1.3325
0.246602
0.0257908
0.956962
0.364554
0.642454
0.23448
0.124702
0.879148
0.584018
0.277557
1.09672
1.17323
0.891639
0.236628
1.3325
0.249577
0.21747
0.411463
1.00629
0.0126284
0.086785
0.76946
0.12626
1.11066
0.814193
0.312219
0.648843
0.835014
0.725757
0.436706
0.430995
1.17323
0.464982
0.654351
0.913972
0.372625
0.389882
0.124824
0.687269
0.961302
1.3325
1.01242
0.296558
0.0497458
0.536318
1.3325
1.11283
0.166712
0.798518
0.674564
1.3325
0.846554
0.148181
0.466601
0.574663
0.478137
2.32221
1.3325
1.17323
0.0828759
1.3325
0.919354
0.721044
0.00277917
1.03678
0.88242
1.3325
0.572382
0.889571
0.573077
0.483048
0.689642
0.313764
0.993262
0.983761
0.721926
1.3325
0.677149
0.343541
0.224768
0.356446
0.960704
0.546385
0.773777
0.990176
0.0106705
0.264555
0.0583639
0.624477
1.15048
0.279544
0.223375
0.492628
0.133961
0.661589
0.430343
1.3325
0.933045
0.0541748
0.367111
0.910862
0.153637
0.836443
0.536961
0.359356
0.495652
0.0426713
1.0273
0.251876
0.748086
0.0966632
0.30421
0.494859
0.563762
0.508078
1.06364
0.217803
0.119652
1.3325
0.501723
1.3325
0.576819
0.943326
1.07184
1.17323
0.636809
0.886727
1.06008
0.897785
0.827149
0.875992
0.669561
1.3325
0.410727
1.13277
0.558698
0.949777
0.970548
0.0395367
1.17323
1.09037
0.260413
1.3325
0.876812
1.3325
0.367182
0.665364
1.3325
0.897704
0.152993
0.907693
0.147373
0.615039
1.02001
1.3325
1.1808
0.381305
0.0595986
1.17323
0.115903
0.445501
1.19044
0.226847
0.925694
1.02365
0.118988
0.540598
0.186352
1.3325
0.967652
0.146299
0.856308
1.12895
0.064151
0.889085
0.182342
0.902001
0.840792
0.975792
0.962476
1.08498
1.3325
0.307327
0.943673
0.72757
0.22589
0.444944
0.256999
1.17323
1.08299
1.3325
0.669119
1.08693
0.066721
0.318242
0.593426
0.0191906
1.17323
0.351009
1.17323
1.3325
0.848715
0.475675
0.978627
0.974553
0.320932
1.3325
0.324319
1.3325
1.3325
1.17323
0.773123
0.677207
0.537249
0.0957083
0.560609
0.314524
0.142972
0.824404
0.321343
0.188511
1.17323
0.841048
0.27106
0.271886
0.951598
0.868928
0.509357
1.17323
1.17323
0.600664
0.406665
0.0902682
1.17323
0.926249
1.0238
0.528876
0.685417
0.500407
0.106158
0.911377
0.141535
0.219977
0.0792139
0.539023
0.762804
0.142183
1.1902
0.93742
0.204623
1.03438
0.944794
1.17323
0.611701
1.3325
0.801682
0.683249
0.305773
1.02565
1.05893
0.83207
0.845583
0.122605
0.00477959
0.0484161
0.632316
0.0264002
0.453527
0.939927
0.166315
0.189208
0.79298
0.863244
1.3325
1.3325
1.3325
0.172924
0.337248
0.156823
0.214513
1.00494
0.719999
0.954721
0.761046
0.955636
1.1996
0.685217
0.318069
1.07753
1.17303
0.0602351
0.716668
0.0294753
0.972982
0.742499
0.642453
0.828595
0.335054
1.3325
1.01075
0.74561
0.967489
0.125931
0.14383
1.02344
1.3325
0.776332
0.664635
0.883694
0.838679
0.200124
0.751841
0.805729
0.858114
0.617011
1.3325
0.82716
0.0610749
1.3325
0.887336
0.821114
0.20945
1.17323
0.281648
1.17728
0.0992854
1.17323
0.0945231
1.00553
0.801349
1.17323
0.332813
1.3325
0.0277759
1.1581
1.00014
0.790575
0.349614
0.944763
0.0495797
1.3325
0.919596
0.667329
0.337479
1.3325
0.701745
0.0952826
1.17323
0.216278
0.2297
0.560477
0.242886
0.297505
1.17323
0.620764
0.886289
0.29442
0.156984
0.518619
0.595671
0.923682
0.205532
1.17323
0.175913
0.722951
0.726746
0.17999
0.815743
0.395286
0.696582
1.17323
0.963231
0.0947031
0.904288
1.17323
1.00795
0.912494
0.633149
0.123409
0.351634
1.17323
0.532985
0.967498
0.593638
1.17323
1.17323
0.597508
0.886013
1.11491
1.1449
0.2641
0.536229
0.885796
1.05235
0.449294
0.701122
0.249965
1.3325
0.607441
0.95999
0.553571
0.438384
1.3325
0.333565
0.275871
1.17323
0.294005
0.13576
1.3325
1.07073
0.412041
0.30744
0.335246
1.3325
0.191883
0.295614
0.2998
0.931051
0.194941
1.02902
0.737397
1.3325
0.631133
0.94691
0.546995
0.399323
0.0624719
0.949381
0.12223
1.17323
0.332525
0.232325
0.623617
0.487458
0.827903
0.0287307
0.850891
0.462394
0.838118
0.881706
1.17323
1.03778
0.918703
0.867099
0.194703
0.701007
0.151706
1.3325
0.408189
1.0415
0.444943
1.17323
0.732298
0.188663
0.68807
0.374479
0.939817
1.3325
0.74984
1.17323
0.273595
0.860463
0.986908
1.17323
1.17323
0.318722
0.981242
0.706854
1.17323
1.08234
0.518131
1.14966
0.936825
0.950128
0.50974
1.17323
0.307318
0.942255
0.385861
0.365315
0.657007
0.594692
0.187942
1.06231
1.17323
0.141392
1.05561
0.210965
0.859917
1.3325
1.13267
0.960839
0.726432
0.35395
0.817516
0.319759
1.17323
0.591951
0.915114
0.483777
0.0804744
0.0163383
0.0245297
0.934277
0.0576406
1.12329
1.04322
1.17323
0.161218
0.987757
0.121083
0.894693
0.402871
0.713421
0.956654
0.462628
0.346788
1.17323
0.887586
1.3325
0.590676
0.296261
0.676383
0.39924
0.0430903
1.3325
0.209997
1.3325
0.950094
1.09901
1.17323
0.612496
0.139699
0.332014
0.256074
0.431975
0.626317
1.05755
0.024168
0.282797
0.891093
0.910395
1.3325
0.857206
0.657402
0.53258
1.28831
0.249256
0.124799
0.974142
1.3325
0.87528
0.0695792
0.961962
0.628229
0.0531249
0.582697
0.212471
1.17323
0.0455083
1.02995
0.776819
0.771846
0.353953
0.977444
1.3325
1.03439
1.1229
0.214935
1.18936
0.587819
1.17323
0.955002
0.730927
0.826107
1.03706
0.20575
0.872687
0.705627
0.59412
0.27802
0.162815
0.115084
0.367321
0.782741
0.298363
0.890611
0.954012
0.125777
0.855495
0.0339619
0.0803193
0.0851882
0.32081
0.629453
1.3325
0.487989
1.10488
1.0106
0.513452
0.38797
0.173663
1.02833
0.98731
1.17323
0.521875
0.544343
1.10275
0.307837
0.973993
0.574385
1.05667
1.17323
0.88631
0.735423
0.450736
0.790631
0.458912
0.963087
0.540816
1.3325
0.0567986
0.47572
0.91218
0.442166
0.242362
0.106553
1.08203
0.295512
0.1477
0.0135167
0.900134
1.03582
0.548995
0.230207
1.01906
1.00361
1.11327
0.475909
0.0452467
0.529107
1.17323
1.02231
0.812262
1.3325
0.876748
0.654237
1.10463
0.15031
0.328712
1.13788
1.17323
0.78039
0.817244
1.04996
0.50936
0.661797
0.116793
0.897286
0.928583
0.830888
0.916863
0.289724
1.17323
0.9314
0.475742
0.365637
1.17323
0.183668
0.31798
0.0912298
0.581377
1.3325
0.920711
1.16142
0.994576
0.921419
0.439999
0.323187
0.1339
0.0749087
0.595365
0.48317
0.798911
0.905822
0.930612
0.192087
1.00203
0.86207
1.02767
0.954708
0.523998
0.448581
0.795874
0.744204
0.867406
0.834168
0.936416
1.0185
0.914321
0.797983
1.17323
0.706727
0.863917
0.977765
0.760188
0.0548372
0.310606
1.10541
0.63293
0.557086
0.152115
0.72724
1.3325
0.267511
0.909492
0.411334
0.914453
0.866294
0.611458
0.312555
0.588248
0.567706
0.406727
0.726533
0.0565262
1.02986
1.3325
0.29688
0.851583
0.520924
0.354584
1.17323
0.378338
1.17323
0.406973
1.15675
0.913139
0.204193
0.787428
1.1209
0.48255
1.03136
1.01712
0.900521
0.412574
1.17323
0.720977
0.0216614
0.409193
1.17323
0.120433
0.536144
0.896448
0.631372
0.0474249
0.15754
0.244278
1.3325
0.330816
0.763247
1.3325
0.943343
0.638425
0.670882
0.947884
0.417675
1.17323
1.01301
0.548212
1.17323
0.47809
1.3325
0.123527
0.396545
0.893679
0.444394
0.935311
0.431646
0.498173
0.945609
0.80784
0.391303
0.200985
0.940283
0.800815
1.14795
0.0861335
1.17323
1.3325
0.391972
0.859571
0.13892
0.763332
0.222173
0.658354
0.957344
1.3325
1.10466
0.3354
0.945781
0.326764
0.782824
0.775582
0.472491
1.17323
0.677757
0.852763
0.529109
1.17323
0.0446064
0.0496978
0.224033
0.408685
0.255597
1.09056
0.0300307
0.96214
0.956615
0.322298
1.11264
0.0306069
1.00134
0.00378136
1.3325
0.909926
0.331589
0.913437
0.248402
0.65237
0.958763
0.790691
1.3325
0.885731
0.0978856
1.0362
1.17323
0.699925
0.174052
0.149662
0.185362
0.416181
0.000399565
0.0563679
0.980257
0.672038
0.521878
1.17323
0.462089
0.721217
1.16428
0.89864
0.465827
1.3325
1.3325
0.688075
0.857563
0.786828
0.834884
0.967517
0.257965
0.956875
1.07376
0.632384
0.303729
0.773695
0.591543
0.434905
1.17323
0.929087
1.03086
1.17323
0.504899
0.555763
1.12479
1.06691
0.37288
0.0105507
0.952418
0.696602
0.830736
0.449314
0.333719
0.557424
0.122655
1.17323
1.12511
1.14115
0.113823
1.05979
0.974502
0.0329147
0.0783098
1.05195
0.965385
1.05605
0.0524419
1.17323
0.944848
0.0384022
1.03658
0.34712
0.880909
0.456615
0.933594
1.17975
0.219516
0.394039
0.21757
0.466838
0.470126
1.17323
0.874302
0.327147
0.983063
0.472957
1.17323
0.140263
0.122647
0.86598
0.85328
0.821185
0.57387
1.17323
1.3325
0.465115
0.820448
1.17323
0.623677
0.784995
1.17323
0.106808
1.10863
0.32583
0.183433
1.17323
1.17323
0.0976071
0.221763
1.3325
1.17323
0.864572
0.0827914
0.634394
0.939626
0.11763
0.669607
0.0954155
1.17323
0.878449
0.781755
0.130479
0.664819
0.802351
0.0297593
0.523622
0.438883
0.365357
0.219255
0.860993
1.3325
0.172832
0.296185
0.0578081
0.77328
0.496992
0.946502
0.211745
0.787742
1.17323
0.345301
0.390562
0.864458
0.748588
0.446302
0.543708
0.528166
0.983725
1.17323
0.979422
1.3325
0.0269706
0.827544
0.677355
0.69087
0.756098
0.102442
0.208736
1.01228
0.180721
0.796471
0.113261
0.0246921
0.972014
0.592176
0.0867206
0.769212
0.90695
1.3325
0.764086
0.764618
0.932696
0.33261
0.20935
0.437073
1.0749
1.0096
1.02525
0.655217
0.162828
1.17323
1.17323
0.556861
0.0104944
0.897421
0.880481
0.429386
0.915984
0.921164
0.494234
1.17323
0.995514
0.265785
1.00586
0.985733
0.200519
0.365873
0.58886
0.212865
0.996276
0.418634
1.03511
0.475377
0.919066
0.0267008
0.619837
0.027446
0.636099
1.3325
0.933753
0.958461
0.367561
0.458884
0.25555
0.811674
0.246331
0.468106
0.480651
0.355551
0.880279
0.926314
1.09566
0.257599
0.546136
0.338159
0.102968
0.389937
0.907403
0.230839
1.104
0.234692
0.0809402
0.624931
0.243821
0.521263
0.753618
0.149919
1.11143
0.88723
1.11315
1.03129
0.26753
0.241695
0.928881
0.0174408
0.72236
0.748842
0.834832
0.363228
0.0832187
0.183308
1.17323
1.17323
0.945069
0.480642
0.941366
0.16145
0.750947
0.754784
0.863358
0.90792
1.17323
1.17323
1.17323
1.04192
0.243846
0.671635
0.676124
1.02177
0.183228
0.709836
0.060483
0.0161021
0.91543
0.813918
0.947534
0.125303
0.0711035
0.84618
0.576725
0.00613047
0.342806
0.276097
0.19755
1.17323
0.167042
0.221241
0.826473
0.881414
0.436966
0.82204
0.0271192
0.386133
1.0781
0.72721
0.944803
0.193563
0.758717
0.860979
0.579343
0.0372725
1.97162
1.17323
1.3325
0.609519
0.626909
0.678843
1.3325
0.581997
0.421617
1.17323
0.698369
1.07473
0.73715
1.06276
0.943179
1.17323
0.305877
0.286573
0.719712
0.00702914
0.915593
0.976364
0.234134
0.704014
0.578931
0.627576
1.17323
0.681873
1.17323
0.840032
1.3325
0.268061
0.776147
0.389519
0.619961
0.901106
1.09309
0.881384
0.061606
0.504088
0.493371
1.17323
0.0598191
1.3325
0.475755
0.676634
2.14415
1.03815
0.340266
0.601203
0.329997
0.75335
1.17323
0.0259469
0.917775
0.0576357
0.968974
0.157344
0.178874
0.206154
0.367435
0.801965
0.729166
1.10184
1.3325
1.17323
0.294233
0.739386
0.0180505
0.960411
0.947031
0.735397
1.3325
1.3325
0.932471
0.356732
1.3325
0.819016
0.266542
0.169974
0.8558
0.132317
0.881928
0.445016
1.23522
0.938455
0.189158
0.614717
1.19786
0.343323
1.00682
0.460819
0.905543
1.3325
0.974591
0.540704
1.03142
1.17323
1.17964
0.932799
0.864604
0.074855
0.888237
0.578757
0.414222
0.0435148
1.09813
0.26859
0.908098
0.736421
0.919509
0.838044
0.0160331
0.99569
0.563928
0.638853
0.81071
0.428075
0.0776382
1.17323
1.3325
0.765244
1.17323
0.495904
0.349482
1.17323
0.928367
0.257278
1.17323
0.490689
0.677844
0.26703
1.17323
1.0186
0.424936
1.3325
0.45155
0.0988376
0.851587
0.00776722
0.07254
1.07292
0.744007
0.281462
1.0992
0.00658615
1.12752
0.265937
1.3325
0.0755506
1.3325
0.811397
0.477814
0.95676
0.419529
0.213657
0.0600917
0.546916
0.181376
0.642713
0.501823
0.881076
1.17323
0.943351
1.17323
0.828005
1.17323
1.09812
0.232068
0.549339
0.326442
0.172686
0.964865
0.54081
0.433324
0.305109
0.598053
0.198839
0.972773
1.3325
0.179748
0.615762
0.738878
0.733659
0.944803
0.95087
0.46548
0.0499888
0.299837
0.461113
0.424087
0.48184
0.00105312
0.943145
0.53155
0.95198
1.19938
0.912506
0.595351
0.572247
0.884963
0.548421
0.615878
0.0577095
0.447552
1.13541
1.06617
0.409528
0.597411
1.17323
0.732773
0.851455
1.06435
0.141705
0.0400617
1.17323
0.355617
1.17323
1.16736
0.778116
0.864786
0.29779
0.49336
1.17323
0.89037
0.849926
1.06502
0.174302
0.414205
0.281863
1.11496
0.125065
1.17323
0.47198
0.40076
0.615036
0.331982
0.694439
0.200387
0.665431
0.677298
0.150267
0.378374
1.17323
0.9413
0.413437
1.17323
0.038704
0.75226
0.867048
1.3325
0.193082
1.17323
0.834343
0.5355
0.247585
0.267033
0.628001
0.273924
0.315351
0.23048
0.963232
0.0327319
0.444495
0.102426
0.329714
0.828971
0.149948
1.3325
1.04076
0.0685653
1.10423
1.17323
0.353344
0.90989
0.322202
0.25544
1.3325
0.379162
0.947956
0.10157
0.711279
0.601675
1.3325
0.758215
0.800698
0.249264
0.560691
0.578595
1.16082
0.629797
1.17794
0.847726
0.737608
0.702996
0.447087
1.09699
0.699204
0.231522
0.385756
0.926163
0.00879395
1.3325
0.637556
0.905455
0.637397
1.11312
1.10517
0.726213
0.2706
0.578838
1.02733
1.3325
0.245873
1.32791
0.60958
0.14283
0.33463
0.306585
0.268705
1.10943
0.903111
0.558514
0.516549
1.17323
1.04639
1.17323
0.960687
1.3325
0.17896
0.121113
0.214357
0.910631
0.188361
0.991259
0.725261
1.10079
0.247691
0.834933
0.066052
0.531245
0.0641047
1.16135
1.17323
1.2244
0.581326
0.934749
1.02791
0.216595
0.883966
1.17323
0.221551
1.11338
1.17323
0.78414
0.238418
1.17323
0.320763
0.811453
1.10242
0.70782
0.906018
0.455809
1.17323
0.971009
0.699011
1.3325
0.885662
0.880091
0.746296
0.993871
0.804836
0.888589
0.197583
0.671537
0.187263
1.07053
0.148943
0.213263
0.39483
0.925144
0.519655
0.0168615
0.522805
0.108707
1.02933
1.05354
0.0167865
1.3325
0.748463
0.186227
0.704177
0.0498149
0.00893424
0.929938
1.0144
1.09426
1.17323
0.0598811
0.992371
1.17323
0.946291
0.921207
1.3325
0.999762
1.02823
0.258268
0.509981
0.242746
0.758747
1.17323
0.784866
0.328583
0.0432285
0.869645
0.956328
1.3325
0.396121
1.3325
0.504488
1.17323
0.68354
0.458718
0.786029
0.969178
1.3325
0.957126
1.3325
0.233931
0.743146
0.161851
1.03137
0.854264
1.03999
0.613441
0.455087
1.11463
0.581038
0.256005
0.769255
0.923613
1.06179
0.830684
0.711635
0.642263
0.573119
0.393745
0.203685
1.17323
0.52528
0.184588
1.3325
0.685648
0.331772
0.936608
1.05857
1.0906
0.0507745
0.878084
0.991212
1.05615
0.41179
0.833049
1.17323
0.94702
0.835218
1.17323
0.258607
0.38832
0.792774
0.176987
0.983872
1.17323
0.582587
1.12194
0.666525
1.18155
1.09741
0.126666
0.651287
0.35709
1.00423
0.529321
0.370485
0.471918
0.702157
1.3325
0.65378
0.224613
0.521888
0.790042
0.0343851
0.301642
0.617272
0.912821
0.652021
0.37785
1.08681
1.06066
1.17323
0.687326
0.392551
0.789927
0.873529
0.461553
0.347566
0.686284
1.06317
1.01307
0.40618
0.932667
1.17323
0.650408
0.778844
0.0123205
0.2008
0.498003
0.0538487
1.3325
0.689753
0.114965
0.717467
0.0427872
0.513316
0.809743
0.767901
0.661833
0.988586
0.0817742
0.882695
0.341477
1.3325
1.3325
0.654443
0.581903
0.520663
0.986993
0.859848
0.911837
0.219743
0.282153
0.700673
1.05414
0.738669
0.479895
0.769545
0.790968
0.665925
0.433635
0.0919557
0.898685
0.0673916
0.875268
1.17323
0.940318
0.16609
0.349247
1.06065
0.375897
0.952567
0.641206
0.899788
0.1198
0.41047
0.436043
1.17323
1.02371
0.657475
0.824195
0.67877
1.0108
0.98929
0.159045
0.288347
1.17323
0.479241
1.17323
0.787889
0.149628
0.580005
0.715944
0.295868
0.757777
1.17323
0.983158
0.878105
0.963468
0.962305
0.81114
1.3325
0.461287
0.560231
1.3325
0.836349
0.483429
1.03527
0.724189
0.186016
0.849853
0.54998
0.983294
0.393479
1.3325
0.193202
1.04119
0.0916123
0.0684841
1.3325
0.0887138
1.09326
0.0686534
0.945933
0.873778
0.221982
1.3325
0.570212
0.777787
0.444804
0.912756
0.940884
0.161922
1.02083
0.732778
0.44497
1.17294
0.573321
1.3325
1.08083
0.611784
1.14292
0.0449385
0.919925
0.108728
0.478376
1.3325
0.680936
0.849732
0.0425789
0.295153
0.475775
0.889609
0.0628852
0.217035
0.955654
0.29
0.549721
0.941492
0.449514
0.76252
0.590222
0.977582
0.597453
0.94044
0.776496
0.735982
0.00422638
0.571785
0.185226
0.398243
0.102641
0.265452
0.911774
0.623022
0.0208763
0.39972
0.915091
1.3325
0.821499
1.09617
0.588641
0.979698
1.3325
0.410717
0.908837
0.21564
1.17323
0.0688293
0.371583
0.346167
0.200356
0.333351
0.746446
0.963647
0.0964133
0.0725443
1.3325
0.167723
0.229806
0.884039
1.09049
0.116098
0.772098
0.256718
1.17323
0.832785
0.778839
0.932526
0.552862
0.19935
0.387729
1.3325
1.14009
0.998472
0.936324
0.459375
1.10357
0.764188
1.07244
0.158891
0.521354
1.01718
0.774725
0.284067
0.671237
0.710182
0.579022
0.545834
0.424801
0.806478
0.719836
1.3325
1.3325
0.0543799
0.945293
2.09156
1.08779
1.3325
0.0394852
0.185648
0.849066
1.06922
0.932786
0.106209
0.325706
0.485228
0.524685
0.931249
0.809159
0.0835741
0.91619
0.392132
0.394594
1.17323
0.993987
0.974547
0.750662
0.848586
0.826674
0.948575
0.563516
0.0872499
0.868818
0.989294
1.127
1.03557
1.17323
0.683204
1.08202
0.655222
1.17323
0.486938
1.02139
0.162367
0.631967
0.884088
1.17323
0.539392
0.0481889
1.1126
0.729036
0.560438
1.00317
0.980887
0.780811
1.25219
0.214976
1.16481
1.13074
1.3325
0.445754
0.0338493
1.3325
0.579128
0.645396
0.739608
0.524824
0.956435
0.883177
1.17323
0.240915
0.901723
0.599589
0.56204
1.0118
0.731572
1.17323
0.148565
1.02517
0.957667
0.61818
0.740661
0.200364
0.729457
1.17323
0.552731
0.0717241
0.532752
0.254986
0.193944
0.3105
0.824387
0.297548
0.356668
0.823609
0.730652
0.526729
0.321004
0.392728
0.593346
0.907071
0.0331717
0.671003
0.533641
0.581586
1.3325
0.157566
0.555779
0.294343
0.345396
0.731301
0.860897
0.0461361
0.115784
0.39512
1.17323
0.471903
0.0649395
0.366719
0.445333
1.00701
1.17323
0.547873
0.438031
0.153844
0.830439
1.17323
0.851906
0.523306
0.582445
0.0397918
0.603498
0.118418
1.17665
0.165114
0.31976
0.276795
1.3325
0.902938
1.17323
0.897032
0.896832
0.901886
0.593823
1.3325
0.790565
0.545698
0.301859
1.17323
0.913914
0.818061
0.58793
0.734272
0.128
1.17323
1.14196
0.849265
1.09409
0.668792
0.949415
0.801422
0.115417
0.154835
0.638583
0.655991
0.785465
0.963786
1.10803
0.931063
1.3325
0.736208
1.17323
1.17323
1.3325
0.516615
0.00360236
1.12378
0.802316
0.98959
0.321875
0.137682
1.1413
1.0004
0.640049
1.17323
0.0281845
0.913014
1.3325
0.0854988
0.346037
0.873847
0.562508
0.898089
0.341231
0.735251
0.59714
1.07925
0.817829
0.565626
0.865317
0.118355
1.17323
0.115728
0.848786
0.274068
1.01425
0.895591
1.07618
0.173595
0.74501
0.889031
0.474276
0.439037
0.424252
0.686885
0.707846
0.767769
0.983575
0.0143579
0.403529
0.0915744
0.971493
0.653261
0.05286
0.453408
1.17323
1.3325
0.323254
0.884321
0.313791
1.3325
0.980445
0.0601641
0.532042
0.828546
0.497759
0.810275
1.3325
0.441121
0.661127
0.0160469
0.899814
0.318396
0.541593
0.508321
0.725435
1.17323
0.927631
0.0625638
0.135281
0.213881
1.17323
0.0350253
0.0732816
0.831174
0.983447
0.968625
0.775387
0.0718669
1.16596
1.3325
0.852429
0.916322
1.3325
0.829046
0.702082
0.924173
1.02256
0.902074
1.17323
0.0300002
0.928585
0.194506
0.549783
0.44154
0.205236
0.311719
0.768633
1.3325
0.191862
0.963373
1.17323
0.378194
1.15587
0.184078
1.10882
0.731061
0.966902
0.228558
1.1727
0.899329
0.505786
0.67331
0.317359
0.645316
0.784913
0.877265
0.271682
1.17323
0.45862
0.366869
0.703517
0.0883722
1.17323
1.02581
0.961395
0.703798
1.17323
0.338992
0.922598
0.993405
0.693619
0.999064
1.17323
0.586631
0.556051
0.882393
1.16338
0.270162
0.752885
0.861615
0.822424
0.103548
0.172431
1.17158
1.3325
0.505339
1.17323
1.17323
0.73541
1.11635
0.928857
0.879661
0.228956
1.00092
0.769242
1.02035
0.908207
0.772074
0.828115
0.619469
0.849886
0.141482
0.215009
0.889072
0.671654
1.07156
0.598032
1.17323
1.10893
0.218736
0.396013
0.819743
1.3325
0.951139
0.889145
0.804793
0.94442
1.21064
0.335663
0.892906
1.01937
0.525185
1.02341
1.2577
0.355441
0.547019
0.471133
0.905874
1.17323
1.17323
0.79482
1.3325
0.612064
0.618959
1.17323
0.65153
0.303003
1.08188
0.984352
0.238455
0.437988
1.04522
1.3325
0.815719
0.0268913
0.98388
1.12689
0.848254
0.00736664
0.957072
0.438107
0.0852076
0.954052
0.141382
0.873613
0.611936
1.3325
0.334719
0.91605
0.961157
1.00304
1.3325
1.09156
0.525214
0.921372
0.742684
0.529528
0.366517
1.13225
0.0533193
0.888911
0.165726
0.230935
1.05773
0.933762
0.867446
0.160797
1.17323
1.00895
0.340606
0.958427
0.769743
1.0088
0.430727
1.17323
1.12791
0.809301
0.763545
0.21058
0.469326
0.0518169
0.775883
0.321329
0.833607
0.318879
0.884778
0.83705
0.995556
0.410916
0.0690322
1.3325
1.17323
0.781866
0.1894
0.670532
0.941891
1.17323
0.353018
0.712163
0.429916
0.993403
1.3325
0.22254
0.986835
0.0424547
1.3325
0.423653
0.789818
1.00771
1.05128
1.17323
0.797369
1.00852
0.895751
1.3325
0.830689
0.794493
0.720001
0.0758284
1.17323
1.17323
0.0838195
1.02684
0.995821
0.634059
1.17323
0.74213
0.627731
0.732833
1.17323
1.02207
0.521052
0.097419
0.229668
0.288847
0.537055
1.0319
0.85555
1.3325
1.06826
0.386454
0.421397
0.628085
1.08422
0.0637318
0.927938
0.810639
1.03345
1.17323
0.475853
0.624103
0.81048
0.242548
0.748452
0.331751
0.883999
1.3325
1.17323
1.3325
0.662785
0.908571
0.962593
0.665057
0.986755
0.960973
1.11601
1.00017
0.15209
0.750292
0.953075
1.17323
0.783422
0.919922
0.925392
0.940138
0.806792
1.17323
0.385364
0.754525
0.869073
0.826957
0.171305
0.116181
0.968656
0.575506
0.783953
0.147238
0.836028
0.521836
0.0397675
0.936603
1.3325
0.445244
1.17323
0.0471983
1.08816
0.933287
0.949234
0.749417
1.17323
0.658931
0.961285
0.55787
0.0540701
0.748674
0.0345703
1.3325
0.0978965
0.280977
0.94518
0.651856
1.17323
0.106354
1.3325
0.352249
0.21324
0.191319
0.130926
0.992356
0.367661
0.359951
0.896783
0.878634
0.751012
0.806667
1.11758
0.572086
1.01196
1.17323
0.252234
0.669399
0.736269
0.959523
0.462875
1.17323
0.285102
1.3325
1.25985
1.11749
0.863842
0.382464
0.86304
1.3325
0.586108
0.261178
0.203035
1.3325
1.17323
1.3325
0.578847
1.01106
0.72215
0.0769765
0.369573
0.590503
0.383466
0.933165
0.7881
0.0162628
0.296506
0.979343
0.752434
0.491146
0.878534
0.813283
1.03806
1.20168
0.80078
0.0777385
0.323738
0.140771
0.699339
0.132151
0.396631
1.03432
1.11713
0.720088
1.0308
0.403285
1.0832
1.17323
0.732072
1.3325
0.7616
1.00617
0.928228
0.544646
0.808245
1.16574
0.696332
0.220982
0.887246
0.663612
0.134482
0.95924
0.351612
1.17323
1.04174
0.434718
1.17323
1.17323
0.98068
0.207964
0.97904
0.397164
0.841298
1.3325
0.108953
0.519542
1.3325
0.933556
0.64447
0.729215
0.54328
0.662973
0.979114
0.797692
0.384769
0.156275
0.382395
0.164103
0.900461
1.17323
0.509486
1.3325
1.17323
1.3325
1.17323
1.17323
1.04538
0.54033
0.853113
0.953113
0.240024
0.33092
1.23042
0.556328
0.502106
0.950324
0.569048
0.94433
0.045317
1.10752
1.13358
0.581268
1.21043
0.409738
0.664726
1.07111
0.95064
0.93682
0.307378
0.334333
1.09007
0.0600829
0.7687
0.905873
0.619757
0.301841
0.0691505
0.465469
1.17323
1.07623
0.352308
1.07484
0.875869
0.331879
0.119827
1.09377
0.000657318
0.926421
1.20894
0.293896
0.619818
0.054971
0.514527
1.12344
0.267629
0.257486
0.929002
0.681971
0.628876
0.913892
0.950429
1.17323
0.187818
0.989051
1.11851
0.442511
0.960537
0.355126
0.0292764
0.312513
0.0960898
0.0270167
0.31968
1.09467
0.906402
0.782736
0.674009
0.423215
0.989967
0.347825
0.253941
1.04873
0.642423
0.220362
1.09157
0.135059
1.17323
0.8868
0.0523818
0.421641
0.0281126
0.0416504
0.277486
0.357571
0.278822
0.532465
0.0566805
1.3325
0.644264
0.338478
0.528076
1.12795
1.3325
1.01168
0.394241
1.11065
1.06346
0.350177
0.634735
1.01589
0.256853
0.176935
0.0468114
0.734414
0.412615
0.920918
0.20269
1.17323
0.727588
0.167174
1.09001
0.908512
0.188853
0.992028
1.03854
0.380202
1.17323
0.804243
0.697901
0.849877
1.17323
0.174325
0.930565
0.280199
1.01597
0.557406
0.615451
0.0994426
1.13232
0.481672
0.461066
0.558447
0.881145
0.110804
0.422898
0.82594
0.168717
0.861328
0.96725
0.518564
1.16117
1.04585
0.159686
0.255577
0.176481
0.406704
0.0263177
0.0951787
0.577477
0.171038
0.300584
1.00885
0.454178
1.17323
0.615049
0.584745
0.693288
0.303421
1.07531
1.07204
1.17323
0.837435
0.0809298
0.0733166
0.593244
1.17323
0.753309
1.03102
0.616588
0.250674
0.894034
0.226409
0.794892
1.3325
1.2121
0.27866
0.0109249
0.43041
0.506909
0.933878
0.0403634
0.381951
0.59219
0.759752
1.3325
0.691463
0.913034
0.810158
1.08115
1.02964
0.458618
1.3325
0.261606
0.249518
1.17323
0.215001
0.105548
0.312399
0.940046
0.160985
1.3325
0.975813
0.82147
0.734847
1.3325
0.584894
1.3325
0.613457
0.848152
0.976764
0.511352
0.293296
0.38904
0.94384
0.967381
0.941333
0.941392
0.15923
0.418503
0.956898
0.641295
0.615096
0.766488
0.116008
0.944365
1.07123
1.3325
0.87043
0.565063
0.722437
0.0727214
1.17323
1.17323
0.629035
0.00644329
1.08586
0.293125
1.2005
1.17323
0.174755
0.612081
0.47813
0.323881
1.01056
0.00818778
0.786083
1.0608
1.09846
0.239474
0.471679
0.995604
0.960955
1.02261
1.11607
0.388797
1.17323
0.471209
0.029908
0.000700593
0.0911985
0.252231
1.3325
0.850049
0.969852
0.806779
0.278153
0.999632
1.3325
0.182487
1.3325
0.906879
0.952898
0.919947
0.915997
0.00838682
1.3325
0.781398
1.02034
0.349778
1.17323
0.578826
0.646601
0.747326
1.11144
0.399694
0.737446
0.220919
0.837475
1.08492
0.0478604
0.19426
1.17323
1.14616
0.67563
1.06112
0.925959
1.17706
0.880568
0.17857
0.575322
0.334676
0.638106
0.498265
0.284288
0.0148747
0.355258
0.256863
0.159786
1.17323
0.645656
0.0204507
0.493072
0.416566
1.15083
0.958154
0.390126
0.6417
0.753487
0.953498
1.10589
0.626876
0.921109
0.344878
1.17323
0.33482
0.884335
0.849769
1.3325
0.0331198
0.931602
0.989726
1.07875
1.17323
0.00593775
0.953342
0.225668
0.162103
0.304442
0.0335311
0.650015
1.17207
0.798163
0.545155
0.900776
1.25091
0.660281
0.188423
1.17323
0.628165
0.655825
0.795608
1.17323
1.06071
0.857138
1.11416
0.228744
0.72499
0.603839
0.252916
1.3325
0.733163
0.597931
0.838403
1.05708
0.949918
0.789687
0.784723
0.665471
1.09329
0.129525
0.718565
0.790098
1.3325
0.0561933
0.171512
0.333117
0.177029
0.391635
0.764764
0.0824744
1.3325
1.17323
0.998592
0.963124
0.68915
1.3325
1.05947
0.852704
0.391194
1.1158
0.728387
0.713636
1.11637
0.845039
0.946697
0.20366
0.0246104
0.380545
0.5887
0.145487
0.715633
0.580213
0.680119
0.0384298
1.17323
0.962084
0.967534
0.593789
0.627221
0.126748
0.9253
0.840822
0.128683
0.921332
1.1218
0.80889
1.17323
0.870266
0.542329
0.862452
1.17323
1.12529
0.282502
0.0921406
1.3325
0.0286135
0.624451
0.903513
0.715309
0.992829
0.54561
1.11023
1.3325
0.177834
1.17323
0.0960329
0.253402
0.218643
0.242238
1.16965
0.311727
1.00263
0.293907
0.497719
0.479489
1.16405
0.692158
1.10582
0.395232
0.786353
0.819781
0.927922
0.87644
0.915256
0.872023
0.867913
1.09559
1.3325
0.311243
0.923323
0.397302
1.3325
1.17323
0.95434
0.841662
0.862129
0.48908
0.337061
1.17323
0.314052
0.181898
1.10692
0.218116
1.17323
1.3325
0.88913
0.515177
0.647568
0.0941041
0.0305739
0.313674
0.345199
0.766091
0.979716
0.123184
0.531827
0.38094
0.172802
1.07387
0.329017
0.107928
0.645262
0.19415
0.422774
0.716781
0.166359
0.809811
0.574391
0.378498
0.637389
0.285394
1.17323
0.120468
0.925481
0.263507
0.318205
0.687566
0.612593
0.117521
0.496783
0.288639
0.707573
0.814308
0.760045
0.47582
1.02016
0.9233
0.951336
0.65819
0.3354
0.28037
0.736948
1.17323
0.216702
0.634723
1.17323
0.209113
0.360584
0.984345
1.43563
0.81662
0.388333
0.344854
1.3325
0.105592
0.927884
0.351143
0.0661351
1.3325
0.686942
1.09609
1.08398
0.198515
0.280335
0.78779
1.04375
0.84711
1.00312
0.132953
0.655078
0.871243
1.11702
1.17323
0.674958
0.671469
1.3325
0.946415
1.07446
1.17323
0.418812
0.197031
0.57457
1.17323
0.939644
0.167635
1.17323
1.17323
0.820246
0.106424
0.933275
1.09718
0.981579
1.3325
0.24669
0.640053
0.981646
0.776134
0.242916
0.98716
0.598365
0.909048
1.17323
0.524447
1.163
0.388355
0.899666
0.206721
1.3325
0.945591
1.16457
0.902874
0.3099
0.801988
0.898037
1.38993
1.10714
0.795435
1.067
0.00553229
1.17323
1.17323
1.08354
0.452494
1.11653
0.342184
1.17323
0.956179
0.543487
0.601221
0.956117
0.0230555
0.0278886
1.03708
0.279117
0.10114
0.632732
0.652104
0.82419
0.439974
0.792757
0.22613
1.17323
0.897627
0.973011
0.333624
0.998478
0.709551
0.507777
0.49862
0.247386
0.508766
1.0963
1.3325
1.3325
0.393382
0.242468
1.12059
1.19836
0.701645
0.953811
0.0315413
0.23797
0.733526
1.06136
0.0411774
1.17323
1.06099
0.957379
0.840795
0.296547
0.93675
0.764556
1.10443
0.999116
0.521025
0.271171
0.982242
1.11299
0.388734
0.802114
1.3325
0.27107
0.0441352
0.782768
1.17323
0.804526
1.05342
0.0180955
0.234079
0.95765
0.74947
0.699441
0.110267
0.175806
0.932787
1.3325
0.385418
0.0952176
1.06119
0.807193
1.05887
0.40283
1.03837
1.1444
1.17323
0.306152
1.17323
0.666923
0.896867
1.11025
1.17323
1.17323
0.548476
0.546018
0.950208
0.00877942
0.389605
1.12794
0.415703
0.0613449
0.385448
1.17323
0.14318
0.706561
0.143189
1.17323
1.03933
0.553684
0.797016
0.535001
0.765103
0.778906
0.98449
0.706099
0.311201
0.276316
0.14033
0.340712
0.440801
0.856665
1.3325
1.17323
0.702336
0.920804
1.14928
0.0318481
1.00614
0.935934
0.682895
1.0935
0.773926
0.666449
0.368322
0.219881
1.02755
0.458126
1.04355
0.369113
1.3325
0.587388
0.888769
0.829396
1.04574
0.96147
0.512356
1.17323
0.997014
1.0687
0.160664
1.72819
1.3325
0.683409
1.17323
0.113383
0.931808
0.304942
1.17323
0.748511
1.17323
0.149566
0.897782
0.733765
0.260015
0.863157
0.959262
0.997112
0.95025
1.3325
0.780073
0.477878
1.04744
0.535722
1.03158
0.8192
0.925163
0.275268
1.09311
0.709215
0.402891
0.036335
0.852898
1.04279
0.00212928
0.919696
1.08322
0.439611
0.129858
0.659902
0.326916
1.10296
0.462555
1.3325
1.3325
0.995325
0.31559
1.00621
0.374815
1.3325
0.595481
0.220474
1.06741
1.17323
0.901301
0.277541
0.0170536
0.554171
1.3325
0.561976
1.1531
0.762766
0.426123
0.808017
0.32856
1.13267
0.33094
0.226699
0.156928
0.375282
0.843563
0.115339
0.204462
1.17323
0.274506
0.6438
0.952091
0.14034
0.70573
1.04707
1.3325
0.733168
0.210322
0.661937
0.227801
0.691286
1.08951
0.837401
0.315397
1.17323
0.575941
0.152063
1.17323
0.279224
0.112719
0.226654
0.549272
0.241017
0.548837
0.128762
0.837726
0.918951
1.3325
0.0546445
0.172847
0.889554
0.931197
1.09213
0.862442
1.0141
0.984064
0.630186
0.629451
0.0115384
0.531702
0.730827
0.196226
0.512833
0.0773502
1.3325
0.633914
1.17323
0.114161
0.263567
1.0896
0.0441064
0.393874
0.210336
1.17323
0.791204
0.617109
0.172479
0.0666221
0.838413
0.913534
0.156086
0.406196
1.01516
0.567342
0.478886
0.744914
0.168964
0.00437656
0.592453
1.3325
1.07152
0.446231
0.0240754
0.0860298
0.543757
0.898995
0.112525
0.852093
1.00879
1.05696
1.04535
0.938163
1.3325
0.498012
0.443653
0.212387
0.818025
0.695246
0.513906
0.324567
0.807585
0.821499
0.343701
1.17323
0.681784
0.24978
0.983693
0.452575
1.08306
0.820217
1.09121
0.141909
0.790914
0.594284
1.08759
1.17323
1.3325
0.770549
1.1235
0.0436769
1.17323
0.562876
0.438151
0.544879
0.492584
0.50365
1.3325
0.485988
0.69462
0.104145
0.0476252
0.892366
1.3325
0.961115
0.242623
0.108697
0.967754
0.833005
1.11249
0.0861496
0.99374
0.996332
0.60397
0.160689
0.806926
0.309775
0.395456
0.0830078
1.01883
1.17323
0.684795
0.933867
0.546539
1.3325
1.01723
1.17323
1.3325
1.06345
1.17323
0.551043
0.145734
0.38711
1.17323
0.205856
0.551031
0.289944
0.204003
1.17323
0.78475
0.636709
0.613541
0.929824
1.01356
0.465815
0.163101
0.090394
0.323245
0.206056
0.0523761
1.17323
0.788745
0.750061
0.0755984
0.414752
1.17323
0.616168
0.929221
0.915525
0.680424
0.237442
0.814732
0.506067
0.61775
0.903956
0.136837
0.219981
1.18845
0.12381
0.205389
1.17323
0.272617
0.565581
0.877821
0.000910516
0.523441
0.409958
0.955609
1.17323
0.991147
1.17323
0.939403
1.3325
0.09606
0.695864
0.880498
1.0414
0.674266
0.0407609
0.446289
1.3325
1.3325
1.3325
1.09242
1.07168
0.156443
0.858721
1.02665
1.02465
1.05042
1.12447
1.17323
0.0432873
0.681919
0.0901177
0.414447
0.932899
0.248554
1.03278
0.55792
1.17323
1.17323
0.179104
1.03692
0.382094
1.0683
1.02086
1.06907
0.749042
0.281777
0.915428
1.19354
0.835541
0.430236
0.740608
1.09683
1.3325
0.807909
0.883776
1.17323
0.863593
1.26967
0.80164
1.17323
0.188441
0.945432
0.458805
0.859652
1.17323
1.03465
0.250679
0.197063
1.13958
1.01543
0.278877
0.942417
0.784572
0.13149
1.3325
0.833436
1.13885
0.441778
0.278657
1.05882
0.953611
1.00746
0.225614
0.248935
0.462349
0.289717
0.0385144
0.643071
0.460651
1.17323
0.693416
1.0905
0.343778
0.761042
0.308932
1.23371
0.887195
1.17323
0.217286
1.3325
0.882321
0.515173
0.584237
0.478861
0.000180773
0.372271
1.17323
0.00848277
0.431398
0.236771
0.862724
0.653677
1.3325
0.934139
0.712014
0.342638
0.289629
1.3325
0.325387
0.533487
1.00366
0.226856
0.0689403
0.792717
0.140884
1.3325
0.38582
0.187375
1.3325
0.690691
0.797014
0.786418
1.3325
0.712949
1.11819
0.648873
0.833021
0.17582
1.17323
1.3325
0.274135
0.622753
0.540153
0.241153
0.498625
0.656496
0.605109
0.359677
0.234362
1.3325
0.940497
0.627278
1.3325
1.17323
1.10158
0.114703
0.445706
0.512463
1.09533
0.90661
0.828018
0.579198
0.893222
0.884903
0.982979
0.429391
0.89428
0.0463895
0.127238
0.897371
0.092338
0.126714
0.846149
1.17323
0.284647
1.00563
0.756427
0.314171
0.876523
0.836817
0.222032
0.880928
1.06585
0.0156629
0.927651
0.989742
1.09787
1.17323
0.559868
0.833383
0.0175513
0.711737
1.17323
0.431338
0.297144
1.10846
0.741281
0.0728266
0.141618
0.212859
0.90591
0.594289
0.0563625
1.1075
0.492485
0.966783
1.01357
0.227662
1.3325
0.948625
0.717723
1.17593
0.583403
1.17323
0.585292
0.943412
1.3325
0.946482
0.900336
0.402755
0.556045
0.0288963
0.316593
1.09115
0.918271
0.265911
0.669534
1.17323
0.726788
0.149392
0.19762
0.546001
1.50123
1.17323
0.724874
0.200824
1.17323
1.01434
0.916392
0.264934
0.485603
0.0123247
1.14427
1.10502
0.648152
0.776591
0.889973
1.10148
0.821499
0.582794
0.508454
0.274355
0.958089
1.09728
1.13944
0.808103
0.675452
0.0601921
1.3325
0.0188869
0.0571408
1.3325
0.767545
1.0711
0.27331
0.954584
1.17323
0.108177
1.3325
0.514259
0.178885
0.503904
1.3325
0.838899
1.11102
0.422316
1.11059
0.11488
1.17323
0.498904
0.996302
0.987515
0.49844
1.07632
0.0951509
0.0473226
0.0301945
0.919343
0.592441
0.0598588
0.592078
0.856407
1.17323
0.718045
0.904406
0.32146
0.00251936
1.03683
0.300414
1.3325
0.995968
0.8599
0.331198
0.742252
0.310613
1.1056
1.18739
1.17323
0.702902
0.558338
0.0924637
0.0175936
1.17323
1.18474
0.17156
1.0732
0.728321
1.05374
0.842021
0.101732
0.37878
0.104533
1.17323
0.264049
0.128898
1.3325
0.648998
1.09159
0.325038
0.922102
0.415701
0.803312
0.140381
0.920191
0.520178
0.737393
0.0315424
0.573644
0.0464432
0.788948
0.755691
0.0340835
0.82255
0.714518
0.983673
0.392322
0.469561
1.18049
0.506281
1.17323
0.13613
1.17323
0.256643
0.916198
1.02073
0.949207
0.980979
1.17323
0.932831
1.17323
0.102697
0.908154
1.02244
0.478355
1.17323
0.179783
0.459237
0.293217
1.3325
0.37748
1.17323
1.17323
0.959825
0.160878
0.962278
1.14859
0.0255858
1.3325
0.655619
0.258162
0.950913
0.920371
0.471992
0.34112
1.3325
0.700674
0.941531
0.196628
1.0104
1.17323
0.161209
0.0780132
0.138878
0.498802
0.20433
0.915988
1.02759
1.17323
0.689265
0.297078
0.559232
0.620335
0.199057
1.17323
1.06789
0.0349748
0.83772
1.11298
0.413161
0.939839
0.108094
0.0692012
0.747052
0.901261
1.17323
0.912764
0.426435
1.17323
0.354126
0.687922
0.416365
1.3325
1.3325
0.773559
0.0948378
0.284353
1.3325
0.462097
0.724193
1.3325
0.992756
0.672341
0.295726
0.62546
0.471769
1.05622
1.17323
0.886579
0.764027
1.11813
0.778887
0.920853
0.185733
0.182233
1.3325
0.671076
0.874706
0.286167
0.633291
0.929043
0.801187
0.529473
1.11822
0.662205
0.986085
1.17323
1.17323
0.752453
0.452947
0.527631
0.0828678
0.87767
0.700523
1.17323
0.314476
0.809715
0.188266
0.588595
1.10325
1.14571
0.47022
0.251133
0.641547
0.394851
0.27455
0.770434
0.345968
0.832749
1.11539
0.266645
1.17323
1.03583
0.588377
0.937292
0.242669
1.09117
0.410821
1.00763
0.719594
1.15167
0.039793
1.17323
1.17323
0.54096
0.585642
1.09184
1.3325
0.57546
0.277642
0.0813755
0.540673
0.506026
0.342196
0.930713
0.281593
0.297044
0.228762
0.819721
1.17323
0.803889
1.17323
0.533202
1.05026
0.859832
1.069
0.644134
0.665056
1.3325
1.08449
1.06079
0.630763
0.108742
0.823305
1.17323
0.96016
1.11476
0.87139
1.3325
0.0214891
1.23311
1.118
0.60975
0.866659
0.0751889
1.06793
1.13359
0.786676
0.766684
1.3325
0.597086
0.804523
0.6647
0.449416
0.291743
0.219628
0.865549
1.17323
0.381453
0.768226
0.857545
0.339622
0.112349
0.0976618
0.254644
0.737608
0.286241
0.361504
1.17323
0.521394
1.3325
0.936412
0.875791
1.17323
0.948462
1.00985
0.787528
0.924646
0.900987
0.0101416
0.0159051
1.08836
0.632611
0.702364
0.421328
0.809942
0.0464237
0.516554
0.916925
0.760443
0.287135
0.801618
0.643234
1.00063
0.938288
0.381589
0.681085
0.917425
0.690314
0.387973
0.904359
0.0106633
1.07892
0.230182
1.08564
1.11798
0.662228
0.675516
0.567611
0.688764
0.377111
0.499845
0.889901
0.131636
0.0865955
1.04595
1.3325
0.301778
1.3325
1.3325
0.841054
1.18411
0.0969588
0.760087
0.938929
0.926617
0.491867
0.181604
0.533906
0.162225
0.164839
0.0797553
0.691191
0.0478142
1.1013
0.938355
0.644237
0.242414
1.3325
0.571412
0.964965
0.747307
0.989072
0.907119
0.159042
0.260029
0.953849
0.587258
0.976068
0.0376436
0.684022
0.3105
0.17019
1.17323
0.188053
0.0691924
0.57682
1.3325
1.07057
0.888753
0.820738
1.3325
0.991628
0.83581
0.844975
0.428803
1.17323
0.184249
1.07566
0.707427
0.0032767
1.15639
0.800734
0.276058
0.0936433
0.00137197
1.0901
0.920736
1.04918
0.938821
0.0605851
0.871537
1.05518
0.140155
0.646378
0.749967
1.17323
0.336064
0.985263
0.212135
0.681574
0.116467
0.097182
0.151229
0.00337396
1.17323
0.969989
0.997492
0.730022
0.930562
0.291119
0.455479
0.331721
0.69552
1.17323
0.937255
0.11772
0.213304
0.267374
0.704664
1.17323
0.132624
1.17323
0.145333
0.425567
0.531193
0.295057
0.719689
0.0827628
0.440105
0.085915
0.733863
0.121528
0.0436145
0.380312
0.781761
0.395297
0.302209
0.886126
0.42706
1.11502
0.762649
1.15698
0.500086
1.10998
1.03885
0.351839
1.17323
0.337326
0.914622
0.260542
0.512374
0.153534
0.1736
0.960248
0.59427
0.165822
0.676013
1.3325
0.491784
1.00831
1.08014
0.0581805
1.17323
0.317578
0.111491
0.469609
0.68833
0.90919
0.0771254
0.712336
1.03056
1.3325
0.330944
1.16057
0.87279
0.970266
0.148066
0.0606854
0.637571
0.641403
1.01277
0.21299
0.851468
0.222211
0.0263601
0.5668
0.61511
0.874181
0.0567546
0.491247
1.17323
0.767631
0.125803
0.0119913
0.241693
1.3325
0.215502
0.356637
0.0709594
0.978831
0.785505
1.01597
1.07962
0.885297
0.7228
1.17323
0.0746797
0.910104
0.00133419
0.709309
1.3325
0.239159
0.410733
1.3325
0.16024
1.07319
0.248974
0.895777
0.469999
0.0280886
0.767046
1.15509
0.857931
0.13683
0.257523
0.577484
0.714806
1.17323
0.981148
0.947543
1.3325
0.370281
0.956863
0.953564
0.878986
1.17746
0.709568
0.902132
0.269056
0.606069
0.172177
0.550804
0.884634
0.754445
0.55573
0.955423
1.10902
0.137671
0.999242
1.3325
1.17323
0.337571
0.913767
1.17323
0.283468
0.104871
0.978804
0.0177927
0.157195
0.927173
1.01187
0.859832
1.3325
1.09779
0.92564
0.947615
0.545034
0.35944
0.0554977
0.826809
1.3325
0.951514
0.959243
0.907849
1.17323
0.0225134
1.02497
0.610223
0.881631
1.05923
0.913901
0.582653
0.134311
0.923198
0.0122046
0.544994
1.02275
0.455491
0.976378
0.729812
0.962044
1.3325
0.993266
1.17323
0.215626
0.802091
0.294964
1.17323
1.3325
1.3325
0.545292
0.297735
1.3325
0.243643
0.851079
1.09186
1.14647
0.851868
0.65706
1.3325
0.891964
1.17323
1.02858
1.17323
1.17323
0.978912
0.460179
0.246211
0.947047
0.211127
1.17323
0.87455
0.147103
1.3325
0.393575
0.403049
1.17323
0.52628
1.3325
1.17323
0.758628
0.739737
0.987593
0.157242
1.3325
0.212721
0.685291
0.831033
1.17762
0.915584
0.503759
0.278949
0.899047
0.801329
0.953791
0.333676
0.86341
0.464827
0.615691
0.99281
1.10331
0.314116
0.921209
0.862175
0.876949
0.333154
0.883497
0.969327
0.257093
0.166565
0.326211
0.370743
0.771361
1.17323
0.964578
0.218275
1.17323
0.861863
0.214818
0.3693
0.495338
0.764646
0.758472
0.432209
1.08273
0.149311
0.236868
0.778302
1.17323
1.01815
0.0893016
0.959704
0.782803
0.284828
0.861163
0.689697
0.00824693
0.716433
1.17323
1.17323
0.0294239
1.17323
0.0958933
0.269228
0.839844
0.272826
0.064601
1.02541
0.109175
1.3325
1.17323
0.5967
0.918725
1.09175
0.608004
0.324999
1.03283
0.53399
0.807913
0.185027
0.162377
0.353962
1.03502
0.364648
0.348342
0.129495
0.635122
1.3325
0.844376
0.0427301
0.0264708
0.272554
0.981695
0.260862
1.09516
0.600842
0.48934
1.17323
0.328549
0.458084
0.941494
0.899879
0.784709
0.174537
0.610709
0.521228
1.02272
0.0482754
0.586394
0.878326
0.685457
0.864387
0.474435
1.09894
0.309045
0.98512
0.700386
0.154348
1.0392
0.48048
0.445275
0.341363
0.959126
0.584197
0.497319
0.744128
0.0860256
0.491476
1.3325
0.961358
0.34623
0.835288
0.50961
0.909894
0.877515
0.295846
0.62049
0.225072
1.12985
0.31146
0.411134
0.910281
1.3325
0.490093
1.11736
0.485555
0.12175
0.897654
1.17323
1.09897
1.03868
0.731037
1.17323
0.398719
1.0864
0.0584466
0.279221
0.3105
1.01164
0.294536
0.561249
0.21752
0.502165
0.923997
0.83522
0.707877
0.0786508
1.3325
1.15237
1.17323
0.205159
0.720073
0.622467
0.369215
0.127146
0.781423
0.755759
0.832725
0.17644
0.254997
1.3325
0.339094
1.0679
0.796066
0.766132
0.435382
0.43504
0.240599
0.225924
0.192979
0.789858
1.17323
1.3325
0.139707
0.676871
0.360451
0.624662
0.055876
0.780054
0.321101
1.20358
0.565369
0.653384
1.01076
0.837678
0.678272
0.308906
0.414954
1.08004
0.918353
0.501546
0.803711
1.12721
1.00622
0.0134068
0.677973
0.305713
0.520052
1.17323
0.700758
0.423785
0.893899
1.17323
0.390708
1.17323
0.266867
0.823981
0.943977
0.710242
0.945341
0.438099
0.114099
0.822323
1.14548
1.0865
0.793133
0.536505
0.310279
0.164754
0.166296
0.207006
1.3325
0.645859
0.0829672
0.667773
1.17323
0.0121559
1.17323
0.145762
0.423167
0.105333
0.346592
1.10774
0.968244
0.0128126
0.958519
0.5248
0.00777713
1.17323
0.54755
0.388771
0.276483
0.114404
0.612397
0.917526
0.039776
0.939284
0.871386
0.517534
0.177102
1.01121
0.568435
0.188147
0.0167611
1.3325
0.230086
0.526831
1.05726
0.123395
0.851145
1.13611
0.668067
0.00630697
0.189695
0.711289
0.269618
1.17323
1.04078
0.235183
0.718768
0.0313079
0.699775
0.892068
0.851298
0.711422
0.561498
1.3325
0.0999767
0.445336
0.773802
0.757139
0.722257
0.221822
1.02595
0.128389
0.912362
0.430032
1.3325
1.05228
1.17323
0.252221
1.17323
0.873736
0.238478
0.562276
0.812306
1.0313
0.196598
0.12245
0.617201
1.17323
0.270222
0.216638
0.183998
0.273333
0.253209
0.0882031
0.631931
1.3325
0.822134
0.598853
0.943855
1.17323
0.326539
1.17323
0.615319
0.993622
0.70121
0.752309
0.404779
1.3325
1.17323
0.907888
0.309314
1.01981
1.01854
1.3325
0.386819
1.09105
0.630008
1.06441
0.212757
0.184037
1.26075
1.3325
0.959859
0.102418
0.672721
1.05397
0.300741
0.339888
0.874521
1.17323
0.531541
0.390172
1.15678
0.421798
0.8296
0.175868
0.349109
0.14862
0.23039
0.0712596
0.224454
1.3325
1.17323
0.631977
1.3325
0.103106
0.0135594
1.17323
1.01227
0.597151
0.067209
1.3325
0.880303
0.0272533
0.358316
0.0236131
0.963234
0.214371
0.722032
0.716476
0.0609877
1.3325
0.586405
0.958565
0.244299
0.747324
1.07611
0.410795
0.263156
0.705758
1.3325
0.944221
0.0697814
1.3325
0.0951682
0.355818
0.114257
1.3325
0.438035
0.060286
0.213597
1.17323
0.713938
1.04635
1.04781
1.08481
0.319992
0.89988
0.580178
0.000790238
1.17323
0.639819
0.765298
0.588841
0.0976112
0.242197
0.581791
0.716798
1.11256
1.17323
0.0529459
0.601541
0.975889
0.220366
0.282004
0.376248
0.384423
1.13774
1.14317
0.646681
0.234183
1.17323
0.380549
1.3325
1.17323
1.3325
0.684576
0.634967
1.17323
0.751542
1.1054
0.564266
1.06125
0.138021
0.250628
0.897354
0.731806
0.612471
0.793764
0.5514
0.474894
0.185275
0.105983
0.372362
0.580233
1.08973
0.137188
0.532794
0.554992
0.835353
0.54474
1.09711
0.171249
0.428181
0.061202
1.3325
0.677085
0.657586
1.3325
0.809157
0.885835
0.903365
1.11777
0.194099
1.17323
0.129315
0.0985365
1.17323
0.605024
0.256341
1.3325
0.0567466
0.979951
0.356392
0.88278
0.764924
1.05756
0.668311
1.17323
0.779802
1.02885
0.246084
0.252944
1.17323
1.3325
0.549471
0.432019
0.427371
0.251098
0.0730611
0.235137
0.965071
0.974976
0.477012
1.3325
0.509931
0.362086
0.468747
1.17323
1.11993
0.442694
1.07066
0.50342
1.07812
1.3325
0.951818
0.180586
1.3325
1.17323
1.0766
1.17323
0.685088
0.409062
0.858462
0.171245
1.17323
1.0075
1.3325
0.184145
1.3325
0.684004
0.264291
0.573437
1.11868
0.658972
1.3325
0.986319
0.738936
0.296398
0.954374
0.109483
1.0018
1.04495
0.71451
0.270243
0.461486
1.3325
0.704454
1.04804
0.713293
0.615517
0.722866
0.589643
1.1485
1.3325
0.915249
0.215683
0.046745
0.0927056
0.323621
0.868197
0.981834
1.22106
0.756666
0.220555
0.947232
0.989938
0.538019
0.440268
0.058548
0.00809543
0.356221
0.364448
0.8526
0.373622
0.376607
0.292263
0.0958524
1.03971
1.17323
0.355646
0.235703
0.253547
0.223137
0.134388
0.37266
0.124824
0.947996
0.835136
1.17323
0.254753
1.00086
0.405109
0.32596
0.460036
0.290063
0.280281
0.0689045
0.593386
0.17931
1.17323
0.185891
0.275122
0.807353
0.907822
0.610049
0.88896
0.222209
0.972292
0.145104
0.26322
0.131132
0.670983
1.01416
1.3325
1.14673
0.179446
0.0114741
0.191218
0.194122
0.865295
0.285998
0.0531334
1.3325
0.240364
1.06034
1.09322
1.17323
1.17323
0.957751
0.941827
0.95977
0.390349
0.418192
0.933503
1.17323
0.397416
0.0793975
0.295387
1.3325
0.138106
1.04882
0.957893
0.103385
0.864756
0.443107
0.800979
0.98184
0.0593571
0.657089
1.17323
0.826451
0.748202
0.885718
0.925708
1.17323
0.245312
0.941541
0.232395
1.3325
1.17323
1.07964
0.502189
0.0473653
0.942617
1.08532
1.3325
0.372889
0.405543
0.978576
0.67686
0.182031
0.322397
1.17323
0.930744
1.17323
0.474863
1.15472
1.24851
0.301463
0.0555965
0.899558
0.214298
0.396283
0.169787
1.06756
1.12911
2.36631e-06
1.14251
0.926226
0.174419
1.10498
1.14535
0.432027
0.92262
0.121728
0.852755
0.644989
0.104647
0.989628
1.10919
0.787596
0.174811
0.685029
0.172612
1.3325
1.3325
1.10977
0.263515
0.0549065
0.832849
0.916519
1.08793
0.506896
0.0429493
0.451957
0.835001
1.23357
0.295169
0.839387
0.158071
0.853925
1.01015
1.07331
1.16484
0.129832
0.948327
0.881463
0.429238
1.3325
0.709623
0.350922
1.17323
1.17323
0.501155
0.669337
0.565234
1.3325
0.215416
0.207988
0.87836
0.263914
0.710887
0.94269
1.17323
0.14113
1.17323
0.455912
0.846313
1.10134
0.212326
0.149839
0.571389
1.03324
0.109672
1.3325
1.3325
0.0962329
0.555059
1.3325
0.153698
1.17323
1.14247
1.3325
0.993032
0.821499
1.05033
0.0611529
0.616213
0.317668
1.3325
0.68866
0.522668
0.0459272
0.272505
0.144427
0.461097
1.06542
0.693535
0.162756
0.197986
1.17323
1.08738
0.254674
1.3325
0.821019
0.992439
0.356673
0.0652073
0.0398503
0.0798277
0.975303
1.11013
0.585567
1.17323
0.531586
0.142442
0.272044
0.647525
1.09821
0.267529
1.3325
1.17323
0.928144
1.17323
1.07841
0.0429348
1.04841
0.0372063
1.02448
0.0754826
0.173648
0.520481
0.27807
0.277325
0.129305
0.886247
1.17323
0.53445
0.244416
0.693408
0.248981
0.100914
0.911402
1.17323
1.17323
0.582484
0.168262
0.301713
0.48519
0.986219
0.633218
0.527786
1.0429
1.0565
0.72905
0.996102
0.24664
0.0454882
0.950408
0.479205
0.83683
0.858076
0.365035
0.427002
0.474821
0.328499
0.5069
0.885731
0.678477
0.11504
0.210919
0.999966
0.881823
0.870748
0.631908
0.959957
0.105176
0.0561937
0.590603
0.649163
0.836911
0.950152
0.737763
0.22642
0.277027
0.153162
0.595297
1.17323
0.173623
0.0715544
0.931521
0.0151917
0.716599
0.728688
0.146817
0.183397
0.731404
0.611215
1.32016
0.404727
0.489329
0.873957
1.3325
0.188048
0.267979
0.415278
0.112133
0.999819
0.0615821
0.488988
0.258867
0.657652
1.05196
0.839679
0.205568
1.17323
0.833655
1.06161
0.667851
1.17323
0.366609
0.611129
0.870516
0.962474
1.00583
0.398062
0.875169
0.7707
0.930628
0.11766
0.826332
1.09092
0.259896
1.3325
1.17323
1.3325
0.692489
0.0835134
0.92272
0.924398
1.3325
0.959859
0.745613
0.124816
0.0472347
1.14402
0.242408
1.17323
0.972506
1.11067
0.805376
0.271194
1.03539
0.012133
1.14629
0.264791
1.00286
0.0700298
0.942975
0.649219
0.165209
0.547978
0.771794
0.792466
0.68463
0.497455
0.522041
0.509504
1.06868
0.115012
0.924491
1.16111
0.631653
0.939057
1.07966
0.44519
0.377503
0.852752
0.151863
0.542477
0.782445
1.08619
1.1843
1.3325
0.265889
0.823617
1.11827
1.1387
1.17323
1.17323
0.0721165
0.393514
0.334192
1.23634
0.394129
1.01075
0.819145
1.16013
0.603963
0.104732
0.917721
1.00666
0.108143
0.261499
0.959663
0.846538
0.290537
1.00736
0.685647
0.874798
0.344906
0.772645
1.3325
0.961551
0.0354919
0.662597
0.0993174
1.3325
0.189368
0.658428
1.3325
0.100728
0.679291
0.789091
0.939718
0.941601
1.07034
0.624326
0.366054
0.255524
0.719481
1.3325
0.962603
0.833367
1.10285
1.07449
0.0764133
0.788061
0.318617
1.17323
0.863234
0.0733234
0.977608
0.927099
1.3325
1.17323
1.06663
1.17323
0.242393
0.00786139
0.0952267
0.398387
0.43579
0.83793
0.181924
0.163536
1.1493
0.337672
0.497031
0.113173
1.08987
0.0229217
0.956083
1.04691
1.19161
0.471341
0.0285111
0.930278
0.196699
1.19072
0.489695
0.676399
0.883166
0.0938473
0.821373
0.528744
0.917747
0.361434
0.246437
0.228651
0.162886
0.452613
0.742032
0.187189
0.765664
0.944627
1.14479
0.369043
0.0502154
0.186504
0.0544041
0.216677
1.17323
0.86473
0.916145
0.896852
0.948849
0.207219
0.222178
0.666449
1.14297
0.51657
0.324789
0.66526
0.212375
1.03768
0.591586
0.248957
0.419373
0.619379
0.767233
0.931626
0.937926
0.117473
0.809056
0.235526
0.910498
0.0498447
0.127157
0.709128
0.612006
0.284248
1.11259
1.08365
0.300988
0.512958
0.327814
0.185919
1.17348
0.94953
1.17495
0.555544
0.0547901
0.970976
0.349926
0.313324
0.231067
1.17323
0.0131157
0.444553
0.993968
0.58111
0.850675
0.507079
0.470256
0.879347
1.3325
0.948313
0.29914
0.79221
0.829075
0.664993
0.728336
0.849644
1.0563
0.258908
0.173247
0.0321488
0.537921
0.221706
1.3325
0.927495
0.951245
0.616975
0.452902
0.924797
1.12038
0.680391
0.00243991
0.367853
1.3325
1.3325
1.12715
1.06265
0.310794
1.12707
0.179433
0.562667
0.129976
0.934911
1.06196
1.17323
0.302586
0.962412
0.247084
0.89819
0.907017
0.841278
1.2905
0.761689
1.17323
0.656626
0.828951
0.405038
0.636212
1.17323
0.822949
0.609062
0.505632
1.17323
1.06967
0.383997
0.898161
0.926087
0.685914
0.729364
0.865548
1.05683
0.467393
0.751145
0.194371
1.3325
0.914104
0.11823
0.213476
1.00247
1.17323
0.0636688
1.17323
0.246159
0.754873
0.436401
0.30554
0.015142
0.449507
0.690693
0.369366
1.04908
0.982061
0.449092
1.17323
0.829833
0.756559
0.917846
1.11227
0.1104
1.17323
0.803616
0.0433575
1.19458
0.0764646
0.442003
1.07087
0.862869
1.08216
0.5632
0.0802934
0.214015
0.968308
0.00488099
1.00533
0.935341
0.160645
0.0294857
1.1086
0.417212
0.387836
0.681763
0.128745
1.03848
1.3325
0.307389
1.3325
1.02127
1.06791
0.492218
0.809607
0.211123
0.793088
0.902946
0.854882
0.344048
0.00977282
0.141296
0.366673
0.184741
0.442441
1.1462
0.339361
0.959603
0.1152
0.206293
0.905219
0.911969
0.608838
0.36899
0.581121
0.184101
0.708335
0.183532
0.539721
0.660397
0.857327
1.08122
0.215184
0.56577
0.492161
1.17323
0.370575
0.820485
0.762463
0.477583
0.964016
1.3325
0.229093
1.3325
0.0475679
0.395291
1.3325
1.01853
0.88067
0.76266
0.209681
0.974512
0.152789
0.341653
0.599366
1.14634
1.23702
0.413846
0.240654
1.04337
0.384557
0.0255625
1.3325
0.892292
0.345641
1.07157
0.717448
0.0339101
0.282974
0.222139
0.73597
1.14843
1.17323
0.0868163
0.634444
0.225007
0.958675
1.17323
0.300125
1.3325
0.962773
0.208234
1.13963
1.3325
1.17323
0.690246
0.59151
0.354488
0.448789
1.04993
0.158466
0.794086
0.955076
0.0456373
0.702435
1.3325
1.17323
0.137828
0.632397
0.0742929
1.0886
0.191649
0.190658
1.05646
0.758615
1.17323
0.991584
0.0872097
0.926951
0.319614
0.834327
0.9121
0.243965
0.12953
0.802034
0.895947
0.926187
0.156987
1.12716
0.130435
1.06638
0.882507
0.154844
1.16016
0.824003
0.352874
0.612472
0.634569
0.457019
1.3325
0.907474
0.645473
1.17323
1.3325
0.41003
1.3325
1.0486
0.988337
1.17323
0.892284
1.3325
0.938802
1.17323
0.981319
1.17323
0.914973
0.0597655
0.929208
1.17323
0.829404
0.761063
0.675447
1.17323
0.62272
1.3325
0.839601
0.232454
0.522653
0.94171
0.265724
0.87222
0.784924
1.3325
0.192828
0.874926
0.839234
0.18593
1.3325
0.696032
0.68612
0.170443
0.954637
0.86504
1.3325
1.10148
0.217331
1.1018
0.044257
0.419659
0.0610731
0.819877
0.981488
0.971926
1.07048
0.877388
0.864597
0.516967
0.638827
1.16291
1.17323
0.297205
1.17323
1.3325
0.0807265
0.958536
1.17323
0.810232
0.251495
0.963138
1.0554
1.18007
1.05143
0.0303682
0.415147
1.3325
1.17323
0.44788
0.618567
0.752631
0.994222
0.937949
0.826616
1.17323
0.795268
0.000483069
0.226121
1.10869
1.17323
1.17323
0.811944
1.17323
0.0689748
1.13346
0.941013
0.119211
1.3325
0.88974
0.107204
0.983969
0.920145
0.387767
0.327156
0.154142
0.644014
0.761671
0.53847
0.396862
0.152153
1.01057
0.983706
1.06962
0.518748
0.152385
1.04467
0.0535732
0.812422
0.976222
0.898081
0.668511
0.235103
1.3325
0.939427
0.97777
0.115669
0.0414326
0.509687
0.331441
0.361323
0.864307
0.1964
1.10703
0.93321
0.718795
1.3325
0.721805
0.572119
1.02741
0.618978
1.17323
1.08833
0.558482
0.703003
1.03113
1.17323
0.110501
0.832051
1.05735
0.19926
0.0160584
1.01489
0.88151
1.06226
0.312488
0.919058
1.17323
0.528503
0.870434
1.17323
1.02995
0.0898662
1.09344
0.188413
1.09123
0.562861
0.912723
0.582174
0.130623
1.09927
0.747866
0.540464
0.0957676
0.345205
0.685703
0.30868
1.17323
1.3325
0.450443
0.492681
0.417948
0.0302986
1.04915
1.00773
0.47583
0.00332338
1.10269
0.15545
1.01241
0.105527
0.770831
1.19815
0.094392
1.17323
0.71282
1.07488
1.11661
0.118087
0.209988
1.07597
0.17683
1.3325
0.411507
0.890412
0.944481
0.942134
0.124667
0.499611
0.843822
0.154715
1.09035
0.340862
0.771519
0.345438
1.17323
0.55762
1.3325
0.777599
0.102386
1.3325
0.348146
0.762051
1.19918
1.17323
0.13582
0.907139
0.314696
0.460432
1.0449
0.93976
1.17323
0.176323
1.13192
0.8821
0.919299
0.878781
0.58773
0.0455116
0.912735
1.3325
0.346834
1.3325
1.17323
0.784954
0.633364
1.17323
0.0667144
0.864397
1.08244
0.943949
0.717927
1.17048
1.09735
1.16896
0.123922
0.947446
0.555083
0.395469
0.941285
1.17323
0.198516
1.3325
0.937199
0.633579
0.211199
0.773615
0.462083
1.3325
0.720736
0.883737
1.14943
0.470947
1.17323
0.470131
0.965059
0.265736
0.705212
0.453279
0.241316
0.44992
1.17323
0.593687
0.70276
0.631392
1.09042
0.842428
1.11001
0.227601
0.591675
0.185017
0.914816
0.778608
0.261545
0.794177
1.3325
0.827541
0.766299
0.184569
0.650239
0.204446
1.03531
0.314776
0.552001
0.00524496
0.859761
0.22305
0.16417
1.17323
1.17323
1.10272
0.370059
0.238881
1.17323
0.30642
0.278747
0.638319
0.324506
0.165195
0.109322
0.080072
0.628197
0.922399
1.17323
0.979477
0.395017
0.863201
0.0929081
0.786045
0.512455
0.961533
0.53092
0.558912
0.158866
0.800417
0.285128
0.0325096
0.943189
0.987484
1.17323
1.17323
1.01572
0.219299
0.720579
0.866026
0.254875
0.495494
0.472245
0.854526
1.3325
1.17971
0.922213
0.0179386
1.01382
1.3325
0.439468
0.895882
0.683744
0.925929
0.466414
0.0919151
1.3325
0.820206
0.253027
0.168271
1.3325
0.0305769
0.109731
0.728072
1.10814
0.458595
0.0857618
0.655908
0.387313
0.450842
1.13213
1.00173
1.05479
0.071952
0.756944
0.657997
0.116194
0.422577
0.748652
1.3325
0.93944
1.17323
0.543934
0.0674648
0.979824
1.3325
0.418239
0.539284
1.3325
1.08588
1.10944
1.13546
0.942384
0.0234385
0.0601555
0.676764
0.714488
0.0477912
0.931791
1.11295
0.596352
0.913488
1.3325
0.556851
1.17323
0.729335
0.268359
0.0949711
0.0853365
0.452968
1.17323
1.3325
1.11506
0.378955
1.15882
1.09512
1.3325
0.851389
0.268696
1.17323
0.942423
1.10456
1.12677
1.17323
1.17323
0.129735
0.102398
1.17323
0.0937144
0.305781
0.466308
0.126648
1.3325
0.980595
0.970937
0.953761
1.3325
1.17108
0.455282
1.3325
0.202147
0.68194
0.875525
0.354544
0.339206
0.139973
0.668159
1.3325
1.15664
1.17323
0.498437
1.05281
0.262681
1.03427
1.3325
0.771894
0.379906
1.17323
0.221117
1.3325
0.188398
0.361192
0.845116
0.218355
0.0514257
0.590224
0.506671
0.950887
0.833375
0.4373
0.593174
1.3325
0.910977
0.826584
0.227601
0.491421
0.631299
0.875595
0.945638
0.0801358
0.0688275
0.970794
1.17323
0.502499
0.0952783
1.18799
1.0662
1.17323
1.3325
0.741191
0.327102
0.537393
1.3325
0.49211
0.419181
0.497641
0.175156
0.267841
0.661559
0.655865
0.102449
0.802802
0.948457
1.02864
1.3325
1.11499
0.960958
0.182623
0.0262228
1.3325
1.01327
0.670445
1.22486
0.480264
0.932354
0.221324
1.17323
0.988165
0.440494
0.656655
0.892624
0.517104
0.365138
0.451344
0.978794
1.17705
1.3325
0.119732
0.610551
0.323214
0.0639411
0.151155
0.145106
0.545734
1.03165
0.518036
0.127446
1.02472
0.864537
0.553007
1.01165
1.17323
0.849346
1.3325
0.714636
0.992052
0.485761
0.910845
0.430568
1.17323
0.683402
1.17323
1.26472
1.07066
0.0329478
0.379008
0.921188
0.303771
0.0222381
1.3325
0.801129
0.121714
1.02956
0.142841
1.3325
1.09922
0.374626
0.477309
0.852394
1.08296
1.17323
0.932582
0.932276
0.351063
1.17323
1.3325
1.07424
0.924146
0.998202
0.646155
0.862333
0.946513
0.196859
0.460126
1.22641
1.17323
0.113613
0.0617406
0.925692
0.142852
0.151897
0.0182753
0.290012
0.821499
0.406353
1.04636
0.145904
1.09172
0.853179
0.766021
0.480641
0.96892
0.332506
0.175982
0.253508
0.243296
0.88629
1.03857
0.706341
1.17323
1.05053
0.776332
0.666223
1.17323
0.0582865
1.0975
0.0417132
0.0134422
1.14952
0.817931
0.739744
0.618132
0.741653
0.898197
0.389872
0.882678
0.857381
0.322496
0.182331
0.81645
0.96069
0.590215
0.994378
0.476664
1.17323
0.106379
0.111647
0.0359191
0.937281
1.004
1.3325
0.240528
0.290476
0.464056
0.72694
0.262262
0.802254
0.474185
0.824874
1.17323
0.882468
0.309907
0.625997
0.358428
0.25929
0.93332
0.698865
0.990907
1.3325
0.25559
1.20444
0.166145
0.380325
0.308871
0.967898
0.70758
0.432312
1.02866
0.27505
1.3325
0.78697
1.13451
0.0889606
1.17323
0.0284044
1.04885
0.159774
0.184022
1.05892
0.158166
1.17323
1.3325
0.0102081
0.000625327
0.228179
0.876093
0.625869
0.807166
0.341722
0.852581
0.383545
1.0078
0.962704
0.418049
0.808351
0.729899
1.3325
0.385682
0.860507
1.03132
0.0599626
1.17323
0.733346
1.14871
0.0401134
0.312729
0.206075
0.262224
1.3325
0.313306
1.17323
0.680333
1.06021
0.642557
0.775362
0.176059
1.14532
0.279557
1.06144
0.184275
0.230593
0.110791
0.783219
0.143229
0.398836
0.108863
1.3325
1.03937
1.02653
1.03711
0.509148
1.17323
0.861611
0.0276049
0.938665
0.586229
0.931856
0.0786199
0.744621
0.604374
1.17323
0.202679
1.03803
1.3325
0.295633
0.145864
0.964224
0.549985
0.182509
0.880036
0.517652
0.961633
0.93671
0.858302
0.590538
0.529197
0.0789449
0.758068
1.10197
0.128679
0.852577
1.04885
0.330735
0.881238
0.732021
0.736697
0.961077
0.208909
0.241325
0.94994
1.1986
0.427907
1.17323
1.17323
1.17323
0.547071
0.865455
0.363912
0.258167
0.612299
0.275286
0.307261
0.789839
0.497184
0.849463
0.34819
0.547411
1.11466
1.3325
0.408399
0.531457
0.854655
0.849521
0.220124
0.576853
0.536331
0.94021
1.17323
0.35855
0.962065
0.941683
0.806332
0.136123
1.17323
0.0298614
0.97618
0.000588894
0.59146
0.0584389
0.998417
0.986348
1.3325
1.08047
0.619128
1.13996
0.95949
0.847296
0.997197
0.858572
1.08392
1.3325
0.273367
0.0022922
0.352435
1.3325
0.907906
0.259247
0.921823
0.426329
0.835822
1.3325
0.555248
1.06267
0.966045
0.0383888
0.62801
0.881792
0.0656872
0.504094
1.08845
1.17323
0.937388
0.128559
0.558401
0.91254
0.145063
0.790848
0.603584
1.3325
0.139751
0.406205
0.154531
0.50228
0.570535
0.273586
0.649094
0.683986
0.631993
0.145686
0.742761
0.354137
1.10338
0.4483
0.907224
0.516386
1.1004
1.3325
0.449272
0.144815
1.06992
0.886998
0.0707611
1.18653
0.355651
1.06118
0.523881
0.2177
0.933129
0.212116
0.614531
1.17323
0.137336
1.13053
0.942488
0.0272536
0.840255
1.17323
0.669888
1.10486
1.3325
1.04335
0.00435357
0.495972
1.06343
0.69557
1.3325
0.58157
1.0756
0.552474
0.706861
0.000219449
0.62674
1.3325
0.977837
0.975714
0.958023
1.01822
1.17668
1.3325
0.863892
0.537651
0.523119
0.623426
0.475558
1.14674
0.94489
0.739465
0.883449
0.237219
0.263187
0.0886877
0.662643
0.922093
0.581469
0.156863
1.14454
0.677473
0.393675
0.522366
0.391139
1.17323
1.09736
0.0571672
0.407693
0.0592944
1.3325
0.311252
0.234292
0.241951
1.09471
0.512714
1.3325
0.287836
0.125473
1.3325
0.564375
0.36534
1.01748
0.369703
0.91654
0.0374005
0.204838
0.633649
0.548964
0.947134
0.693719
0.224819
0.695644
1.00682
1.17323
0.106968
0.436857
0.646028
1.00899
0.364675
0.975797
0.242137
0.699716
0.893187
0.76786
0.571043
0.138029
1.3325
0.102016
0.58936
0.355576
0.24056
0.394161
0.336108
0.118628
1.3325
0.963449
0.925789
0.027317
1.138
1.0871
0.96285
0.642132
0.769361
0.76749
0.167517
1.04232
1.17323
0.822985
0.0926073
0.515399
0.574368
0.382412
0.185517
1.05447
1.3325
0.728694
0.353462
0.274373
0.119769
0.555637
0.933597
0.933071
0.0829687
0.152138
0.530932
0.705882
1.04469
0.0138912
1.09834
1.17323
1.17323
0.0554568
0.590328
0.533892
1.14425
1.20094
0.311496
0.665219
0.159005
1.3325
1.3325
0.545738
0.305494
0.896061
0.155009
0.0865157
0.333652
0.49145
1.3325
0.633017
1.17323
0.306062
0.977855
0.307389
0.88352
1.09591
0.312233
1.17323
0.734822
0.83684
0.582654
1.01148
0.416245
1.3325
1.15712
1.17323
0.078506
0.254397
0.768796
0.867895
0.870398
1.17323
0.908764
0.246494
0.748544
0.0560404
0.0619471
0.0950496
1.1499
1.3325
1.17323
0.692933
0.358078
0.19401
0.89982
0.538995
0.617443
1.09564
1.3325
0.196612
1.17323
0.021029
0.81158
0.372668
0.0571412
1.17323
1.09347
0.832523
0.0124743
1.0344
0.0813392
0.432784
0.709687
1.03286
0.44867
0.389447
0.946088
1.3325
0.63196
0.86091
0.351896
0.472264
1.3325
1.3325
0.732505
0.926135
0.357536
0.0928936
0.91787
0.338247
0.0746551
1.3325
0.580397
0.0149349
1.06366
0.426851
0.293678
1.04963
0.755189
0.707841
1.16332
0.803212
0.169823
0.53124
1.17323
0.951284
0.957907
0.8377
1.09527
0.103498
1.3325
1.17323
0.973513
0.552871
0.196223
1.17323
1.17323
0.690009
0.249389
0.766484
1.3325
1.06383
1.3325
0.806048
0.0756767
1.11755
0.529626
0.184227
0.946944
0.441074
0.92801
1.17323
0.0427548
0.919273
1.3325
0.383876
0.510118
1.12766
0.180962
0.0754137
0.586327
0.603289
0.223056
1.07976
0.786205
0.539603
0.714344
0.430894
1.03879
1.17323
0.21748
0.780867
0.178882
1.3325
0.936595
0.141051
0.460744
0.747736
0.803049
0.30289
0.0389706
0.0104413
0.331835
1.17323
0.267397
1.17323
1.13105
0.313417
1.16017
0.898328
1.17323
0.102266
0.837818
0.496249
1.17323
0.0313069
0.554454
0.253595
0.481078
0.356756
1.17323
0.971247
0.228848
0.750804
0.265346
1.08757
0.330408
0.267638
0.392458
0.930463
0.0705511
1.17634
0.179668
0.395958
0.962357
0.962651
0.153488
1.07317
0.535802
0.775073
1.01228
1.16662
0.0643202
0.745439
0.169545
0.325345
0.347469
1.3325
0.220265
0.406306
0.121858
0.598645
1.04782
1.3325
0.430397
1.09361
1.3325
0.0335202
0.0311262
0.0522183
0.0898105
0.277714
1.0935
0.795404
0.593315
0.942982
1.02624
0.861292
1.09771
0.226524
0.119458
0.218553
0.487807
1.17323
1.3325
0.945724
0.119364
0.446284
1.06253
0.422693
0.182903
0.507275
0.88472
0.070054
1.3325
0.406876
0.697233
0.865291
0.132013
0.333399
0.581784
0.863642
0.914901
0.556625
1.01347
0.691955
1.05301
1.06042
1.10971
0.190945
1.3325
0.929435
1.3325
0.0876605
0.391012
1.3325
0.950798
0.862881
0.718665
0.860546
0.404523
0.612011
0.0448431
1.3325
0.624307
0.334267
0.47488
0.242156
1.3325
0.127324
1.17323
0.0889471
0.975042
1.17323
1.01079
0.961885
1.17323
0.0358883
1.17323
1.06581
1.3325
0.076564
0.768029
1.10696
1.21344
0.96161
1.3325
1.3325
0.2236
0.242769
0.868386
0.134673
0.900654
0.0635143
1.3325
0.000136231
0.0761848
0.361315
1.00824
0.365309
1.17323
0.956779
1.11557
0.206998
0.462927
0.142909
0.338509
0.829438
1.15147
0.540316
1.13246
0.539765
0.584204
0.357894
0.279027
1.3325
1.08325
1.17323
0.130376
0.824715
0.975975
1.17323
0.945877
0.422412
1.01114
0.622246
1.3325
0.0383326
0.195464
0.278551
1.3325
0.31235
1.04845
0.307147
0.588403
0.943093
0.237903
0.0220003
1.00762
0.0321624
1.3325
0.808853
0.254595
0.3105
1.17323
1.3325
0.184876
1.17323
0.760802
1.17323
0.594301
0.306681
0.660526
0.0342116
0.174781
1.3325
0.169171
0.962977
0.326189
0.836473
0.72544
0.849016
0.527953
1.05806
0.418317
0.258544
0.931661
0.523375
0.736749
1.3325
0.162083
0.823052
0.851684
0.527351
1.01247
1.08613
1.3325
0.514217
0.298801
0.127498
0.82964
0.26615
0.777333
0.761066
0.350678
0.365061
1.17323
1.17323
0.0591147
1.11437
0.989706
0.671385
0.265167
0.9232
0.32687
0.786767
0.996674
0.122101
1.92493
1.16504
0.184561
0.993712
0.763798
0.611303
0.177301
1.03109
0.882932
0.165506
0.88347
0.280207
0.949566
0.438181
0.0693482
1.04647
1.08396
0.351383
1.13369
0.0744326
0.95582
0.381792
0.387202
0.58827
1.17323
0.156911
0.0376271
0.852016
1.01564
0.238041
0.41409
1.3325
0.619221
0.053198
0.0992667
0.824174
0.889005
0.954574
0.0180942
0.494944
1.03314
0.177015
1.3325
0.943109
0.586664
0.877485
0.218241
1.08983
1.00681
0.34817
0.0718372
1.3325
1.3325
0.4081
0.835195
0.638835
1.01045
1.3325
0.175892
0.757522
0.524297
0.614418
0.751349
0.887902
0.578402
0.948524
0.955981
0.225523
0.824835
0.0967403
0.556528
0.663952
0.839796
0.184065
0.160231
0.481753
0.66036
0.647953
0.569811
0.954865
0.372464
0.19273
0.899012
1.15737
0.0403909
0.695015
0.700633
0.958443
0.359498
0.798808
1.17323
0.0187096
0.137127
0.915725
1.13374
0.857494
0.555291
1.3325
0.0134225
0.507041
0.563728
0.21607
0.701205
0.770546
0.0361077
1.00111
0.700274
0.803175
1.17323
0.996845
1.17323
1.3325
0.317124
1.3325
1.00849
0.902431
0.169113
1.08724
0.972834
0.468659
1.17323
1.01011
1.0971
1.06063
1.17323
1.0791
1.0259
0.905463
0.880799
0.265288
0.960259
1.11928
1.3325
0.799848
1.3325
1.3325
0.766976
1.17323
0.329345
0.372289
0.000392679
0.972796
0.0568017
0.475509
0.283952
0.955452
1.17323
0.320629
1.03683
0.172353
0.916526
0.0587097
0.625577
0.977955
0.957791
0.0235585
0.311852
0.516761
0.603719
0.742104
0.198413
0.983439
0.642809
0.407752
0.728809
0.145548
0.252602
0.121784
0.0254799
0.3909
1.15475
0.956777
0.124507
0.854702
0.395247
0.115272
0.794482
0.382579
0.265677
1.14413
1.03707
0.794969
1.17323
0.545536
1.17323
0.816298
0.981979
0.904439
1.17323
0.00835247
1.3325
0.900919
0.267951
0.52088
0.310478
0.948849
0.352505
0.526358
0.110529
1.17323
0.177003
0.312865
0.0198651
0.936124
0.353716
0.185192
0.76601
0.0657265
0.89316
1.09173
0.622765
1.17323
0.238878
0.210018
0.0878219
1.07137
0.851999
0.76855
0.273987
1.3325
0.758497
0.799655
0.149545
0.359626
0.840772
0.886343
0.672009
1.3325
1.09537
0.808976
1.17323
0.205669
0.853714
1.3325
1.0154
1.3325
1.3325
0.573005
0.186361
0.26222
0.851053
0.804469
0.998167
0.445893
0.897776
0.88814
0.284875
0.84887
1.3325
0.518605
0.712969
0.569434
0.883042
1.1141
0.220375
0.279312
0.253997
0.793057
0.683208
0.415773
0.395383
1.19791
0.543259
0.885081
1.17323
0.924556
0.0359501
1.17323
0.822338
0.571186
0.946736
0.900829
0.159061
0.236531
0.942015
0.931506
1.13957
0.588454
1.17323
0.467385
0.42957
0.906249
1.0138
0.422606
1.3325
1.2345
0.565403
2.26405
0.724644
0.536594
1.17323
0.402226
0.776651
0.541545
0.124579
0.793747
1.12508
0.0187399
1.0149
0.717916
0.805343
1.15998
0.150567
1.3325
0.186036
0.904082
0.336128
0.986722
0.18401
0.751043
1.00212
0.855208
0.919621
0.861229
1.17323
0.903427
1.05144
0.2937
1.02544
0.90857
0.269623
0.0730861
1.3325
0.960605
0.271528
0.403735
0.672156
0.0881305
0.960242
0.470689
1.3325
0.849699
0.813296
0.744764
0.359555
0.472731
0.00446899
0.164389
0.0980852
0.218831
0.17744
0.190191
0.0942552
0.97682
0.93201
0.25269
1.17323
0.812765
1.3325
0.141069
0.558809
1.17323
0.448079
0.508499
0.348772
0.941432
0.970135
0.507004
0.160375
0.0487941
1.10547
0.24403
0.940919
0.804689
0.241625
1.19088
0.962617
0.991043
1.00089
0.297673
0.657655
0.731178
0.193787
0.05788
1.14971
0.310095
0.296256
1.15649
0.931039
0.475689
0.72448
0.744946
0.904779
0.107135
1.1494
0.821888
0.922451
0.945205
0.775729
1.17323
1.14492
0.906121
0.0177839
0.00976298
0.299395
0.423402
0.100647
0.72303
0.240537
0.0872147
0.758324
1.19735
0.274906
0.940889
1.17323
0.498243
0.220719
0.965473
0.0899982
0.544272
0.608617
0.842716
0.656193
0.922604
0.340819
0.991803
0.806778
1.06574
0.226839
0.6603
0.552468
0.773129
0.939667
1.17323
0.222296
0.281222
0.280782
1.17323
1.10001
0.663158
0.00745368
0.324146
0.982578
1.3325
0.242794
0.926984
0.237988
1.17323
0.960092
0.388443
0.306787
0.601517
0.329477
0.0340153
0.847995
0.338888
0.675014
0.0272088
0.361077
0.032435
1.17323
0.342753
0.817362
0.0214162
0.736508
0.311528
0.943574
0.677672
1.3325
1.17323
1.03272
0.778714
0.143183
1.3325
0.262645
0.604388
0.90174
0.995445
0.228223
0.525742
0.587715
1.09145
0.597934
0.245858
0.907771
0.0578574
0.130798
1.02506
0.938704
0.807187
0.876897
0.951611
0.927431
0.211086
0.355863
0.506122
0.229524
1.3325
0.141076
0.410228
0.856834
0.963737
0.49055
0.357964
0.920611
0.61509
1.11633
1.06841
0.752732
0.0407572
0.677164
1.17323
1.09223
0.953896
1.3325
0.648719
0.118238
1.08443
0.145202
0.0190476
0.286101
1.17323
1.03979
0.9333
1.3325
0.189259
0.507486
0.0414296
1.17323
1.17323
0.620691
0.0139101
0.663671
0.403333
1.3325
0.45483
0.993763
0.667602
0.96058
1.3325
0.0514688
0.330769
0.221414
0.035331
1.17323
0.605741
0.938763
0.729704
0.378303
1.3325
0.290324
0.141652
1.3325
1.09608
0.888566
0.0857627
0.739443
0.834554
0.047569
0.0452863
0.424423
0.086471
0.801222
0.313936
0.784556
0.943762
0.849345
0.437157
0.00872651
0.415404
1.10641
1.17323
0.275424
0.799646
1.3325
0.406471
1.09957
0.721762
0.910186
0.730537
0.766939
1.10458
0.142568
1.06517
0.975228
0.854089
0.764193
1.17323
0.904847
0.31922
1.17323
0.0947042
0.547546
0.772429
0.460973
1.14253
1.0419
0.416571
0.710916
0.692936
1.18379
0.927575
0.881238
0.485064
0.182175
0.457872
0.83636
0.951322
1.3325
0.087021
1.3325
0.966346
1.17323
1.13053
1.3325
1.05365
0.967019
0.670275
0.562502
0.831604
0.595863
0.837279
0.786213
0.962673
1.3325
0.0293296
1.11148
1.04644
0.0343736
0.335091
0.89735
1.04482
0.465418
0.838732
0.491727
0.631743
0.986073
0.0737586
1.17323
0.725763
0.877311
1.11284
0.879867
0.300649
1.02911
0.167639
0.938719
1.03711
