0.0122258
0.1217
0.1217
0.1217
0.1217
0.1217
0.1217
0.0864757
0.1217
0.1217
0.1217
0.0827965
0.1217
0.1217
0.1217
0.1217
0.1217
0.1217
0.1217
0.1217
0.1217
0.1217
0.1217
0.1217
0.1217
0.1217
0.1217
0.1217
0.117415
0.1217
0.1217
0.1217
0.1217
0.1217
0.1217
0.1217
0.1217
0.1217
0.1217
0.1217
0.1217
0.1217
0.1217
0.1217
0.1217
0.1217
0.1217
0.1217
0.1217
0.0829616
0.1217
0.1217
0.1217
0.0116456
0.1217
0.1217
0.1217
0.101247
0.0855573
0.1217
0.1217
0.1217
0.1217
0.1217
0.1217
0.1217
0.1217
0.1217
0.1217
0.100629
0.0921665
0.1217
0.1217
0.1217
0.1217
0.0161683
0.1217
0.1217
0.1217
0.1217
0.1217
0.1217
0.1217
0.1217
0.1217
0.1217
0.1217
0.1217
0.1217
0.1217
0.1217
0.1217
0.1217
0.1217
0.1217
0.100637
0.1217
0.1217
0.1217
0.1217
0.1217
0.1217
0.1217
0.1217
0.1217
0.0657832
0.1217
0.1217
0.1217
0.1217
0.1217
0.1217
0.1217
0.1217
0.1217
0.1217
0.1217
0.1217
0.1217
0.1217
0.1217
0.1217
0.1217
0.1217
0.1217
0.1217
0.1217
0.1217
0.1217
0.1217
0.1217
0.1217
0.1217
0.1217
0.1217
0.1217
0.111888
0.1217
0.1217
0.0896095
0.1217
0.1217
0.1217
0.1217
0.1217
0.1217
0.1217
0.1217
0.1217
0.0341149
0.1217
0.1217
0.0177322
0.1217
0.1217
0.1217
0.109572
0.1217
0.1217
0.1217
0.1217
0.1217
0.1217
0.1217
0.1217
0.1217
0.1217
0.1217
0.1217
0.1217
0.1217
0.1217
0.1217
0.1217
0.1217
0.1217
0.1217
0.1217
0.1217
0.1217
0.1217
0.1217
0.1217
0.1217
0.1217
0.1217
0.115988
0.1217
0.1217
0.1217
0.1217
0.1217
0.1217
0.0837284
0.0294819
0.1217
0.103905
0.1217
0.1217
0.1217
0.1217
0.1217
0.0971942
0.0293205
0.1217
0.1217
0.1217
0.1217
0.1217
0.1217
0.1217
0.1217
0.0382353
0.1217
0.1217
0.1217
0.1217
0.1217
0.1217
0.1217
0.1217
0.1217
0.1217
0.1217
0.1217
0.1217
0.1217
0.1217
0.1217
0.1217
0.1217
0.104163
0.0317723
0.1217
0.1217
0.1217
0.1217
0.1217
0.1217
0.1217
0.1217
0.1217
0.0219288
0.102999
0.0176539
0.1217
0.1217
0.1217
0.1217
0.00404127
0.1217
0.1217
0.1217
0.1217
0.1217
0.1217
0.1217
0.1217
0.1217
0.1217
0.1217
0.1217
0.1217
0.1217
0.1217
0.1217
0.1217
0.0263002
0.1217
0.1217
0.1217
0.1217
0.1217
0.1217
0.0954994
0.1217
0.1217
0.1217
0.0852473
0.1217
0.1217
0.1217
0.1217
0.0856078
0.1217
0.1217
0.00461944
0.1217
0.0781962
0.1217
0.1217
0.1217
0.1217
0.1217
0.1217
0.0356811
0.1217
0.1217
0.1217
0.1217
0.1217
0.1217
0.1217
0.1217
0.1217
0.1217
0.1217
0.1217
0.000355097
0.1217
0.1217
0.1217
0.1217
0.1217
0.1217
0.1217
0.1217
0.1217
0.1217
0.1217
0.1217
0.1217
0.0922515
0.1217
0.0891235
0.1217
0.101945
0.1217
0.1217
0.1217
0.106674
0.1217
0.1217
0.0847517
0.0369185
0.1217
0.1217
0.1217
0.0855143
0.1217
0.1217
0.1217
0.1217
0.1217
0.0366413
0.1217
0.1217
0.1217
0.0909431
0.0192551
0.1217
0.1217
0.1217
0.1217
0.1217
0.1217
0.00600604
0.1217
0.00183072
0.0224782
0.1217
0.1217
0.1217
0.1217
0.034944
0.1217
0.1217
0.1217
0.1217
0.1217
0.1217
0.1217
0.1217
0.1217
0.1217
0.1217
0.1217
0.1217
0.1217
0.1217
0.1217
0.1217
0.1217
0.1217
0.1217
0.1217
0.1217
0.1217
0.1217
0.1217
0.1217
0.0139519
0.1217
0.1217
0.0359495
0.1217
0.1217
0.0272967
0.1217
0.0302125
0.1217
0.1217
0.1217
0.1217
0.00230527
0.1217
0.0828257
0.1217
0.1217
0.1217
0.1217
0.1217
0.1217
0.1217
0.00339528
0.1217
0.1217
0.1217
0.1217
0.1217
0.1217
0.1217
0.1217
0.1217
0.1217
0.1217
0.1217
0.1217
0.1217
0.0839525
0.1217
0.1217
0.1217
0.1217
0.1217
0.1217
0.1217
0.0127192
0.1217
0.1217
0.1217
0.1217
0.1217
0.1217
0.1217
0.0783047
0.1217
0.1217
0.1217
0.0683306
0.1217
0.1217
0.1217
0.1217
0.1217
0.1217
0.1217
0.1217
0.1217
0.1217
0.117059
0.1217
0.1217
0.0367047
0.1217
0.1217
0.1217
0.1217
0.1217
0.1217
0.1217
0.1217
0.1217
0.1217
0.1217
0.1217
0.1217
0.1217
0.0298914
0.1217
0.1217
0.1217
0.1217
0.1217
0.1217
0.1217
0.1217
0.1217
0.1217
0.1217
0.1217
0.1217
0.1217
0.1217
0.1217
0.1217
0.1217
0.1217
0.1217
0.1217
0.1217
0.1217
0.037988
0.1217
0.1217
0.1217
0.1217
0.1217
0.1217
0.1217
0.1217
0.1217
0.1217
0.1217
0.1217
0.1217
0.1217
0.1217
0.1217
0.1217
0.1217
0.1217
0.1217
0.1217
0.1217
0.1217
0.1217
0.1217
0.1217
0.1217
0.1217
0.1217
0.1217
0.1217
0.1217
0.1217
0.1217
0.0340885
0.1217
0.1217
0.0230356
0.0693438
0.1217
0.1217
0.1217
0.1217
0.1217
0.105146
0.1217
0.1217
0.109334
0.1217
0.1217
0.1217
0.1217
0.1217
0.1217
0.1217
0.0906745
0.1217
0.1217
0.118536
0.1217
0.1217
0.1217
0.1217
0.1217
0.1217
0.1217
0.1217
0.1217
0.1217
0.0754521
0.1217
0.000948027
0.0503121
0.1217
0.1217
0.1217
0.1217
0.1217
0.1217
0.0303501
0.1217
0.1217
0.1217
0.1217
0.0304059
0.1217
0.1217
0.1217
0.1217
0.1217
0.1217
0.1217
0.1217
0.1217
0.1217
0.1217
0.1217
0.1217
0.1217
0.1217
0.0202346
0.1217
0.1217
0.1217
0.0367344
0.1217
0.1217
0.1217
0.1217
0.1217
0.0373615
0.0217693
0.1217
0.1217
0.1217
0.1217
0.1217
0.1217
0.1217
0.00936411
0.1217
0.1217
0.1217
0.1217
0.1217
0.1217
0.1217
0.1217
0.1217
0.0898762
0.1217
0.1217
0.1217
0.1217
0.1217
0.1217
0.1217
0.1217
0.1217
0.1217
0.118536
0.1217
0.1217
0.1217
0.1217
0.1217
0.106314
0.1217
0.1217
0.1217
0.1217
0.0980871
0.0853471
0.111675
0.1217
0.1217
0.1217
0.033482
0.1217
0.1217
0.1217
0.1217
0.1217
0.0886246
0.1217
0.0480862
0.0385172
0.1217
0.1217
0.1217
0.1217
0.1217
0.1217
0.1217
0.1217
0.1217
0.1217
0.1217
0.1217
0.1217
0.1217
0.1217
0.1217
0.1217
0.1217
0.1217
0.1217
0.1217
0.106781
0.1217
0.0210292
0.0686426
0.1217
0.0284338
0.1217
0.1217
0.1217
0.1217
0.1217
0.1217
0.1217
0.1217
0.106491
0.1217
0.1217
0.1217
0.1217
0.1217
0.1217
0.1217
0.1217
0.1217
0.1217
0.1217
0.1217
0.1217
0.1217
0.1217
0.000566985
0.1217
0.0963979
0.1217
0.1217
0.1217
0.1217
0.1217
0.1217
0.1217
0.1217
0.1217
0.1217
0.1217
0.1217
0.1217
0.1217
0.1217
0.1217
0.1217
0.1217
0.1217
0.1217
0.1217
0.1217
0.0342418
0.108674
0.1217
0.1217
0.1217
0.1217
0.1217
0.1217
0.030404
0.1217
0.1217
0.1217
0.1217
0.1217
0.120247
0.1217
0.1217
0.1217
0.1217
0.0211663
0.1217
0.1217
0.0755693
0.1217
0.1217
0.114067
0.1217
0.1217
0.1217
0.1217
0.1217
0.1217
0.0107836
0.1217
0.1217
0.0277191
0.1217
0.1217
0.1217
0.1217
0.1217
0.1217
0.1217
0.1217
0.113678
0.115124
0.1217
0.1217
0.1217
0.1217
0.1217
0.1217
0.1217
0.1217
0.1217
0.1182
0.1217
0.1217
0.1217
0.1217
0.1217
0.1217
0.119797
0.1217
0.000121165
0.1217
0.1217
0.1217
0.1217
0.1217
0.1217
0.1217
0.1217
0.1217
0.1217
0.0853099
0.1217
0.1217
0.1217
0.1217
0.082603
0.0862807
0.1217
0.1217
0.0360793
0.1217
0.1217
0.1217
0.1217
0.1217
0.1217
0.1217
0.1217
0.1217
0.1217
0.1217
0.1217
0.1217
0.0906093
0.0271979
0.093939
0.1217
0.1217
0.1217
0.1217
0.1217
0.1217
0.1217
0.035795
0.1217
0.1217
0.1217
0.1217
0.1217
0.1217
0.0328588
0.00491392
0.1217
0.1217
0.1217
0.1217
0.1217
0.1217
0.1217
0.1217
0.1217
0.1217
0.1217
0.1217
0.1217
0.1217
0.1217
0.1217
0.1217
0.1217
0.1217
0.1217
0.1217
0.1217
0.1217
0.1217
0.1217
0.1217
0.1217
0.1217
0.1217
0.1217
0.1217
0.1217
0.1217
0.1217
0.1217
0.1217
0.1217
0.1217
0.1217
0.1217
0.1217
0.1217
0.1217
0.1217
0.1217
0.1217
0.00211913
0.1217
0.1217
0.1217
0.1217
0.1217
0.1217
0.1217
0.1217
0.1217
0.1217
0.1217
0.1217
0.101426
0.1217
0.00518546
0.1217
0.1217
0.1217
0.1217
0.0297207
0.1217
0.1217
0.1217
0.0285492
0.1217
0.1217
0.1217
0.1217
0.1217
0.108539
0.1217
0.1217
0.1217
0.1217
0.1217
0.1217
0.1217
0.1217
0.1217
0.113334
0.0387438
0.1217
0.1217
0.1217
0.1217
0.1217
0.1217
0.1217
0.1217
0.1217
0.1217
0.1217
0.1217
0.100696
0.1217
0.1217
0.1217
0.1217
0.1217
0.1217
0.1217
0.1217
0.1217
0.1217
0.1217
0.1217
0.1217
0.1217
0.1217
0.1217
0.1217
0.1217
0.1217
0.1217
0.1217
0.1217
0.1217
0.1217
0.1217
0.1217
0.1217
0.00398457
0.1217
0.1217
0.1217
0.1217
0.1217
0.1217
0.1217
0.1217
0.0317587
0.1217
0.1217
0.1217
0.1217
0.1217
0.1217
0.0873237
0.1217
0.1217
0.1217
0.1217
0.1217
0.1217
0.1217
0.1217
0.1217
0.1217
0.1217
0.1217
0.1217
0.1217
0.1217
0.0358058
0.1217
0.1217
0.1217
0.1217
0.1217
0.1217
0.088413
0.1217
0.1217
0.1217
0.097422
0.1217
0.1217
0.1217
0.0333241
0.1217
0.110879
0.1217
0.1217
0.1217
0.1217
0.1217
0.1217
0.1217
0.0352217
0.1217
0.1217
0.1217
0.1217
0.118356
0.1217
0.1217
0.1217
0.1217
0.1217
0.1217
0.1217
0.1217
0.1217
0.1217
0.1217
0.1217
0.1217
0.1217
0.1217
0.1217
0.1217
0.1217
0.1217
0.0389032
0.112176
0.1217
0.1217
0.1217
0.1217
0.1217
0.1217
0.1217
0.1217
0.00531897
0.0833537
0.1217
0.1217
0.1217
0.1217
0.1217
0.00168382
0.1217
0.1217
0.1217
0.1217
0.1217
0.1217
0.1217
0.1217
0.1217
0.1217
0.1217
0.1217
0.1217
0.1217
0.1217
0.0345789
0.1217
0.1217
0.0870579
0.1217
0.1217
0.1217
0.1217
0.1217
0.1217
0.1217
0.1217
0.1217
0.1217
0.1217
0.1217
0.1217
0.1217
0.1217
0.1217
0.1217
0.1217
0.1217
0.1217
0.1217
0.0120183
0.1217
0.1217
0.1217
0.1217
0.119891
0.1217
0.1217
0.1217
0.0937294
0.1217
0.1217
0.0351106
0.1217
0.1217
0.1217
0.1217
0.1217
0.00386881
0.1217
0.1217
0.1217
0.1217
0.1217
0.1217
0.00175898
0.1217
0.1217
0.1217
0.1217
0.1217
0.1217
0.1217
0.1217
0.1217
0.1217
0.1217
0.1217
0.1217
0.1217
0.1217
0.1217
0.1217
0.1217
0.1217
0.1217
0.000670961
0.1217
0.1217
0.0969002
0.1217
0.1217
0.1217
0.1217
0.1217
0.0993382
0.1217
0.1217
0.1217
0.0830324
0.1217
0.1217
0.1217
0.1217
0.1217
0.00645542
0.1217
0.1217
0.1217
0.1217
0.1217
0.1217
0.1217
0.1217
0.0258162
0.1217
0.0368547
0.1217
0.1217
0.1217
0.1217
0.1217
0.0907015
0.1217
0.1217
0.1217
0.1217
0.1217
0.0906494
0.1217
0.00354218
0.1217
0.1217
0.1217
0.1217
0.118959
0.1217
0.106658
0.1217
0.1217
0.1217
0.1217
0.1217
0.1217
0.103495
0.1217
0.1217
0.1217
0.1217
0.00142409
0.0610892
0.1217
0.1217
0.1217
0.0377666
0.1217
0.1217
0.1217
0.1217
0.108717
0.1217
0.036554
0.1217
0.1217
0.1217
0.1217
0.1217
0.00576678
0.1217
0.1217
0.1217
0.1217
0.0877818
0.1217
0.1217
0.1217
0.0142386
0.1217
0.1217
0.1217
0.1217
0.00170504
0.1217
0.1217
0.1217
0.1217
0.094088
0.1217
0.1217
0.1217
0.1217
0.1217
0.1217
0.1217
0.101839
0.1217
0.1217
0.1217
0.083484
0.1217
0.1217
0.1217
0.1217
0.1217
0.1217
0.1217
0.1217
0.1217
0.1217
0.108104
0.1217
0.1217
0.1217
0.1217
0.1217
0.1217
0.1217
0.1217
0.111117
0.1217
0.1217
0.1217
0.1217
0.1217
0.1217
0.113558
0.1217
0.0354224
0.00365647
0.1217
0.1217
0.1217
0.00993176
0.1217
0.1217
0.1217
0.1217
0.1217
0.1217
0.1217
0.1217
0.1217
0.1217
0.1217
0.1217
0.1217
0.0858046
0.1217
0.1217
0.1217
0.0174342
0.1217
0.1217
0.1217
0.1217
0.1217
0.107107
0.1217
0.1217
0.1217
0.1217
0.1217
0.1217
0.1217
0.1217
0.1217
0.1217
0.1217
0.1217
0.1217
0.1217
0.1217
0.0845016
0.1217
0.1217
0.1217
0.1217
0.1217
0.1217
0.1217
0.035842
0.1217
0.1217
0.1217
0.1217
0.0903151
0.1217
0.1217
0.1217
0.1217
0.1217
0.120554
0.1217
0.1217
0.1217
0.1217
0.1217
0.1217
0.1217
0.1217
0.0307791
0.1217
0.1217
0.1217
0.1217
0.1217
0.1217
0.00217492
0.1217
0.1217
0.1217
0.1217
0.1217
0.1217
0.1217
0.1217
0.1217
0.1217
0.1217
0.1217
0.1217
0.1217
0.1217
0.1217
0.0114493
0.1217
0.1217
0.1217
0.1217
0.1217
0.1217
0.1217
0.1217
0.1217
0.1217
0.1217
0.0150667
0.1217
0.1217
0.1217
0.1217
0.1217
0.1217
0.1217
0.1217
0.1217
0.1217
0.1217
0.1217
0.1217
0.0854618
0.1217
0.1217
0.1217
0.019123
0.1217
0.1217
0.1217
0.1217
0.1217
0.1217
0.1217
0.1217
0.1217
0.1217
0.1217
0.0282824
0.1217
0.1217
0.1217
0.1217
0.1217
0.1217
0.1217
0.1217
0.1217
0.1217
0.1217
0.1217
0.1217
0.1217
0.1217
0.1217
0.1217
0.1217
0.1217
0.1217
0.1217
0.1217
0.1217
0.1217
0.1217
0.106693
0.1217
0.1217
0.1217
0.0388112
0.1217
0.1217
0.1217
0.1217
0.1217
0.1217
0.1217
0.1217
0.1217
0.1217
0.1217
0.1217
0.1217
0.1217
0.1217
0.1217
0.1217
0.1217
0.1217
0.1217
0.1217
0.1217
0.1217
0.1217
0.1217
0.1217
0.1217
0.1217
0.0373647
0.1217
0.1217
0.1217
0.1217
0.1217
0.1217
0.1217
0.1217
0.1217
0.1217
0.1217
0.0129832
0.1217
0.1217
0.1217
0.1217
0.1217
0.1217
0.1217
0.1217
0.1217
0.1217
0.1217
0.1217
0.1217
0.1217
0.1217
0.1217
0.1217
0.115226
0.1217
0.1217
0.1217
0.0834225
0.1217
0.1217
0.1217
0.0355746
0.1217
0.1217
0.1217
0.1217
0.1217
0.1217
0.00110065
0.1217
0.1217
0.1217
0.1217
0.1217
0.1217
0.1217
0.1217
0.1217
0.1217
0.1217
0.0373423
0.1217
0.1217
0.1217
0.1217
0.1217
0.1217
0.1217
0.1217
0.1217
0.0229537
0.0865586
0.1217
0.0820899
0.1217
0.1217
0.1217
0.1217
0.1217
0.1217
0.1217
0.1217
0.1217
0.1217
0.022309
0.1217
0.1217
0.1217
0.1217
0.1217
0.1217
0.0293528
0.1217
0.1217
0.1217
0.0332478
0.1217
0.000745959
0.1217
0.1217
0.1217
0.1217
0.1217
0.1217
0.1217
0.1217
0.1217
0.1217
0.1217
0.1217
0.110366
0.1217
0.1217
0.1217
0.0475592
0.1217
0.1217
0.1217
0.1217
0.1217
0.1217
0.1217
0.1217
0.1217
0.1217
0.0946951
0.1217
0.1217
0.1217
0.1217
0.1217
0.1217
0.1217
0.1217
0.1217
0.0468294
0.1217
0.1217
0.1217
0.0251591
0.0900578
0.1217
0.1217
0.1217
0.1217
0.1217
0.1217
0.0191854
0.1217
0.1217
0.1217
0.1217
0.1217
0.10031
0.1217
0.1217
0.1217
0.1217
0.1217
0.1217
0.00407705
0.1217
0.1217
0.1217
0.1217
0.1217
0.1217
0.1217
0.1217
0.1217
0.1217
0.1217
0.1217
0.1217
0.1217
0.1217
0.1217
0.00839133
0.1217
0.1217
0.1217
0.1217
0.1217
0.1217
0.1217
0.1217
0.1217
0.1217
0.1217
0.1217
0.1217
0.1217
0.1217
0.1217
0.1217
0.1217
0.1217
0.0841358
0.1217
0.1217
0.1217
0.1217
0.1217
0.1217
0.1217
0.0358125
0.1217
0.1217
0.1217
0.1217
0.116559
0.1217
0.1217
0.1217
0.1217
0.1217
0.1217
0.1217
0.1217
0.1217
0.1217
0.1217
0.1217
0.1217
0.1217
0.1217
0.0190405
0.1217
0.1217
0.1217
0.1217
0.1217
0.1217
0.1217
0.1217
0.1217
0.1217
0.1217
0.1217
0.1217
0.1217
0.1217
0.1217
0.1217
0.1217
0.1217
0.1217
0.0848388
0.1217
0.1217
0.1217
0.1217
0.1217
0.1217
0.0781809
0.1217
0.1217
0.1217
0.119326
0.1217
0.1217
0.1217
0.103438
0.1217
0.1217
0.1217
0.1217
0.1217
0.1217
0.1217
0.1217
0.00583795
0.1217
0.1217
0.117982
0.1217
0.1217
0.1217
0.0324508
0.1217
0.1217
0.1217
0.1217
0.0327003
0.1217
0.1217
0.1217
0.1217
0.1217
0.1217
0.1217
0.1217
0.1217
0.1217
0.1217
0.1217
0.1217
0.1217
0.1217
0.1217
0.1217
0.1217
0.1217
0.1217
0.0198105
0.1217
0.1217
0.1217
0.1217
0.1217
0.1217
0.1217
0.1217
0.0331476
0.0669077
0.1217
0.1217
0.1217
0.1217
0.1217
0.1217
0.0307897
0.1217
0.0257777
0.1217
0.1217
0.0853885
0.1217
0.015633
0.1217
0.1217
0.1217
0.121281
0.1217
0.1217
0.1217
0.1217
0.1217
0.1217
0.1217
0.1217
0.1217
0.1217
0.1217
0.1217
0.1217
0.1217
0.1217
0.1217
0.1217
0.1217
0.1217
0.1217
0.1217
0.0313548
0.1217
0.1217
0.1217
0.1217
0.1217
0.1217
0.1217
0.0880715
0.1217
0.1217
0.1217
0.114756
0.1217
0.1217
0.1217
0.0848921
0.1217
0.1217
0.0359089
0.1217
0.00996003
0.1217
0.028812
0.1217
0.1217
0.1217
0.1217
0.1217
0.1217
0.1217
0.00777836
0.1217
0.1217
0.1217
0.1217
0.100744
0.1217
0.1217
0.0805435
0.103485
0.1217
0.1217
0.1217
0.1217
0.1217
0.1217
0.1217
0.1217
0.1217
0.1217
0.1217
0.1217
0.1217
0.1217
0.1217
0.1217
0.1217
0.1217
0.1217
0.105959
0.1217
0.1217
0.1217
0.00944686
0.1217
0.1217
0.1217
0.1217
0.1217
0.1217
0.1217
0.1217
0.0272512
0.1217
0.00751188
0.1217
0.1217
0.1217
0.1217
0.0982973
0.1217
0.1217
0.1217
0.1217
0.1217
0.1217
0.1217
0.1217
0.1217
0.1217
0.1217
0.0299813
0.1217
0.1217
0.030331
0.1217
0.1217
0.1217
0.0098069
0.1217
0.1217
0.1217
0.1217
0.0163067
0.1217
0.1217
0.1217
0.1217
0.0162258
0.1217
0.1217
0.1217
0.1217
0.1217
0.1217
0.0110472
0.1217
0.1217
0.1217
0.00247161
0.1217
0.1217
0.1217
0.1217
0.1217
0.1217
0.1217
0.1217
0.1217
0.1217
0.1217
0.1217
0.1217
0.1217
0.1217
0.1217
0.1217
0.1217
0.1217
0.1217
0.0218255
0.0200967
0.1217
0.1217
0.1217
0.1217
0.1217
0.1217
0.1217
0.101694
0.1217
0.1217
0.1217
0.1217
0.1217
0.1217
0.1217
0.1217
0.0119081
0.0830082
0.1217
0.1217
0.1217
0.0885616
0.1217
0.1217
0.1217
0.1217
0.1217
0.1217
0.1217
0.1217
0.1217
0.1217
0.1217
0.1217
0.1217
0.1217
0.1217
0.1217
0.1217
0.1217
0.1217
0.1217
0.1217
0.1217
0.0840412
0.0945092
0.1217
0.1217
0.0911664
0.00667631
0.1217
0.1217
0.00354918
0.1217
0.1217
0.1217
0.108382
0.1217
0.1217
0.1217
0.1217
0.1217
0.1217
0.0306403
0.1217
0.1217
0.1217
0.1217
0.1217
0.1217
0.1217
0.1217
0.1217
0.1217
0.1217
0.1217
0.0323111
0.1217
0.1217
0.104282
0.036305
0.1217
0.00398709
0.0282662
0.1217
0.0363749
0.1217
0.1217
0.1217
0.1217
0.1217
0.1217
0.0127129
0.1217
0.1217
0.1217
0.1217
0.1217
0.1217
0.0941043
0.1217
0.1217
0.1217
0.1217
0.1217
0.1217
0.1217
0.1217
0.115611
0.1217
0.1217
0.1217
0.1217
0.1217
0.1217
0.1217
0.1217
0.00642251
0.1217
0.1217
0.1217
0.1217
0.1217
0.1217
0.1217
0.1217
0.101183
0.1217
0.1217
0.1217
0.1217
0.1217
0.1217
0.1217
0.0664021
0.1217
0.0372532
0.1217
0.1217
0.1217
0.1217
0.1217
0.1217
0.1217
0.00746952
0.1217
0.00853069
0.0901717
0.1217
0.1217
0.1217
0.1217
0.1217
0.1217
0.1217
0.1217
0.1217
0.1217
0.1217
0.1217
0.1217
0.1217
0.1217
0.1217
0.1217
0.1217
0.1217
0.1217
0.1217
0.1217
0.1217
0.1217
0.1217
0.1217
0.1217
0.1217
0.1217
0.1217
0.1217
0.1217
0.109559
0.115445
0.1217
0.1217
0.1217
0.1217
0.0337971
0.1217
0.1217
0.1217
0.1217
0.1217
0.1217
0.1217
0.1217
0.1217
0.1217
0.1217
0.1217
0.1217
0.1217
0.1217
0.0384244
0.1217
0.1217
0.0282397
0.1217
0.1217
0.1217
0.1217
0.1217
0.1217
0.1217
0.0282237
0.1217
0.1217
0.1217
0.1217
0.1217
0.1217
0.1217
0.1217
0.0488202
0.1217
0.1217
0.1217
0.1217
0.0858827
0.1217
0.1217
0.1217
0.0123521
0.121036
0.1217
0.1217
0.1217
0.1217
0.1217
0.1217
0.1217
0.1217
0.1217
0.1217
0.1217
0.1217
0.1217
0.1217
0.1217
0.0442029
0.1217
0.1217
0.1217
0.1217
0.1217
0.1217
0.1217
0.1217
0.1217
0.1217
0.1217
0.1217
0.1217
0.1217
0.1217
0.1217
0.1217
0.1217
0.1217
0.1217
0.1217
0.1217
0.1217
0.1217
0.1217
0.1217
0.1217
0.0313266
0.116161
0.1217
0.1217
0.1217
0.1217
0.1217
0.1217
0.1217
0.1217
0.1217
0.1217
0.1217
0.1217
0.0368805
0.1217
0.1217
0.1217
0.1217
0.1217
0.1217
0.1217
0.1217
0.119161
0.1217
0.1217
0.1217
0.0824404
0.1217
0.1217
0.1217
0.1217
0.1217
0.1217
0.00501206
0.1217
0.1217
0.1217
0.1217
0.0914188
0.1217
0.1217
0.1217
0.1217
0.1217
0.1217
0.0883325
0.1217
0.1217
0.1217
0.1217
0.0366815
0.1217
0.1217
0.1217
0.1217
0.1217
0.1217
0.0325802
0.0326591
0.1217
0.1217
0.1217
0.1217
0.1217
0.1217
0.1217
0.1217
0.1217
0.1217
0.1217
0.1217
0.1217
0.1217
0.115446
0.1217
0.1217
0.1217
0.1217
0.0378882
0.00688981
0.1217
0.1217
0.1217
0.1217
0.1217
0.1217
0.1217
0.1217
0.0215863
0.1217
0.1217
0.089212
0.111701
0.035924
0.1217
0.1217
0.1217
0.1217
0.1217
0.1217
0.1217
0.1217
0.1217
0.1217
0.1217
0.1217
0.1217
0.1217
0.104449
0.1217
0.1217
0.1217
0.0825781
0.1217
0.1217
0.1217
0.1217
0.1217
0.1217
0.1217
0.0325638
0.100581
0.1217
0.1217
0.1217
0.1217
0.1217
0.1217
0.0889547
0.1217
0.1217
0.1217
0.0886249
0.1217
0.1217
0.1217
0.1217
0.1217
0.1217
0.1217
0.1217
0.1217
0.1217
0.0960698
0.1217
0.1217
0.1217
0.1217
0.1217
0.0350147
0.0153523
0.1217
0.1217
0.1217
0.1217
0.1217
0.1217
0.1217
0.1217
0.00891624
0.1217
0.10876
0.1217
0.1217
0.1217
0.1217
0.1217
0.1217
0.1217
0.1217
0.1217
0.1217
0.1217
0.1217
0.1217
0.1217
0.1217
0.1217
0.1217
0.1217
0.1217
0.1217
0.1217
0.1217
0.0343681
0.1217
0.1217
0.1217
0.1217
0.1217
0.1217
0.1217
0.1217
0.1217
0.102914
0.1217
0.0346351
0.1217
0.1217
0.1217
0.1217
0.1217
0.1217
0.1217
0.1217
0.1217
0.1217
0.1217
0.1217
0.1217
0.1217
0.0316674
0.1217
0.1217
0.1217
0.1217
0.1217
0.1217
0.00260606
0.1217
0.1217
0.1217
0.1217
0.1217
0.1217
0.1217
0.1217
0.1217
0.034396
0.1217
0.1217
0.1217
0.1217
0.1217
0.103652
0.1217
0.1217
0.1217
0.108543
0.1217
0.0560996
0.1217
0.1217
0.1217
0.1217
0.1217
0.1217
0.1217
0.1217
0.0130244
0.1217
0.1217
0.1217
0.1217
0.1217
0.1217
0.1217
0.1217
0.1217
0.1217
0.1217
0.1217
0.1217
0.1217
0.1217
0.1217
0.1217
0.1217
0.1217
0.1217
0.000921447
0.1217
0.1217
0.1217
0.1217
0.1217
0.1217
0.1217
0.1217
0.1217
0.1217
0.1217
0.1217
0.1217
0.1217
0.1217
0.1217
0.1217
0.1217
0.0114304
0.1217
0.1217
0.1217
0.1217
0.00155695
0.1217
0.1217
0.1217
0.1217
0.1217
0.0824701
0.1217
0.1217
0.0865875
0.1217
0.1217
0.1217
0.1217
0.1217
0.1217
0.0433065
0.1217
0.1217
0.1217
0.1217
0.0164539
0.1217
0.1217
0.1217
0.1217
0.1217
0.1217
0.1217
0.1217
0.1217
0.0489723
0.1217
0.1217
0.1217
0.1217
0.1217
0.1217
0.1217
0.0349573
0.1217
0.1217
0.1217
0.1217
0.1217
0.1217
0.1217
0.096374
0.1217
0.1217
0.1217
0.1217
0.0296927
0.1217
0.1217
0.1217
0.1217
0.036743
0.1217
0.1217
0.1217
0.1217
0.1217
0.1217
0.0217274
0.0951607
0.1217
0.1217
0.1217
0.1217
0.1217
0.1217
0.1217
0.1217
0.1217
0.1217
0.1217
0.1217
0.1217
0.1217
0.1217
0.1217
0.1217
0.1217
0.1217
0.1217
0.1217
0.1217
0.1217
0.0715901
0.1217
0.1217
0.1217
0.1217
0.1217
0.1217
0.1217
0.1217
0.1217
0.1217
0.1217
0.1217
0.1217
0.1217
0.1217
0.1217
0.1217
0.1217
0.1217
0.1217
0.1217
0.1217
0.1217
0.1217
0.1217
0.1217
0.0194249
0.0311
0.1217
0.089708
0.1217
0.1217
0.1217
0.1217
0.1217
0.1217
0.1217
0.1217
0.1217
0.1217
0.1217
0.1217
0.1217
0.1217
0.1217
0.1217
0.1217
0.1217
0.1217
0.1217
0.1217
0.1217
0.1217
0.1217
0.1217
0.1217
0.0104404
0.1217
0.1217
0.1217
0.1217
0.1217
0.1217
0.1217
0.1217
0.1217
0.1217
0.1217
0.1217
0.1217
0.1217
0.1217
0.1217
0.1217
0.1217
0.1217
0.1217
0.1217
0.0849034
0.1217
0.1217
0.1217
0.1217
0.1217
0.0347213
0.1217
0.1217
0.1217
0.0865187
0.1217
0.1217
0.1217
0.1217
0.1217
0.1217
0.1217
0.1217
0.1217
0.00104861
0.1217
0.1217
0.109034
0.1217
0.1217
0.1217
0.1217
0.1217
0.1217
0.1217
0.0417464
0.1217
0.1217
0.1217
0.1217
0.1217
0.1217
0.00895268
0.1217
0.1217
0.1217
0.1217
0.00989462
0.1217
0.1217
0.1217
0.1217
0.1217
0.1127
0.1217
0.1217
0.1217
0.1217
0.1217
0.1217
0.1217
0.1217
0.1217
0.1217
0.1217
0.1217
0.1217
0.1217
0.1217
0.0391998
0.1217
0.1217
0.1217
0.1217
0.1217
0.1217
0.1217
0.1217
0.1217
0.1217
0.1217
0.1217
0.1217
0.1217
0.1217
0.1217
0.117742
0.1217
0.1217
0.103561
0.1217
0.1217
0.1217
0.1217
0.1217
0.1217
0.1217
0.1217
0.1217
0.1217
0.1217
0.1217
0.1217
0.1217
0.1217
0.1217
0.00559032
0.00123949
0.1217
0.1217
0.00520849
0.1217
0.1217
0.1217
0.1217
0.1217
0.1217
0.1217
0.1217
0.1217
0.108744
0.1217
0.1217
0.1217
0.1217
0.1217
0.1217
0.0353368
0.1217
0.1217
0.1217
0.1217
0.1217
0.101537
0.0841736
0.0361939
0.1217
0.1217
0.1217
0.1217
0.0459955
0.1217
0.1217
0.1217
0.1217
0.1217
0.1217
0.1217
0.1217
0.1217
0.1217
0.0989214
0.00822442
0.1217
0.0826123
0.1217
0.1217
0.1217
0.1217
0.1217
0.1217
0.1217
0.1217
0.1217
0.117542
0.0352464
0.1217
0.1217
0.1217
0.1217
0.0926942
0.1217
0.1217
0.0831522
0.00202252
0.1217
0.1217
0.1217
0.1217
0.1217
0.1217
0.1217
0.1217
0.1217
0.00174612
0.1217
0.1217
0.1217
0.1217
0.1217
0.00704029
0.1217
0.1217
0.1217
0.1217
0.1217
0.1217
0.1217
0.1217
0.1217
0.0936536
0.1217
0.1217
0.1217
0.1217
0.1217
0.1217
0.1217
0.0877871
0.11072
0.1217
0.1217
0.1217
0.1217
0.1217
0.1217
0.1217
0.1217
0.0168425
0.1217
0.1217
0.1217
0.1217
0.095621
0.0859453
0.1217
0.0995471
0.1217
0.0317794
0.1217
0.1217
0.1217
0.1217
0.1217
0.1217
0.1217
0.1217
0.1217
0.1217
0.1217
0.1217
0.1217
0.0337108
0.1217
0.1217
0.1217
0.1217
0.1217
0.1217
0.1217
0.0982764
0.1217
0.1217
0.0350681
0.1217
0.1217
0.1217
0.1217
0.109843
0.1217
0.1217
0.0920895
0.1217
0.0874208
0.1217
0.027249
0.1217
0.1217
0.1217
0.1217
0.1217
0.1217
0.1217
0.111856
0.1217
0.1217
0.1217
0.1217
0.1217
0.00738038
0.1217
0.1217
0.1217
0.1217
0.1217
0.1217
0.1217
0.1217
0.1217
0.022698
0.1217
0.1217
0.1217
0.1217
0.1217
0.1217
0.0106023
0.105741
0.0832637
0.1217
0.1217
0.1217
0.1217
0.1217
0.1217
0.1217
0.0904587
0.1217
0.1217
0.1217
0.1217
0.1217
0.1217
0.1217
0.1217
0.1217
0.030561
0.1217
0.1217
0.1217
0.1217
0.1217
0.1217
0.1217
0.1217
0.0127623
0.1217
0.1217
0.1217
0.1217
0.1217
0.1217
0.1217
0.1217
0.1217
0.1217
0.1217
0.0115522
0.1217
0.1217
0.0891932
0.1217
0.1217
0.1217
0.03866
0.1217
0.0214569
0.1217
0.1217
0.1217
0.1217
0.1217
0.1217
0.1217
0.1217
0.1217
0.1217
0.1217
0.1217
0.1217
0.1217
0.1217
0.1217
0.1217
0.1217
0.1217
0.1217
0.1217
0.1217
0.1217
0.1217
0.118602
0.1217
0.1217
0.1217
0.1217
0.1217
0.1217
0.1217
0.1217
0.1217
0.1217
0.1217
0.1217
0.1217
0.1217
0.0287369
0.1217
0.1217
0.1217
0.1217
0.1217
0.1217
0.0710682
0.1217
0.1217
0.0945805
0.1217
0.0938032
0.1217
0.1217
0.1217
0.1217
0.1217
0.1217
0.1217
0.00134021
0.1217
0.1217
0.1217
0.1217
0.1217
0.1217
0.1217
0.1217
0.1217
0.1217
0.0925696
0.1217
0.1217
0.1217
0.0297467
0.1217
0.1217
0.1217
0.1217
0.1217
0.1217
0.1217
0.1217
0.1217
0.1217
0.0947604
0.1217
0.1217
0.1217
0.1217
0.1217
0.0300369
0.1217
0.101086
0.1217
0.0352511
0.1217
0.0383904
0.1217
0.1217
0.1217
0.1217
0.1217
0.1217
0.1217
0.1217
0.1217
0.1217
0.1217
0.1217
0.1217
0.1217
0.1217
0.1217
0.1217
0.113174
0.1217
0.1217
0.1217
0.1217
0.1217
0.1217
0.1217
0.1217
0.1217
0.1217
0.1217
0.1217
0.00674535
0.1217
0.1217
0.1217
0.1217
0.1217
0.1217
0.1217
0.1217
0.1217
0.1217
0.1217
0.1217
0.1217
0.0284964
0.1217
0.1217
0.1217
0.1217
0.1217
0.1217
0.1217
0.1217
0.1217
0.1217
0.1217
0.1217
0.1217
0.1217
0.1217
0.1217
0.1217
0.1217
0.1217
0.0978767
0.1217
0.0259807
0.1217
0.1217
0.1217
0.1217
0.1217
0.1217
0.1217
0.1217
0.1217
0.1217
0.1217
0.1217
0.1217
0.1217
0.0334754
0.1217
0.0194635
0.1217
0.1217
0.1217
0.1217
0.1217
0.1217
0.1217
0.1217
0.1217
0.0826328
0.1217
0.1217
0.1217
0.1217
0.119226
0.1217
0.1217
0.0787711
0.0809413
0.104075
0.0885062
0.0131654
0.105834
0.0392358
0.0352821
0.1217
0.1217
0.1217
0.1217
0.1217
0.1217
0.1217
0.1217
0.1217
0.1217
0.1217
0.0836882
0.1217
0.1217
0.1217
0.1217
0.1217
0.0323423
0.1217
0.1217
0.1217
0.1217
0.1217
0.1217
0.1217
0.1217
0.1217
0.1217
0.1217
0.1217
0.1217
0.0826708
0.1217
0.1217
0.1217
0.1217
0.1217
0.1217
0.1217
0.1217
0.1217
0.1217
0.101423
0.0847615
0.0369661
0.1217
0.1217
0.1217
0.1217
0.1217
0.1217
0.1217
0.0866996
0.1217
0.1217
0.1217
0.1217
0.1217
0.1217
0.1217
0.1217
0.1217
0.1217
0.1217
0.1217
0.1217
0.1217
0.1217
0.1217
0.1217
0.1217
0.1217
0.1217
0.1217
0.1217
0.1217
0.1217
0.1217
0.0270866
0.1217
0.1217
0.112949
0.1217
0.1217
0.1217
0.1217
0.1217
0.1217
0.1217
0.1217
0.1217
0.1217
0.1217
0.1217
0.0128851
0.031302
0.1217
0.1217
0.1217
0.1217
0.1217
0.1217
0.1217
0.1217
0.1217
0.1217
0.1217
0.1217
0.1217
0.1217
0.1217
0.1217
0.1217
0.1217
0.1217
0.1217
0.0385337
0.1217
0.1217
0.1217
0.1217
0.1217
0.1217
0.1217
0.1217
0.1217
0.0982872
0.1217
0.1217
0.1217
0.1217
0.1217
0.1217
0.1217
0.00641716
0.1217
0.1217
0.1217
0.1217
0.1217
0.1217
0.1217
0.1217
0.1217
0.1217
0.0223931
0.1217
0.00636876
0.1217
0.0462257
0.1217
0.1217
0.1217
0.1217
0.1217
0.1217
0.1217
0.1217
0.1217
0.1217
0.1217
0.1217
0.1217
0.1217
0.0305648
0.1217
0.1217
0.1217
0.0125655
0.1217
0.1217
0.1217
0.1217
0.1217
0.1217
0.1217
0.1217
0.1217
0.1217
0.0421073
0.1217
0.1217
0.0363676
0.1217
0.1217
0.1217
0.1217
0.1217
0.1217
0.1217
0.1217
0.1217
0.1217
0.1217
0.1217
0.1217
0.1217
0.1217
0.1217
0.1217
0.0338389
0.1217
0.1217
0.1217
0.00160503
0.1217
0.1217
0.0972579
0.0366992
0.1217
0.1217
0.1217
0.1217
0.1217
0.1217
0.0364057
0.1217
0.1217
0.1217
0.1217
0.1217
0.1217
0.1217
0.1217
0.1217
0.1217
0.1217
0.1217
0.1217
0.1217
0.1217
0.118438
0.1217
0.1217
0.1217
0.1217
0.1217
0.1217
0.1217
0.1217
0.1217
0.1217
0.1217
0.1217
0.1217
0.1217
0.1217
0.1217
0.1217
0.1217
0.1217
0.1217
0.1217
0.1217
0.1217
0.1217
0.1217
0.097675
0.1217
0.1217
0.1217
0.1217
0.1217
0.1217
0.1217
0.1217
0.1217
0.1217
0.108118
0.1217
0.1217
0.1217
0.1217
0.1217
0.1217
0.1217
0.1217
0.1217
0.1217
0.1217
0.1217
0.1217
0.1217
0.1217
0.1217
0.1217
0.1217
0.1217
0.1217
0.1217
0.1217
0.1217
0.1217
0.1217
0.1217
0.1217
0.1217
0.0845229
0.1217
0.1217
0.0834478
0.1217
0.1217
0.1217
0.1217
0.1217
0.1217
0.1217
0.1217
0.1217
0.1217
0.1217
0.1217
0.1217
0.1217
0.1217
0.1217
0.1217
0.1217
0.1217
0.1217
0.0865213
0.1217
0.1217
0.1217
0.1217
0.1217
0.1217
0.1217
0.1217
0.1217
0.1217
0.1217
0.1217
0.1217
0.1217
0.1217
0.1217
0.1217
0.1217
0.1217
0.1217
0.079478
0.1217
0.1217
0.1217
0.1217
0.1217
0.1217
0.1217
0.1217
0.1217
0.1217
0.0832137
0.1217
0.1217
0.1217
0.1217
0.1217
0.0989147
0.1217
0.1217
0.00326215
0.1217
0.1217
0.0155301
0.1217
0.1217
0.1217
0.10028
0.1217
0.1217
0.1217
0.00799409
0.1217
0.1217
0.1217
0.0370486
0.0028782
0.1217
0.1217
0.1217
0.1217
0.1217
0.1217
0.1217
0.1217
0.1217
0.0295406
0.1217
0.1217
0.1217
0.1217
0.0391601
0.1217
0.1217
0.1217
0.1217
0.1217
0.1217
0.1217
0.1217
0.1217
0.1217
0.1217
0.1217
0.1217
0.1217
0.1217
0.1217
0.1217
0.1217
0.1217
0.1217
0.1217
0.1217
0.119479
0.1217
0.1217
0.1217
0.1217
0.1217
0.1217
0.010707
0.1217
0.1217
0.1217
0.1217
0.1217
0.1217
0.1217
0.1217
0.1217
0.1217
0.1217
0.0881425
0.1217
0.1217
0.1217
0.1217
0.1217
0.1217
0.1217
0.1217
0.0125696
0.1217
0.1217
0.1217
0.0943445
0.1217
0.1217
0.1217
0.1217
0.1217
0.1217
0.1217
0.1217
0.1217
0.1217
0.1217
0.1217
0.1217
0.1217
0.1217
0.1217
0.1217
0.106125
0.1217
0.1217
0.119822
0.1217
0.121223
0.0186323
0.1217
0.100479
0.1217
0.1217
0.1217
0.1217
0.1217
0.1217
0.1217
0.1217
0.1217
0.1217
0.1217
0.1217
0.1217
0.1217
0.1217
0.1217
0.1217
0.1217
0.1217
0.00206172
0.1217
0.1217
0.1217
0.1217
0.1217
0.1217
0.1217
0.1217
0.1217
0.1217
0.1217
0.1217
0.1217
0.1217
0.1217
0.1217
0.1217
0.1217
0.1217
0.1217
0.1217
0.1217
0.1217
0.1217
0.1217
0.0935768
0.0826319
0.1217
0.1217
0.1217
0.1217
0.1217
0.1217
0.1217
0.1217
0.1217
0.1217
0.1217
0.1217
0.1217
0.0129086
0.00260166
0.1217
0.1217
0.1217
0.1217
0.1217
0.1217
0.1217
0.1217
0.1217
0.0354573
0.105863
0.1217
0.1217
0.1217
0.0385427
0.1217
0.1217
0.00803795
0.1217
0.1217
0.1217
0.1217
0.1217
0.1217
0.1217
0.1217
0.1217
0.1217
0.1217
0.1217
0.1217
0.1217
0.1217
0.1217
0.1217
0.00272879
0.1217
0.1217
0.0929788
0.111132
0.1217
0.1217
0.1217
0.1217
0.1217
0.1217
0.1217
0.1217
0.0910879
0.1217
0.1217
0.10068
0.1217
0.1217
0.1217
0.1217
0.1217
0.1217
0.1217
0.1217
0.1217
0.1217
0.1217
0.1217
0.1217
0.1217
0.0365793
0.1217
0.1217
0.1217
0.1217
0.1217
0.1217
0.1217
0.1217
0.1217
0.1217
0.1217
0.1217
0.1217
0.0899702
0.103752
0.1217
0.1217
0.1217
0.0237466
0.1217
0.1217
0.1217
0.1217
0.1217
0.1217
0.1217
0.1217
0.1217
0.1217
0.1217
0.1217
0.1217
0.1217
0.1217
0.1217
0.1217
0.1217
0.1217
0.1217
0.1217
0.1217
0.0862907
0.1217
0.1217
0.1217
0.1217
0.1217
0.1217
0.1217
0.1217
0.1217
0.1217
0.1217
0.1217
0.1217
0.1217
0.0328388
0.1217
0.1217
0.107804
0.1217
0.1217
0.1217
0.1217
0.1217
0.1217
0.1217
0.1217
0.1217
0.1217
0.1217
0.1217
0.1217
0.1217
0.0878881
0.1217
0.1217
0.1217
0.1217
0.1217
0.1217
0.1217
0.1217
0.1217
0.1217
0.1217
0.1217
0.1217
0.1217
0.1217
0.1217
0.0894243
0.1217
0.1217
0.0325497
0.1217
0.1217
0.097736
0.1217
0.1217
0.1217
0.1217
0.1217
0.0304841
0.1217
0.1217
0.1217
0.1217
0.0387875
0.026647
0.1217
0.1217
0.1217
0.1217
0.1217
0.1217
0.1217
0.1217
0.1217
0.1217
0.1217
0.1217
0.100967
0.1217
0.1217
0.1217
0.1217
0.1217
0.1217
0.1217
0.1217
0.1217
0.1217
0.111888
0.1217
0.030281
0.104544
0.1217
0.10563
0.1217
0.1217
0.1217
0.1217
0.1217
0.0364008
0.1217
0.038318
0.00244574
0.1217
0.1217
0.1217
0.1217
0.1217
0.1217
0.1217
0.1217
0.1217
0.1217
0.1217
0.1217
0.1217
0.1217
0.1217
0.1217
0.1217
0.0382163
0.1217
0.1217
0.1217
0.1217
0.1217
0.1217
0.1217
0.1217
0.1217
0.1217
0.1217
0.1217
0.1217
0.1217
0.1217
0.1217
0.1217
0.1217
0.1217
0.1217
0.1217
0.0864027
0.0218921
0.1217
0.1217
0.1217
0.1217
0.1217
0.1217
0.1217
0.1217
0.1217
0.1217
0.1217
0.1217
0.1217
0.1217
0.1217
0.1217
0.1217
0.1217
0.1217
0.1217
0.1217
0.1217
0.1217
0.1217
0.1217
0.1217
0.1217
0.1217
0.1217
0.1217
0.1217
0.0212429
0.1217
0.1217
0.1217
0.1217
0.1217
0.1217
0.1217
0.1217
0.1217
0.10501
0.1217
0.1217
0.1217
0.0380961
0.1217
0.1217
0.1217
0.115851
0.0871351
0.1217
0.1217
0.1217
0.1217
0.00171245
0.1217
0.0848394
0.11424
0.1217
0.1217
0.1217
0.1217
0.1217
0.1217
0.0825662
0.1217
0.1217
0.1217
0.1217
0.1217
0.1217
0.1217
0.1217
0.1217
0.1217
0.1217
0.1217
0.118632
0.1217
0.1217
0.1217
0.1217
0.0346337
0.1217
0.1217
0.1217
0.1217
0.0918072
0.1217
0.1217
0.0329362
0.1217
0.1217
0.1217
0.1217
0.1217
0.0872158
0.1217
0.1217
0.101396
0.1217
0.087323
0.0961378
0.1217
0.1217
0.1217
0.1217
0.1217
0.1217
0.1217
0.0672746
0.1217
0.0873005
0.1217
0.1217
0.1217
0.1217
0.1217
0.1217
0.1217
0.1217
0.1217
0.1217
0.1217
0.1217
0.1217
0.121011
0.1217
0.1217
0.1217
0.1217
0.1217
0.0459699
0.1217
0.1217
0.1217
0.100435
0.1217
0.1217
0.0982617
0.1217
0.1217
0.0993418
0.1217
0.105588
0.1217
0.1217
0.1217
0.1217
0.1217
0.1217
0.1217
0.1217
0.1217
0.1217
0.1217
0.1217
0.1217
0.1217
0.1217
0.1217
0.1217
0.1217
0.00578079
0.1217
0.1217
0.1217
0.1217
0.1217
0.1217
0.1217
0.1217
0.1217
0.1217
0.1217
0.1217
0.1217
0.1217
0.0358805
0.1217
0.1217
0.0912028
0.1217
0.1217
0.1217
0.1217
0.1217
0.1217
0.1217
0.1217
0.1217
0.1217
0.1217
0.1217
0.1217
0.1217
0.1217
0.1217
0.1217
0.1217
0.1217
0.1217
0.1217
0.1217
0.1217
0.1217
0.1217
0.0287457
0.1217
0.1217
0.1217
0.1217
0.0325036
0.1217
0.1217
0.1217
0.1217
0.1217
0.1217
0.1217
0.0846341
0.1217
0.1217
0.1217
0.1217
0.1217
0.1217
0.1217
0.1217
0.1217
0.1217
0.1217
0.1217
0.1217
0.1217
0.1217
0.1217
0.1217
0.1217
0.1217
0.1217
0.1217
0.1217
0.1217
0.1217
0.1217
0.1217
0.0378146
0.1217
0.1217
0.1217
0.1217
0.1217
0.0027679
0.113474
0.1217
0.1217
0.1217
0.1217
0.1217
0.1217
0.1217
0.1217
0.1217
0.0735576
0.1217
0.1217
0.1217
0.1217
0.1217
0.1217
0.1217
0.1217
0.1217
0.100243
0.1217
0.1217
0.026274
0.1217
0.1217
0.1217
0.1217
0.1217
0.1217
0.1217
0.1217
0.1217
0.1217
0.1217
0.1217
0.1217
0.1217
0.0869757
0.1217
0.1217
0.1217
0.1217
0.0285112
0.0194223
0.1217
0.1217
0.1217
0.1217
0.1217
0.1217
0.1217
0.1217
0.0149428
0.1217
0.1217
0.1217
0.1217
0.1217
0.0822137
0.1217
0.1217
0.1217
0.0960537
0.1217
0.1217
0.1217
0.1217
0.1217
0.0333521
0.1217
0.1217
0.1217
0.1217
0.1217
0.1217
0.1217
0.1217
0.1217
0.1217
0.1217
0.1217
0.1217
0.1217
0.1217
0.1217
0.1217
0.1217
0.1217
0.1217
0.1217
0.0118807
0.1217
0.1217
0.1217
0.00537201
0.1217
0.1217
0.1217
0.1217
0.084238
0.1217
0.0379737
0.1217
0.1217
0.1217
0.1217
0.0402787
0.108657
0.1217
0.0332958
0.10218
0.1217
0.1217
0.1217
0.1217
0.1217
0.1217
0.1217
0.1217
0.0856309
0.1217
0.1217
0.1217
0.0344868
0.1217
0.1217
0.0411324
0.1217
0.00491961
0.1217
0.1217
0.1217
0.1217
0.1217
0.1217
0.1217
0.1217
0.1217
0.1217
0.1217
0.1217
0.1217
0.1217
0.1217
0.1217
0.1217
0.1217
0.1217
0.1217
0.1217
0.1217
0.1217
0.1217
0.1217
0.1217
0.1217
0.1217
0.1217
0.1217
0.1217
0.1217
0.1217
0.1217
0.1217
0.1217
0.1217
0.1217
0.1217
0.0833442
0.1217
0.1217
0.1217
0.1217
0.1217
0.1217
0.037994
0.1217
0.1217
0.1217
0.1217
0.1217
0.1217
0.1217
0.1217
0.1217
0.1217
0.1217
0.1217
0.1217
0.1217
0.1217
0.0389768
0.1217
0.1217
0.1217
0.1217
0.1217
0.1217
0.1217
0.1217
0.1217
0.116697
0.1217
0.1217
0.000619854
0.1217
0.1217
0.1217
0.1217
0.1217
0.1217
0.1217
0.0159538
0.1217
0.1217
0.1217
0.1217
0.1217
0.1217
0.1217
0.1217
0.1217
0.1217
0.1217
0.1217
0.1217
0.0246617
0.1217
0.1217
0.1217
0.1217
0.1217
0.1217
0.0364751
0.1217
0.1217
0.1217
0.1217
0.1217
0.1217
0.0993383
0.0283382
0.1217
0.1217
0.0292092
0.111611
0.1217
0.1217
0.1217
0.1217
0.1217
0.1217
0.0974425
0.1217
0.1217
0.0123998
0.1217
0.1217
0.1217
0.0182785
0.103477
0.0417657
0.1217
0.1217
0.1217
0.0214069
0.1217
0.1217
0.1217
0.104882
0.1217
0.1217
0.1217
0.0333278
0.1217
0.1217
0.1217
0.1217
0.1217
0.1217
0.1217
0.1217
0.1217
0.0936129
0.1217
0.1217
0.1217
0.1217
0.1217
0.1217
0.1217
0.1217
0.1217
0.1217
0.1217
0.1217
0.1217
0.1217
0.1217
0.1217
0.1217
0.0255884
0.1217
0.0372324
0.00322263
0.1217
0.1217
0.1217
0.1217
0.1217
0.1217
0.1217
0.1217
0.1217
0.0234
0.0376357
0.1217
0.1217
0.1217
0.1217
0.1217
0.0851804
0.1217
0.1217
0.1217
0.1217
0.1217
0.1217
0.1217
0.1217
0.1217
0.1217
0.1217
0.1217
0.1217
0.1217
0.0103339
0.1217
0.1217
0.1217
0.1217
0.1217
0.1217
0.1217
0.1217
0.1217
0.1217
0.1217
0.1217
0.1217
0.1217
0.1217
0.1217
0.120035
0.1217
0.1217
0.0834181
0.1217
0.1217
0.1217
0.1217
0.0369448
0.1217
0.1217
0.1217
0.1217
0.1217
0.1217
0.1217
0.1217
0.1217
0.1217
0.1217
0.1217
0.1217
0.0227666
0.1217
0.1217
0.1217
0.1217
0.1217
0.1217
0.1217
0.1217
0.1217
0.1217
0.0856013
0.112774
0.1217
0.1217
0.1217
0.1217
0.1217
0.0736833
0.1217
0.0336536
0.1217
0.1217
0.0218882
0.1217
0.1217
0.1217
0.1217
0.1217
0.1217
0.1217
0.1217
0.1217
0.1217
0.1217
0.0308395
0.1217
0.1217
0.1217
0.1217
0.1217
0.0386453
0.1217
0.1217
0.0976828
0.1217
0.1217
0.117094
0.1217
0.1217
0.1217
0.1217
0.1217
0.1217
0.1217
0.1217
0.1217
0.1217
0.0372681
0.1217
0.1217
0.0880114
0.111856
0.1217
0.1217
0.1217
0.1217
0.1217
0.1217
0.1217
0.1217
0.1217
0.1217
0.1217
0.1217
0.1217
0.1217
0.1217
0.1217
0.1217
0.037735
0.1217
0.1217
0.1217
0.1217
0.1217
0.1217
0.1217
0.1217
0.1217
0.1217
0.1217
0.1217
0.1217
0.0318863
0.0953866
0.1217
0.0362835
0.1217
0.1217
0.1217
0.1217
0.0883516
0.1217
0.1217
0.1217
0.1217
0.1217
0.1217
0.1217
0.1217
0.1217
0.1217
0.1217
0.1217
0.1217
0.1217
0.1217
0.1217
0.1217
0.1217
0.1217
0.1217
0.1217
0.1217
0.1217
0.1217
0.1217
0.1217
0.0385256
0.0121655
0.1217
0.1217
0.1217
0.1217
0.1217
0.1217
0.1217
0.1217
0.1217
0.0115261
0.1217
0.0872924
0.1217
0.1217
0.1217
0.0803706
0.1217
0.1217
0.1217
0.00299489
0.1217
0.1217
0.1217
0.1217
0.1217
0.1217
0.1217
0.1217
0.1217
0.1217
0.1217
0.1217
0.030727
0.1217
0.1217
0.1217
0.1217
0.1217
0.1217
0.1217
0.1217
0.1217
0.1217
0.1217
0.1217
0.1217
0.1217
0.1217
0.1217
0.115197
0.1217
0.1217
0.1217
0.1217
0.1217
0.1217
0.1217
0.1217
0.1217
0.0746593
0.1217
0.1217
0.1217
0.1217
0.1217
0.0172329
0.1217
0.1217
0.1217
0.1217
0.1217
0.1217
0.1217
0.1217
0.1217
0.1217
0.1217
0.1217
0.1217
0.1217
0.1217
0.1217
0.1217
0.1217
0.1217
0.1217
0.1217
0.1217
0.1217
0.1217
0.1217
0.1217
0.1217
0.1217
0.1217
0.1217
0.1217
0.1217
0.1217
0.1217
0.1217
0.1217
0.1217
0.1217
0.1217
0.104017
0.1217
0.1217
0.1217
0.108914
0.1217
0.1217
0.1217
0.1217
0.1217
0.1217
0.0893409
0.1217
0.1217
0.1217
0.1217
0.084783
0.1217
0.1217
0.1217
0.1217
0.1217
0.1217
0.1217
0.1217
0.1217
0.1217
0.1217
0.1217
0.1217
0.1217
0.1217
0.1217
0.1217
0.1217
0.1217
0.1217
0.1217
0.1217
0.1217
0.1217
0.1217
0.1217
0.1217
0.1217
0.1217
0.1217
0.1217
0.1217
0.0010794
0.1217
0.1217
0.1217
0.1217
0.037855
0.1217
0.1217
0.0397565
0.1217
0.1217
0.1217
0.1217
0.1217
0.1217
0.1217
0.1217
0.1217
0.1217
0.1217
0.0305506
0.1217
0.1217
0.1217
0.1217
0.1217
0.121015
0.1217
0.1217
0.1217
0.1217
0.1217
0.1217
0.0849084
0.1217
0.1217
0.1217
0.1217
0.1217
0.1217
0.1217
0.1217
0.1217
0.1217
0.1217
0.0830029
0.1217
0.1217
0.0250995
0.1217
0.1217
0.0160622
0.1217
0.1217
0.1217
0.00850834
0.0938164
0.1217
0.1217
0.1217
0.1217
0.1217
0.1217
0.1217
0.1217
0.1217
0.1217
0.1217
0.00906678
0.1217
0.0906074
0.1217
0.1217
0.1217
0.1217
0.1217
0.1217
0.1217
0.1217
0.1217
0.1217
0.1217
0.1217
0.0311249
0.1217
0.1217
0.1217
0.1217
0.1217
0.1217
0.1217
0.1217
0.0357559
0.1217
0.1217
0.1217
0.1217
0.1217
0.1217
0.1217
0.1217
0.1217
0.1217
0.1217
0.1217
0.1217
0.1217
0.1217
0.1217
0.1217
0.1217
0.1217
0.1217
0.1217
0.1217
0.1217
0.1217
0.1217
0.1217
0.1217
0.1217
0.0160847
0.1217
0.1217
0.1217
0.1217
0.1217
0.00653734
0.0834787
0.1217
0.1217
0.1217
0.1217
0.1217
0.00136194
0.1217
0.1217
0.1217
0.1217
0.1217
0.1217
0.1217
0.1217
0.1217
0.1217
0.1217
0.1217
0.110576
0.1217
0.1217
0.1217
0.1217
0.1217
0.0162356
0.1217
0.1217
0.1217
0.1217
0.1217
0.1217
0.1217
0.0284387
0.1217
0.1217
0.1217
0.1217
0.1217
0.1217
0.1217
0.1217
0.0197076
0.1217
0.1217
0.1217
0.1217
0.1217
0.1217
0.1217
0.1217
0.1217
0.1217
0.1217
0.1217
0.0866237
0.1217
0.1217
0.1217
0.1217
0.1217
0.1217
0.1217
0.0290595
0.1217
0.1217
0.1217
0.1217
0.1217
0.1217
0.1217
0.1217
0.1217
0.1217
0.1217
0.1217
0.1217
0.1217
0.0491753
0.1217
0.103954
0.1217
0.1217
0.1217
0.117092
0.1217
0.1217
0.0304922
0.1217
0.1217
0.1217
0.1217
0.0283883
0.1217
0.1217
0.1217
0.1217
0.1217
0.1217
0.1217
0.1217
0.1217
0.1217
0.1217
0.1217
0.1217
0.102342
0.1217
0.1217
0.1217
0.1217
0.1217
0.1217
0.0298776
0.1217
0.1217
0.1217
0.1217
0.1217
0.1217
0.1217
0.1217
0.1217
0.1217
0.1217
0.1217
0.1217
0.1217
0.1217
0.1217
0.1217
0.1217
0.0140815
0.1217
0.1217
0.1217
0.1217
0.1217
0.1217
0.013998
0.1217
0.108843
0.1217
0.1217
0.1217
0.1217
0.1217
0.1217
0.1217
0.084468
0.117207
0.0941616
0.1217
0.1217
0.1217
0.1217
0.1217
0.1217
0.1217
0.1217
0.1217
0.1217
0.1217
0.1217
0.1217
0.1217
0.1217
0.0387285
0.1217
0.0874513
0.0459294
0.0866644
0.1217
0.1217
0.1217
0.1217
0.1217
0.1217
0.1217
0.101132
0.1217
0.00357301
0.00997057
0.1217
0.1217
0.1217
0.1217
0.1217
0.1217
0.1217
0.1217
0.1217
0.1217
0.1217
0.1217
0.1217
0.1217
0.1217
0.1217
0.1217
0.1217
0.1217
0.1217
0.1217
0.1217
0.1217
0.1217
0.1217
0.1217
0.1217
0.1217
0.1217
0.1217
0.1217
0.1217
0.1217
0.1217
0.1217
0.1217
0.1217
0.1217
0.1217
0.1217
0.1217
0.1217
0.1217
0.1217
0.1217
0.1217
0.1217
0.0335472
0.115526
0.1217
0.1217
0.1217
0.1217
0.1217
0.1217
0.1217
0.1217
0.1217
0.1217
0.1217
0.1217
0.1217
0.1217
0.1217
0.1217
0.1217
0.1217
0.00454268
0.0760384
0.1217
0.1217
0.1217
0.1217
0.1217
0.1217
0.1217
0.1217
0.0318141
0.0327313
0.0408317
0.1217
0.0133024
0.1217
0.1217
0.1217
0.0995553
0.1217
0.102508
0.1217
0.1217
0.1217
0.1217
0.1217
0.00222774
0.1217
0.1217
0.1217
0.1217
0.1217
0.0348131
0.1217
0.0329716
0.1217
0.1217
0.1217
0.1217
0.1217
0.1217
0.1217
0.1217
0.1217
0.1217
0.1217
0.1217
0.1217
0.1217
0.1217
0.1217
0.1217
0.1217
0.0847972
0.1217
0.1217
0.1217
0.0284451
0.0374513
0.1217
0.1217
0.1217
0.1217
0.1217
0.1217
0.1217
0.1217
0.1217
0.0319485
0.1217
0.0852408
0.1217
0.1217
0.1217
0.1217
0.1217
0.0921436
0.1217
0.1217
0.1217
0.1217
0.1217
0.1217
0.0273485
0.1217
0.1217
0.1217
0.1217
0.1217
0.1217
0.1217
0.0880191
0.1217
0.1217
0.1217
0.1217
0.1217
0.111841
0.1217
0.1217
0.1217
0.1217
0.1217
0.1217
0.00574982
0.1217
0.0852557
0.1217
0.1217
0.1217
0.1217
0.1217
0.1217
0.1217
0.1217
0.1217
0.1217
0.1217
0.1217
0.1217
0.1217
0.1217
0.00991339
0.1217
0.1217
0.1217
0.000943466
0.1217
0.1217
0.1217
0.1217
0.0973457
0.1217
0.1217
0.1217
0.1217
0.1217
0.1217
0.1217
0.1217
0.1217
0.0359127
0.1217
0.1217
0.0885874
0.1217
0.1217
0.1217
0.1217
0.1217
0.1217
0.0136982
0.1217
0.1217
0.1217
0.1217
0.1217
0.1217
0.0375649
0.1217
0.1217
0.1217
0.0379571
0.1217
0.1217
0.1217
0.1217
0.1217
0.00562513
0.1217
0.1217
0.1217
0.1217
0.1217
0.1217
0.1217
0.1217
0.1217
0.1217
0.1217
0.1217
0.1217
0.111856
0.1217
0.0213122
0.1217
0.1217
0.1217
0.1217
0.0363555
0.1217
0.1217
0.0248138
0.1217
0.1217
0.1217
0.1217
0.017914
0.120567
0.1217
0.1217
0.1217
0.1217
0.1217
0.1217
0.1217
0.1217
0.1217
0.1217
0.1217
0.0319874
0.0353875
0.1217
0.1217
0.1217
0.1217
0.1217
0.1217
0.0932619
0.1217
0.1217
0.1217
0.104178
0.1217
0.0369456
0.1217
0.1217
0.1217
0.1217
0.0385271
0.1217
0.1217
0.00183113
0.1217
0.1217
0.1217
0.1217
0.1217
0.1217
0.1217
0.1217
0.1217
0.089882
0.1217
0.1217
0.1217
0.1217
0.1217
0.1217
0.1217
0.1217
0.1217
0.1217
0.1217
0.1217
0.1217
0.1217
0.1217
0.1217
0.1217
0.1217
0.1217
0.1217
0.110824
0.0140537
0.111856
0.1217
0.1217
0.1217
0.1217
0.1217
0.0111565
0.030808
0.1217
0.1217
0.107464
0.1217
0.1217
0.1217
0.1217
0.1217
0.1217
0.1217
0.1217
0.1217
0.1217
0.1217
0.1217
0.1217
0.1217
0.0450994
0.1217
0.1217
0.1217
0.0862124
0.1217
0.1217
0.1217
0.1217
0.1217
0.1217
0.1217
0.1217
0.1217
0.1217
0.1217
0.1217
0.106416
0.1217
0.1217
0.1217
0.0894885
0.1217
0.033413
0.1217
0.1217
0.1217
0.1217
0.1217
0.1217
0.1217
0.1217
0.1217
0.1217
0.1217
0.1217
0.0859876
0.1217
0.1217
0.1217
0.1217
0.1217
0.1217
0.113022
0.1217
0.1217
0.1217
0.1217
0.1217
0.1217
0.0371801
0.1217
0.1217
0.1217
0.1217
0.1217
0.1217
0.1217
0.1217
0.1217
0.1217
0.1217
0.1217
0.1217
0.1217
0.1217
0.1217
0.1217
0.1217
0.1217
0.1217
0.0360288
0.1217
0.0864993
0.1217
0.1217
0.1217
0.1217
0.1217
0.1217
0.1217
0.1217
0.1217
0.0833714
0.1217
0.1217
0.1217
0.1217
0.1217
0.1217
0.1217
0.1217
0.1217
0.1217
0.1217
0.1217
0.0238581
0.1217
0.1217
0.101247
0.1217
0.1217
0.0378196
0.1217
0.1217
0.0941313
0.1217
0.1217
0.1217
0.1217
0.1217
0.1217
0.105008
0.1217
0.00546147
0.1217
0.1217
0.0347355
0.1217
0.1217
0.1217
0.1217
0.1217
0.0833685
0.1217
0.1217
0.1217
0.1217
0.1217
0.1217
0.1217
0.1217
0.1217
0.121081
0.1217
0.0222256
0.1217
0.1217
0.1217
0.1217
0.1217
0.1217
0.1217
0.1217
0.1217
0.1217
0.1217
0.1217
0.1217
0.1217
0.1217
0.1217
0.1217
0.1217
0.1217
0.1217
0.1217
0.1217
0.0203605
0.1217
0.1217
0.1217
0.1217
0.1217
0.1217
0.1217
0.0832581
0.1217
0.1217
0.1217
0.1217
0.1217
0.1217
0.016985
0.1217
0.1217
0.1217
0.1217
0.1217
0.1217
0.1217
0.1217
0.1217
0.0313687
0.0382005
0.1217
0.1217
0.1217
0.1217
0.1217
0.115586
0.1217
0.1217
0.1217
0.1217
0.1217
0.1217
0.1217
0.0884733
0.1217
0.0170901
0.1217
0.0383446
0.1217
0.1217
0.1217
0.1217
0.083012
0.1217
0.1217
0.1217
0.029838
0.1217
0.1217
0.1217
0.1217
0.1217
0.1217
0.0124868
0.1217
0.1217
0.1217
0.1217
0.1217
0.0115609
0.1217
0.118358
0.1217
0.1217
0.1217
0.1217
0.1217
0.1217
0.1217
0.1217
0.1217
0.1217
0.1217
0.1217
0.1217
0.1217
0.0181501
0.00985228
0.1217
0.1217
0.1217
0.107204
0.1217
0.1217
0.1217
0.1217
0.1217
0.1217
0.1217
0.1217
0.1217
0.1217
0.1217
0.1217
0.1217
0.115816
0.0015029
0.0254284
0.0383702
0.1217
0.1217
0.1217
0.1217
0.1217
0.1217
0.1217
0.0419791
0.1217
0.1217
0.1217
0.1217
0.1217
0.1217
0.1217
0.1217
0.1217
0.1217
0.0146322
0.100337
0.1217
0.1217
0.1217
0.1217
0.1217
0.1217
0.1217
0.1217
0.1217
0.1217
0.1217
0.1217
0.1217
0.1217
0.1217
0.1217
0.1217
0.1217
0.1217
0.1217
0.1217
0.1217
0.1217
0.1217
0.1217
0.1217
0.1217
0.1217
0.1217
0.1217
0.1217
0.0279964
0.1217
0.1217
0.1217
0.1217
0.1217
0.1217
0.1217
0.1217
0.1217
0.1217
0.1217
0.1217
0.1217
0.1217
0.1217
0.1217
0.1217
0.1217
0.0301811
0.1217
0.0158044
0.1217
0.1217
0.1217
0.1217
0.1217
0.1217
0.1217
0.1217
0.1217
0.1217
0.0894303
0.1217
0.100121
0.1217
0.1217
0.00805939
0.1217
0.1217
0.1217
0.1217
0.1217
0.1217
0.1217
0.1217
0.1217
0.1217
0.1217
0.1217
0.1217
0.1217
0.1217
0.1217
0.1217
0.1217
0.1217
0.1217
0.1217
0.1217
0.0878213
0.1217
0.1217
0.1217
0.1217
0.1217
0.1217
0.1217
0.1217
0.0900897
0.1217
0.1217
0.1217
0.1217
0.1217
0.1217
0.1217
0.1217
0.1217
0.015171
0.1217
0.1217
0.1217
0.1217
0.1217
0.0821379
0.1217
0.0391637
0.1217
0.0963775
0.1217
0.1217
0.0910651
0.1217
0.1217
0.1217
0.1217
0.1217
0.1217
0.1217
0.1217
0.1217
0.1217
0.1217
0.0118083
0.1217
0.1217
0.1217
0.1217
0.1217
0.1217
0.1217
0.1217
0.1217
0.1217
0.1217
0.1217
0.1217
0.000821556
0.0945848
0.1217
0.1217
0.1217
0.1217
0.1217
0.0852667
0.1217
0.1217
0.1217
0.1217
0.1217
0.1217
0.1217
0.1217
0.1217
0.1217
0.1217
0.0134224
0.114683
0.0372926
0.1217
0.1217
0.1217
0.1217
0.1217
0.1217
0.1217
0.1217
0.1217
0.1217
0.1217
0.1217
0.0858175
0.1217
0.1217
0.1217
0.117215
0.1217
0.1217
0.1217
0.1217
0.1217
0.1217
0.1217
0.1217
0.1217
0.1217
0.1217
0.1217
0.1217
0.1217
0.1217
0.1217
0.1217
0.1217
0.1217
0.1217
0.0264095
0.1217
0.1217
0.1217
0.1217
0.1217
0.1217
0.1217
0.1217
0.1217
0.1217
0.1217
0.1217
0.1217
0.1217
0.1217
0.0066867
0.1217
0.1217
0.0847019
0.1217
0.0299413
0.1217
0.1217
0.1217
0.1217
0.0888619
0.1217
0.1217
0.1217
0.1217
0.1217
0.1217
0.1217
0.1217
0.1217
0.1217
0.1217
0.1217
0.1217
0.1217
0.1217
0.1217
0.1217
0.1217
0.1217
0.1217
0.1217
0.1217
0.1217
0.1217
0.115061
0.1217
0.1217
0.1217
0.1217
0.1217
0.1217
0.1217
0.1217
0.1217
0.1217
0.1217
0.102165
0.1217
0.1217
0.1217
0.1217
0.0334955
0.1217
0.0328965
0.1217
0.1217
0.1217
0.1217
0.1217
0.1217
0.1217
0.1217
0.1217
0.1217
0.1217
0.1217
0.1217
0.1217
0.1217
0.1217
0.1217
0.1217
0.0387527
0.0883887
0.1217
0.1217
0.1217
0.1217
0.1217
0.1217
0.1217
0.106439
0.1217
0.1217
0.1217
0.1217
0.1217
0.1217
0.0162248
0.1217
0.1217
0.1217
0.1217
0.1217
0.1217
0.1217
0.1217
0.1217
0.1217
0.1217
0.1217
0.1217
0.1217
0.1217
0.1217
0.00349213
0.1217
0.1217
0.1217
0.1217
0.1217
0.0353062
0.1217
0.112909
0.1217
0.1217
0.1217
0.1217
0.1217
0.1217
0.1217
0.1217
0.1217
0.1217
0.1217
0.1217
0.1217
0.1217
0.0351318
0.1217
0.1217
0.1217
0.1217
0.0251436
0.1217
0.1217
0.1217
0.1217
0.1217
0.1217
0.1217
0.1217
0.1217
0.0898241
0.1217
0.1217
0.0243689
0.0111534
0.1217
0.1217
0.1217
0.1217
0.1217
0.1217
0.1217
0.1217
0.1217
0.1217
0.1217
0.1217
0.1217
0.1217
0.0338208
0.0331162
0.105148
0.1217
0.083173
0.1217
0.0543658
0.0314731
0.0209694
0.1217
0.1217
0.1217
0.0873896
0.0885519
0.1217
0.1217
0.1217
0.117466
0.1217
0.1217
0.1217
0.1217
0.1217
0.1217
0.1217
0.0273892
0.1217
0.1217
0.1217
0.1217
0.1217
0.1217
0.0327742
0.1217
0.1217
0.1217
0.0857047
0.1217
0.1217
0.1217
0.1217
0.1217
0.1217
0.1217
0.1217
0.1217
0.1217
0.0384166
0.1217
0.1217
0.1217
0.1217
0.1217
0.1217
0.0950418
0.1217
0.1217
0.1217
0.1217
0.1217
0.1217
0.1217
0.00761714
0.1217
0.0872209
0.1217
0.1217
0.1217
0.1217
0.1217
0.1217
0.1217
0.115368
0.0865232
0.1217
0.1217
0.1217
0.1217
0.1217
0.1217
0.1217
0.1217
0.1217
0.1217
0.1217
0.1217
0.1217
0.1217
0.111856
0.1217
0.1217
0.0310512
0.1217
0.1217
0.0390051
0.1217
0.1217
0.1217
0.1217
0.1217
0.1217
0.1217
0.1217
0.1217
0.1217
0.1217
0.1217
0.1217
0.1217
0.116977
0.1217
0.0278047
0.1217
0.1217
0.1217
0.1217
0.0493169
0.1217
0.1217
0.1217
0.1217
0.1217
0.1217
0.0644422
0.1217
0.1217
0.1217
0.1217
0.1217
0.116501
0.1217
0.1217
0.1217
0.1217
0.0881358
0.1217
0.1217
0.1217
0.100926
0.1217
0.1217
0.1217
0.101961
0.1217
0.1217
0.1217
0.1217
0.1217
0.1217
0.1217
0.1217
0.1217
0.1217
0.1217
0.1217
0.1217
0.0935517
0.1217
0.1217
0.1217
0.1217
0.1217
0.1217
0.1217
0.1217
0.0834133
0.1217
0.1217
0.0389638
0.1217
0.1217
0.1217
0.1217
0.1217
0.1217
0.1217
0.1217
0.0844937
0.1217
0.1217
0.1217
0.1217
0.1217
0.1217
0.1217
0.1217
0.1217
0.1217
0.1217
0.0833927
0.1217
0.0366283
0.1217
0.1217
0.0880031
0.107958
0.1217
0.1217
0.1217
0.1217
0.1217
0.10914
0.1217
0.1217
0.1217
0.1217
0.1217
0.100386
0.1217
0.1217
0.1217
0.1217
0.1217
0.1217
0.1217
0.1217
0.1217
0.1217
0.0195369
0.1217
0.1217
0.0869253
0.1217
0.1217
0.1217
0.1217
0.1217
0.1217
0.1217
0.1217
0.1217
0.1217
0.1217
0.1217
0.00271806
0.1217
0.0295403
0.1217
0.00176928
0.1217
0.1217
0.1217
0.0834199
0.1217
0.1217
0.1217
0.1217
0.1217
0.1217
0.0947244
0.1217
0.1217
0.1217
0.1217
0.0818933
0.0805842
0.1217
0.1217
0.116322
0.1217
0.1217
0.1217
0.0357928
0.1217
0.1217
0.1217
0.1217
0.1217
0.1217
0.1217
0.1217
0.1217
0.00849368
0.1217
0.110758
0.106543
0.1217
0.1217
0.1217
0.1217
0.1217
0.1217
0.1217
0.1217
0.1217
0.1217
0.1217
0.1217
0.1217
0.0383337
0.0258667
0.1217
0.1217
0.1217
0.1217
0.1217
0.1217
0.1217
0.1217
0.1217
0.1217
0.1217
0.1217
0.1217
0.1217
0.1217
0.1217
0.1217
0.1217
0.1217
0.0835064
0.1217
0.0873921
0.1217
0.1217
0.0769051
0.1217
0.1217
0.0725722
0.1217
0.108133
0.1217
0.1217
0.1217
0.1217
0.1217
0.1217
0.1217
0.1217
0.1217
0.1217
0.1217
0.1217
0.1217
0.1217
0.00784276
0.1217
0.0354311
0.1217
0.1217
0.1217
0.1217
0.1217
0.1217
0.1217
0.1217
0.1217
0.027991
0.1217
0.1217
0.1217
0.00155946
0.1217
0.1217
0.1217
0.1217
0.0383918
0.1217
0.0733522
0.1217
0.03933
0.1217
0.1217
0.1217
0.1217
0.1217
0.1217
0.1217
0.1217
0.1217
0.1217
0.1217
0.1217
0.1217
0.1217
0.1217
0.1217
0.1217
0.1217
0.1217
0.1217
0.1217
0.1217
0.1217
0.1217
0.1217
0.0037565
0.1217
0.1217
0.1217
0.1217
0.1217
0.1217
0.1217
0.1217
0.1217
0.1217
0.1217
0.1217
0.1217
0.1217
0.1217
0.1217
0.1217
0.1217
0.1217
0.1217
0.1217
0.1217
0.1217
0.1217
0.1217
0.1217
0.1217
0.1217
0.1217
0.1217
0.1217
0.1217
0.1217
0.1217
0.0158029
0.1217
0.1217
0.1217
0.1217
0.1217
0.1217
0.1217
0.1217
0.1217
0.1217
0.1217
0.1217
0.1217
0.1217
0.120606
0.1217
0.1217
0.0229397
0.1217
0.1217
0.1217
0.1217
0.1217
0.1217
0.1217
0.1217
0.037829
0.1217
0.1217
0.1217
0.1217
0.1217
0.1217
0.1217
0.1217
0.1217
0.1217
0.1217
0.1217
0.1217
0.1217
0.1217
0.1217
0.1217
0.1217
0.1217
0.1217
0.1217
0.1217
0.1217
0.1217
0.1217
0.1217
0.1217
0.117189
0.1217
0.1217
0.1217
0.1217
0.1217
0.1217
0.1217
0.1217
0.1217
0.1217
0.1217
0.1217
0.1217
0.1217
0.1217
0.000592807
0.1217
0.0807418
0.1217
0.118578
0.1217
0.1217
0.089763
0.1217
0.1217
0.1217
0.1217
0.1217
0.1217
0.0827731
0.1217
0.1217
0.1217
0.1217
0.1217
0.1217
0.1217
0.106721
0.1217
0.1217
0.1217
0.1217
0.1217
0.1217
0.1217
0.1217
0.1217
0.0303096
0.1217
0.1217
0.1217
0.1217
0.1217
0.1217
0.1217
0.1217
0.1217
0.1217
0.1217
0.1217
0.1217
0.1217
0.1217
0.1217
0.1217
0.1217
0.1217
0.1217
0.1217
0.1217
0.1217
0.1217
0.1217
0.1217
0.0233196
0.1217
0.1217
0.1217
0.1217
0.107338
0.00519127
0.1217
0.1217
0.0274213
0.1217
0.0187366
0.1217
0.1217
0.1217
0.1217
0.1217
0.1217
0.1217
0.1217
0.0880276
0.1217
0.1217
0.1217
0.1217
0.1217
0.1217
0.1217
0.1217
0.1217
0.1217
0.1217
0.1217
0.1217
0.1217
0.1217
0.1217
0.1217
0.0450406
0.1217
0.1217
0.1217
0.1217
0.1217
0.1217
0.1217
0.1217
0.0362715
0.1217
0.1217
0.1217
0.1217
0.1217
0.0922406
0.10844
0.1217
0.1217
0.1217
0.1217
0.102335
0.1217
0.1217
0.1217
0.1217
0.1217
0.1217
0.1217
0.1217
0.1217
0.1217
0.1217
0.107383
0.1217
0.1217
0.1217
0.1217
0.1217
0.1217
0.1217
0.1217
0.1217
0.1217
0.1217
0.1217
0.1217
0.1217
0.1217
0.1217
0.1217
0.1217
0.1217
0.1217
0.1217
0.1217
0.0316009
0.0301518
0.1217
0.1217
0.1217
0.1217
0.1217
0.1217
0.1217
0.1217
0.1217
0.0242933
0.1217
0.1217
0.1217
0.1217
0.1217
0.1217
0.1217
0.1217
0.1217
0.1217
0.1217
0.1217
0.1217
0.1217
0.1217
0.1217
0.1217
0.1217
0.1217
0.1217
0.1217
0.1217
0.1217
0.0862367
0.1217
0.1217
0.1217
0.1217
0.1217
0.1217
0.1217
0.1217
0.1217
0.1217
0.1217
0.1217
0.117191
0.1217
0.1217
0.10837
0.1217
0.1217
0.1217
0.1217
0.1217
0.1217
0.1217
0.00969396
0.111447
0.1217
0.0970828
0.1217
0.1217
0.108656
0.1217
0.1217
0.1217
0.1217
0.1217
0.1217
0.0935198
0.1217
0.00820877
0.1217
0.1217
0.1217
0.0901226
0.00462459
0.1217
0.1217
0.1217
0.1217
0.1217
0.1217
0.1217
0.1217
0.1217
0.1217
0.1217
0.1217
0.1217
0.1217
0.1217
0.1217
0.1217
0.1217
0.1217
0.1217
0.1217
0.1217
0.113389
0.1217
0.0149422
0.0361268
0.1217
0.1217
0.1217
0.1217
0.0290722
0.0316286
0.1217
0.1217
0.1217
0.1217
0.1217
0.1217
0.1217
0.1217
0.1217
0.1217
0.1217
0.1217
0.1217
0.1217
0.1217
0.1217
0.1217
0.1217
0.1217
0.1217
0.1217
0.0161412
0.1217
0.1217
0.0338339
0.1217
0.1217
0.1217
0.1217
0.1217
0.1217
0.1217
0.1217
0.1217
0.1217
0.1217
0.1217
0.1217
0.1217
0.1217
0.1217
0.1217
0.1217
0.1217
0.1217
0.1217
0.1217
0.1217
0.114863
0.1217
0.1217
0.1217
0.1217
0.1217
0.1217
0.1217
0.111888
0.1217
0.1217
0.1217
0.1217
0.109465
0.1217
0.1217
0.1217
0.1217
0.1217
0.0385439
0.1217
0.1217
0.1217
0.1217
0.1217
0.1217
0.1217
0.1217
0.1217
0.1217
0.1217
0.1217
0.0161711
0.1217
0.1217
0.1217
0.1217
0.0166221
0.1217
0.1217
0.1217
0.1217
0.1217
0.1217
0.1217
0.1217
0.1217
0.0142189
0.1217
0.1217
0.1217
0.1217
0.1217
0.1217
0.1217
0.1217
0.1217
0.1217
0.1217
0.1217
0.0376009
0.1217
0.1217
0.1217
0.1217
0.1217
0.1217
0.1217
0.0209795
0.1217
0.1217
0.082888
0.1217
0.1217
0.1217
0.1217
0.1217
0.1217
0.1217
0.1217
0.1217
0.00639849
0.0921818
0.1217
0.00433868
0.1217
0.1217
0.1217
0.1217
0.1217
0.1217
0.1217
0.1217
0.0879429
0.1217
0.091376
0.1217
0.1217
0.1217
0.0156586
0.1217
0.1217
0.1217
0.1217
0.1217
0.1217
0.1217
0.114206
0.1217
0.1217
0.1217
0.1217
0.1217
0.0829115
0.1217
0.0511117
0.1217
0.1217
0.1217
0.1217
0.1217
0.0160494
0.1217
0.1217
0.1217
0.1217
0.1217
0.1217
0.1217
0.1217
0.1217
0.1217
0.1217
0.1217
0.1217
0.1217
0.1217
0.1217
0.1217
0.0906698
0.1217
0.1217
0.1217
0.1217
0.1217
0.1217
0.1217
0.1217
0.1217
0.1217
0.1217
0.1217
0.1217
0.1217
0.1217
0.1217
0.1217
0.1217
0.1217
0.1217
0.1217
0.1217
0.1217
0.108393
0.00273842
0.0324611
0.1217
0.1217
0.1217
0.0180775
0.1217
0.1217
0.1217
0.1217
0.1217
0.1217
0.1217
0.1217
0.1217
0.1217
0.1217
0.1217
0.1217
0.1217
0.1217
0.1217
0.1217
0.1217
0.1217
0.1217
0.1217
0.1217
0.1217
0.1217
0.1217
0.1217
0.1217
0.1217
0.1217
0.1217
0.0832383
0.1217
0.1217
0.1217
0.009938
0.1217
0.1217
0.0901631
0.1217
0.10261
0.1217
0.1217
0.1217
0.0368992
0.1217
0.1217
0.1217
0.1217
0.1217
0.1217
0.1217
0.1217
0.1217
0.1217
0.1217
0.0883244
0.1217
0.1217
0.1217
0.0206912
0.1217
0.1217
0.1217
0.1217
0.1217
0.1217
0.1217
0.1217
0.1217
0.1217
0.1217
0.1217
0.1217
0.1217
0.1217
0.1217
0.0335883
0.1217
0.1217
0.1217
0.1217
0.1217
0.082472
0.1217
0.1217
0.1217
0.1217
0.1217
0.0384233
0.1217
0.1217
0.1217
0.1217
0.1217
0.0138754
0.1217
0.1217
0.1217
0.1217
0.1217
0.1217
0.0916725
0.1217
0.1217
0.1217
0.0122673
0.1217
0.1217
0.1217
0.1217
0.1217
0.1217
0.1217
0.1217
0.1217
0.1217
0.1217
0.1217
0.1217
0.1217
0.1217
0.108488
0.1217
0.1217
0.1217
0.1217
0.0430538
0.1217
0.1217
0.113101
0.0361458
0.1217
0.1217
0.0383477
0.1217
0.1217
0.1217
0.1217
0.1217
0.1217
0.1217
0.1217
0.1217
0.0279306
0.1217
0.1217
0.1217
0.034783
0.1217
0.1217
0.1217
0.1217
0.1217
0.1217
0.1217
0.1217
0.1217
0.1217
0.1217
0.1217
0.1217
0.1217
0.1217
0.1217
0.112629
0.1217
0.1217
0.1217
0.1217
0.1217
0.1217
0.1217
0.1217
0.1217
0.00517807
0.1217
0.00071048
0.1217
0.1217
0.1217
0.1217
0.0895793
0.1217
0.1217
0.1217
0.1217
0.1217
0.1217
0.1217
0.1217
0.1217
0.1217
0.1217
0.1217
0.1217
0.1217
0.1217
0.1217
0.1217
0.085579
0.1217
0.1217
0.1217
0.114503
0.1217
0.1217
0.1217
0.0271829
0.1217
0.0305658
0.1217
0.1217
0.1217
0.1217
0.120624
0.1217
0.1217
0.1217
0.1217
0.1217
0.0626145
0.1217
0.1217
0.0247587
0.1217
0.00394082
0.0305455
0.1217
0.0857275
0.1217
0.1217
0.1217
0.0953949
0.1217
0.1217
0.1217
0.1217
0.1217
0.1217
0.1217
0.1217
0.0740967
0.0387105
0.1217
0.1217
0.1217
0.1217
0.1217
0.1217
0.1217
0.1217
0.1217
0.1217
0.1217
0.1217
0.1217
0.1217
0.1217
0.1217
0.1217
0.1217
0.1217
0.0359352
0.1217
0.111888
0.1217
0.1217
0.1217
0.1217
0.1217
0.1217
0.1217
0.1217
0.1217
0.1217
0.1217
0.1217
0.1217
0.1217
0.0391344
0.1217
0.1217
0.1217
0.1217
0.1217
0.1217
0.0383003
0.1217
0.0990528
0.1217
0.1217
0.1217
0.1217
0.1217
0.1217
0.1217
0.1217
0.1217
0.1217
0.1217
0.1217
0.1217
0.1217
0.1217
0.1217
0.1217
0.1217
0.1217
0.1217
0.1217
0.1217
0.1217
0.1217
0.1217
0.1217
0.1217
0.1217
0.1217
0.1217
0.1217
0.1217
0.1217
0.1217
0.1217
0.1217
0.1217
0.0207516
0.1217
0.1217
0.1217
0.0577521
0.1217
0.1217
0.1217
0.1217
0.1217
0.1217
0.1217
0.1217
0.1217
0.1217
0.1217
0.1217
0.1217
0.103735
0.1217
0.1217
0.0827461
0.1217
0.1217
0.0406534
0.1217
0.1217
0.1217
0.00314598
0.1217
0.1217
0.1217
0.1217
0.1217
0.1217
0.00267285
0.1217
0.1217
0.1217
0.1217
0.0261417
0.1217
0.1217
0.1217
0.1217
0.1217
0.0200749
0.1217
0.1217
0.1217
0.1217
0.1217
0.1217
0.1217
0.1217
0.1217
0.1217
0.1217
0.1217
0.0342723
0.0389585
0.1217
0.1217
0.1217
0.1217
0.1217
0.1217
0.1217
0.00602475
0.1217
0.0417105
0.1217
0.1217
0.1217
0.1217
0.1217
0.1217
0.1217
0.1217
0.1217
0.1217
0.1217
0.1217
0.1217
0.1217
0.1217
0.1217
0.1217
0.0916825
0.1217
0.1217
0.1217
0.10702
0.1217
0.121041
0.1217
0.1217
0.0849231
0.1217
0.1217
0.1217
0.1217
0.1217
0.1217
0.1217
0.1217
0.1217
0.1217
0.1217
0.1217
0.0478617
0.1217
0.1217
0.11122
0.1217
0.1217
0.0922803
0.1217
0.1217
0.1217
0.1217
0.1217
0.1217
0.1217
0.1217
0.1217
0.1217
0.1217
0.1217
0.1217
0.1217
0.1217
0.1217
0.1217
0.1217
0.1217
0.1217
0.1217
0.1217
0.1217
0.1217
0.1217
0.1217
0.0289978
0.1217
0.1217
0.1217
0.1217
0.1217
0.1217
0.106525
0.1217
0.1217
0.1217
0.1217
0.1217
0.1217
0.1217
0.1217
0.1217
0.1217
0.1217
0.1217
0.1217
0.1217
0.1217
0.1217
0.1217
0.1217
0.1217
0.1217
0.1217
0.1217
0.1217
0.1217
0.1217
0.1217
0.1217
0.1217
0.1217
0.113323
0.0952279
0.1217
0.0942015
0.111193
0.1217
0.1217
0.1217
0.1217
0.1217
0.0980223
0.1217
0.1217
0.1217
0.1217
0.1217
0.1217
0.1217
0.1217
0.1217
0.1217
0.1217
0.1217
0.1217
0.1217
0.1217
0.1217
0.1217
0.1217
0.0266062
0.1217
0.0114754
0.1217
0.1217
0.1217
0.1217
0.1217
0.1217
0.1217
0.0958738
0.1217
0.1217
0.1217
0.1217
0.0326006
0.0329293
0.1217
0.1217
0.1217
0.1217
0.1217
0.1217
0.1217
0.1217
0.1217
0.1217
0.1217
0.1217
0.1217
0.1217
0.1217
0.1217
0.0938058
0.1217
0.1217
0.1217
0.1217
0.1217
0.1217
0.1217
0.1217
0.1217
0.1217
0.1217
0.1217
0.1217
0.106332
0.0879317
0.1217
0.1217
0.106684
0.1217
0.1217
0.1217
0.1217
0.1217
0.003789
0.1217
0.1217
0.1217
0.1217
0.1217
0.1217
0.1217
0.1217
0.00652464
0.1217
0.1217
0.1217
0.1217
0.1217
0.1217
0.1217
0.1217
0.1217
0.0454903
0.1217
0.1217
0.1217
0.00743245
0.0828918
0.1217
0.1217
0.1217
0.1217
0.1217
0.1217
0.1217
0.1217
0.1217
0.1217
0.1217
0.12137
0.1217
0.1217
0.1217
0.1217
0.0125472
0.1217
0.1217
0.1217
0.1217
0.1217
0.1217
0.1217
0.1217
0.1217
0.1217
0.107117
0.1217
0.1217
0.1217
0.1217
0.1217
0.1217
0.1217
0.1217
0.1217
0.1217
0.1217
0.1217
0.1217
0.1217
0.1217
0.1217
0.1217
0.00524313
0.1217
0.1217
0.1217
0.1217
0.1217
0.1217
0.102353
0.1217
0.1217
0.1217
0.106244
0.0340208
0.1217
0.1217
0.1217
0.1217
0.1217
0.1217
0.1217
0.1217
0.1217
0.1217
0.1217
0.0109534
0.1217
0.1217
0.1217
0.1217
0.00517301
0.1217
0.1217
0.1217
0.1217
0.1217
0.1217
0.1217
0.1217
0.1217
0.1217
0.1217
0.1217
0.1217
0.1217
0.1217
0.1217
0.1217
0.1217
0.1217
0.116378
0.1217
0.1217
0.0181063
0.1217
0.1217
0.1217
0.1217
0.1217
0.0281789
0.1217
0.1217
0.1217
0.1217
0.1217
0.1217
0.1217
0.0381588
0.1217
0.1217
0.1217
0.1217
0.1217
0.1217
0.1217
0.0121442
0.1217
0.1217
0.1217
0.1217
0.1217
0.1217
0.1217
0.1217
0.1217
0.1217
0.1217
0.1217
0.1217
0.1217
0.1217
0.1217
0.105272
0.1217
0.1217
0.1217
0.1217
0.1217
0.1217
0.1217
0.1217
0.119741
0.1217
0.1217
0.1217
0.1217
0.1217
0.1217
0.1217
0.1217
0.1217
0.1217
0.1217
0.1217
0.1217
0.1217
0.1217
0.1217
0.1217
0.1217
0.1217
0.1217
0.1217
0.1217
0.1217
0.1217
0.1217
0.1217
0.1217
0.1217
0.1217
0.1217
0.1217
0.1217
0.0240635
0.1217
0.1217
0.1217
0.1217
0.1217
0.1217
0.1217
0.1217
0.1217
0.1217
0.0381872
0.1217
0.1217
0.1217
0.1217
0.1217
0.1217
0.1217
0.1217
0.1217
0.1217
0.1217
0.1217
0.1217
0.0349792
0.1217
0.1217
0.1217
0.1217
0.1217
0.104193
0.1217
0.0867324
0.1217
0.1217
0.1217
0.1217
0.1217
0.1217
0.0197209
0.1217
0.117445
0.1217
0.1217
0.1217
0.1217
0.1217
0.111856
0.1217
0.1217
0.0523642
0.1217
0.1217
0.1217
0.1217
0.1217
0.1217
0.10451
0.1217
0.1217
0.1217
0.1217
0.1217
0.1217
0.1217
0.1217
0.1217
0.1217
0.1217
0.1217
0.1217
0.1217
0.1217
0.1217
0.1217
0.1217
0.1217
0.0851218
0.00836769
0.1217
0.1217
0.1217
0.1217
0.1217
0.1217
0.1217
0.1217
0.0205743
0.1217
0.1217
0.1217
0.1217
0.1217
0.1217
0.1217
0.1217
0.1217
0.1217
0.1217
0.0379119
0.1217
0.1217
0.1217
0.1217
0.1217
0.037504
0.1217
0.1217
0.1217
0.1217
0.1217
0.1217
0.1217
0.1217
0.1217
0.1217
0.1217
0.1217
0.1217
0.1217
0.0946594
0.1217
0.111258
0.1217
0.1217
0.1217
0.1217
0.1217
0.0368276
0.1217
0.0844438
0.1217
0.1217
0.1217
0.1217
0.1217
0.00281366
0.1217
0.1217
0.1217
0.1217
0.1217
0.1217
0.1217
0.1217
0.0108863
0.1217
0.1217
0.1217
0.1217
0.1217
0.1217
0.1217
0.0678355
0.1217
0.1217
0.1217
0.1217
0.1217
0.0829169
0.1217
0.1217
0.1217
0.1217
0.1217
0.0315366
0.1217
0.1217
0.1217
0.1217
0.0312894
0.1217
0.1217
0.1217
0.1217
0.1217
0.1217
0.1217
0.1217
0.0891868
0.1217
0.1217
0.1217
0.1217
0.1217
0.1217
0.1217
0.1217
0.1217
0.1217
0.1217
0.1217
0.1217
0.1217
0.1217
0.1217
0.1217
0.1217
0.1217
0.1217
0.1217
0.1217
0.1217
0.1217
0.1217
0.1217
0.1217
0.1217
0.1217
0.1217
0.1217
0.1217
0.1217
0.0864587
0.1217
0.1217
0.1217
0.1217
0.1217
0.1217
0.1217
0.1217
0.1217
0.1217
0.1217
0.1217
0.1217
0.1217
0.1217
0.1217
0.1217
0.1217
0.0277225
0.0289798
0.1217
0.1217
0.1217
0.1217
0.108902
0.1217
0.1217
0.1217
0.1217
0.1217
0.1217
0.1217
0.1217
0.083281
0.1217
0.1217
0.1217
0.0114504
0.1217
0.1217
0.0274484
0.1217
0.1217
0.1217
0.1217
0.1217
0.1217
0.00706234
0.1217
0.1217
0.1217
0.1217
0.1217
0.1217
0.1217
0.1217
0.1217
0.1217
0.1217
0.1217
0.1217
0.1217
0.1217
0.0826076
0.1217
0.1217
0.1217
0.1217
0.00739992
0.1217
0.1217
0.1217
0.1217
0.1217
0.1217
0.1217
0.1217
0.1217
0.1217
0.1217
0.1217
0.1217
0.1217
0.00549818
0.1217
0.1217
0.1217
0.1217
0.1217
0.1217
0.1217
0.1217
0.1217
0.1217
0.1217
0.1217
0.1217
0.1217
0.1217
0.1217
0.1217
0.105825
0.0213648
0.1217
0.1217
0.1217
0.1217
0.1217
0.1217
0.1217
0.1217
0.1217
0.1217
0.1217
0.1217
0.1217
0.1217
0.0488895
0.1217
0.1217
0.1217
0.1217
0.107377
0.1217
0.0331631
0.1217
0.1217
0.1217
0.1217
0.1217
0.0799973
0.1217
0.1217
0.1217
0.1217
0.1217
0.1217
0.1217
0.1217
0.1217
0.1217
0.1217
0.1217
0.1217
0.1217
0.1217
0.1217
0.1217
0.0193761
0.1217
0.1217
0.1217
0.0383934
0.100917
0.1217
0.1217
0.1217
0.0363869
0.1217
0.0814148
0.1217
0.0828765
0.1217
0.1217
0.110317
0.0252378
0.1217
0.1217
0.1217
0.1217
0.00563707
0.1217
0.1217
0.1217
0.1217
0.1217
0.1217
0.1217
0.1217
0.1217
0.1217
0.1217
0.1217
0.1217
0.1217
0.1217
0.1217
0.0855064
0.1217
0.1217
0.1217
0.1217
0.1217
0.1217
0.1217
0.1217
0.1217
0.1217
0.1217
0.1217
0.1217
0.1217
0.1217
0.1217
0.0106757
0.0369511
0.1217
0.1217
0.1217
0.1217
0.1217
0.1217
0.1217
0.1217
0.1217
0.1217
0.1217
0.1217
0.1217
0.1217
0.1217
0.1217
0.1217
0.1217
0.1217
0.1217
0.1217
0.1217
0.1217
0.1217
0.104317
0.1217
0.1217
0.107301
0.1217
0.1217
0.033708
0.1217
0.1217
0.1217
0.1217
0.0336213
0.1217
0.1217
0.00940049
0.1217
0.0873163
0.1217
0.1217
0.1217
0.1217
0.1217
0.1217
0.1217
0.1217
0.1217
0.1217
0.1217
0.00654195
0.1217
0.1217
0.1217
0.0502765
0.114361
0.001781
0.1217
0.1217
0.1217
0.1217
0.1217
0.1217
0.1217
0.1217
0.1217
0.1217
0.0294814
0.00938388
0.1217
0.0394843
0.1217
0.1217
0.1217
0.1217
0.1217
0.1217
0.1217
0.1217
0.1217
0.1217
0.1217
0.1217
0.1217
0.1217
0.1217
0.1217
0.1217
0.1217
0.1217
0.1217
0.1217
0.1217
0.1217
0.1217
0.1217
0.1217
0.1217
0.1217
0.1217
0.1217
0.1217
0.1217
0.1217
0.1217
0.1217
0.1217
0.0301023
0.1217
0.1217
0.1217
0.1217
0.0364296
0.1217
0.1217
0.1217
0.1217
0.1217
0.1217
0.1217
0.1217
0.1217
0.1217
0.1217
0.1217
0.1217
0.000394676
0.1217
0.1217
0.1217
0.1217
0.1217
0.1217
0.1217
0.1217
0.1217
0.0386477
0.1217
0.1217
0.0850241
0.1217
0.1217
0.1217
0.1217
0.1217
0.1217
0.1217
0.1217
0.1217
0.1217
0.1217
0.1217
0.1217
0.1217
0.1217
0.0916098
0.1217
0.1217
0.1217
0.1217
0.1217
0.1217
0.1217
0.1217
0.1217
0.1217
0.1217
0.1217
0.1217
0.1217
0.1217
0.1217
0.0129103
0.1217
0.1217
0.1217
0.1217
0.0113341
0.1217
0.1217
0.1217
0.1217
0.1217
0.1217
0.1217
0.1217
0.1217
0.1217
0.1217
0.1217
0.1217
0.1217
0.0202181
0.1217
0.1217
0.1217
0.1217
0.106416
0.1217
0.1217
0.1217
0.0977651
0.1217
0.1217
0.1217
0.1217
0.1217
0.1217
0.1217
0.1217
0.1217
0.1217
0.1217
0.1217
0.1217
0.1217
0.1217
0.0194099
0.1217
0.1217
0.1217
0.1217
0.1217
0.1217
0.1217
0.1217
0.1217
0.1217
0.1217
0.1217
0.1217
0.1217
0.1217
0.1217
0.00459324
0.1217
0.1217
0.1217
0.1217
0.1217
0.1217
0.1217
0.1217
0.1217
0.1217
0.1217
0.1217
0.1217
0.0849611
0.1217
0.1217
0.1217
0.1217
0.0282691
0.121631
0.1217
0.1217
0.1217
0.1217
0.1217
0.1217
0.1217
0.1217
0.119122
0.1217
0.0825032
0.0298443
0.1217
0.1217
0.1217
0.1217
0.0433555
0.1217
0.1217
0.1217
0.1217
0.1217
0.1217
0.1217
0.1217
0.1217
0.1217
0.1217
0.1217
0.1217
0.1217
0.1217
0.0368197
0.1217
0.1217
0.1217
0.1217
0.1217
0.1217
0.1217
0.1217
0.1217
0.0375715
0.1217
0.1217
0.1217
0.1217
0.1217
0.1217
0.1217
0.1217
0.1217
0.1217
0.1217
0.1217
0.1217
0.1217
0.1217
0.1217
0.0067787
0.1217
0.1217
0.1217
0.107277
0.1217
0.1217
0.1217
0.1217
0.1217
0.00709212
0.1217
0.1217
0.1217
0.1217
0.1217
0.1217
0.1217
0.1217
0.1217
0.1217
0.1217
0.1217
0.1217
0.1217
0.1217
0.1217
0.1217
0.1217
0.1217
0.1217
0.1217
0.1217
0.1217
0.1217
0.0340709
0.1217
0.1217
0.1217
0.1217
0.1217
0.1217
0.1217
0.1217
0.0259744
0.1217
0.1217
0.1217
0.036134
0.0551684
0.1217
0.1217
0.1217
0.1217
0.1217
0.1217
0.1217
0.1217
0.1217
0.1217
0.1217
0.1217
0.1217
0.1217
0.1217
0.1217
0.1217
0.1217
0.1217
0.1217
0.0869214
0.1217
0.0301338
0.1217
0.105776
0.1217
0.1217
0.1217
0.1217
0.1217
0.088173
0.1217
0.1217
0.1217
0.1217
0.1217
0.1217
0.1217
0.1217
0.1217
0.1217
0.1217
0.1217
0.1217
0.10575
0.102179
0.032389
0.1217
0.1217
0.1217
0.1217
0.1217
0.1217
0.1217
0.1217
0.1217
0.1217
0.1217
0.1217
0.1217
0.1217
0.1217
0.1217
0.1217
0.1217
0.1217
0.1217
0.1217
0.1217
0.1217
0.1217
0.1217
0.1217
0.1217
0.1217
0.1217
0.1217
0.1217
0.00179417
0.1217
0.1217
0.1217
0.1217
0.1217
0.1217
0.0936072
0.1217
0.1217
0.0114116
0.1217
0.1217
0.1217
0.1217
0.1217
0.1217
0.1217
0.118099
0.1217
0.0377375
0.1217
0.1217
0.1217
0.1217
0.1217
0.1217
0.1217
0.1217
0.1217
0.1217
0.1217
0.1217
0.0872051
0.1217
0.1217
0.1217
0.1217
0.1217
0.1217
0.1217
0.1217
0.0925029
0.1217
0.1217
0.1217
0.1217
0.1217
0.1217
0.1217
0.1217
0.1217
0.1217
0.1217
0.1217
0.1217
0.1217
0.1217
0.1217
0.1217
0.1217
0.121626
0.1217
0.1217
0.000548755
0.1217
0.1217
0.1217
0.1217
0.1217
0.1217
0.1217
0.1217
0.1217
0.1217
0.1217
0.1217
0.1217
0.1217
0.1217
0.1217
0.1217
0.1217
0.0366545
0.1217
0.1217
0.0352609
0.1217
0.1217
0.1217
0.1217
0.1217
0.1217
0.1217
0.1217
0.1217
0.1217
0.1217
0.0143647
0.1217
0.1217
0.1217
0.1217
0.1217
0.1217
0.0935529
0.1217
0.1217
0.1217
0.1217
0.1217
0.1217
0.1217
0.0362282
0.1217
0.1217
0.1217
0.0211183
0.0941963
0.1217
0.1217
0.1217
0.1217
0.1217
0.1217
0.1217
0.1217
0.1217
0.108196
0.1217
0.1217
0.1217
0.1217
0.1217
0.1217
0.1217
0.1217
0.1217
0.1217
0.1217
0.1217
0.000161262
0.1217
0.1217
0.1217
0.1217
0.1217
0.000207557
0.1217
0.1217
0.1217
0.1217
0.1217
0.1217
0.1217
0.1217
0.1217
0.1217
0.1217
0.0160516
0.1217
0.1217
0.1217
0.08462
0.1217
0.1217
0.1217
0.1217
0.1217
0.1217
0.1217
0.111455
0.1217
0.1217
0.1217
0.1217
0.1217
0.1217
0.1217
0.121459
0.1217
0.1217
0.104288
0.1217
0.0101405
0.1217
0.0306466
0.1217
0.1217
0.1217
0.1217
0.1217
0.1217
0.1217
0.1217
0.1217
0.1217
0.1217
0.1217
0.1217
0.1217
0.1217
0.1217
0.1217
0.1217
0.1217
0.1217
0.1217
0.1217
0.1217
0.1217
0.1217
0.1217
0.1217
0.1217
0.1217
0.1217
0.1217
0.1217
0.1217
0.1217
0.1217
0.1217
0.1217
0.1217
0.1217
0.1217
0.1217
0.1217
0.1217
0.1217
0.1217
0.1217
0.1217
0.1217
0.1217
0.1217
0.1217
0.1217
0.1217
0.1217
0.1217
0.1217
0.1217
0.1217
0.00321167
0.1217
0.1217
0.1217
0.1217
0.0358063
0.1217
0.1217
0.0111054
0.1217
0.1217
0.1217
0.1217
0.1217
0.1217
0.1217
0.1217
0.1217
0.1217
0.1217
0.1217
0.1217
0.1217
0.0804588
0.1217
0.1217
0.1217
0.0972417
0.1217
0.0159953
0.1217
0.0899546
0.1217
0.1217
0.1217
0.1217
0.1217
0.0371588
0.1217
0.1217
0.1217
0.1217
0.1217
0.1217
0.1217
0.0849347
0.1217
0.1217
0.1217
0.1217
0.1217
0.1217
0.1217
0.0347208
0.1217
0.1217
0.1217
0.0272478
0.1217
0.1217
0.1217
0.1217
0.1217
0.1217
0.1217
0.1217
0.1217
0.1217
0.1217
0.1217
0.1217
0.1217
0.1217
0.1217
0.1217
0.1217
0.1217
0.00315749
0.1217
0.1217
0.1217
0.1217
0.1217
0.1217
0.1217
0.1217
0.1217
0.1217
0.1217
0.1217
0.1217
0.1217
0.1217
0.1217
0.1217
0.1217
0.1217
0.1217
0.1217
0.1217
0.1217
0.1217
0.1217
0.1217
0.1217
0.1217
0.1217
0.0329413
0.1217
0.1217
0.1217
0.1217
0.1217
0.1217
0.1217
0.100897
0.0954086
0.1217
0.1217
0.104311
0.1217
0.1217
0.1217
0.1217
0.1217
0.00351108
0.1217
0.0366651
0.1217
0.1217
0.1217
0.1217
0.0361229
0.1217
0.1217
0.1217
0.1217
0.1217
0.1217
0.1217
0.1217
0.1217
0.0858037
0.1217
0.1217
0.1217
0.100803
0.1217
0.0890646
0.0299292
0.1217
0.1217
0.1217
0.1217
0.1217
0.1217
0.1217
0.1217
0.0227187
0.1217
0.1217
0.1217
0.1217
0.1217
0.1217
0.1217
0.1217
0.1217
0.1217
0.1217
0.1217
0.1217
0.0327649
0.1217
0.1217
0.1217
0.1217
0.1217
0.1217
0.1217
0.1217
0.1217
0.1217
0.1217
0.1217
0.1217
0.1217
0.1217
0.1217
0.1217
0.1217
0.1217
0.1217
0.1217
0.1217
0.1217
0.0347827
0.1217
0.0857089
0.025519
0.1217
0.1217
0.0325065
0.1217
0.1217
0.0978222
0.1217
0.1217
0.1217
0.0838392
0.1217
0.1217
0.1217
0.1217
0.1217
0.1217
0.1217
0.1217
0.1217
0.0391931
0.1217
0.1217
0.1217
0.1217
0.1217
0.1217
0.1217
0.1217
0.1217
0.1217
0.1217
0.1217
0.1217
0.1217
0.1217
0.1217
0.1217
0.1217
0.1217
0.1217
0.1217
0.1217
0.1217
0.0132295
0.1217
0.1217
0.0330878
0.1217
0.1217
0.1217
0.1217
0.1217
0.1217
0.1217
0.1217
0.1217
0.1217
0.1217
0.1217
0.1217
0.1217
0.1217
0.1217
0.1217
0.1217
0.1217
0.1217
0.0989198
0.1217
0.1217
0.1217
0.1217
0.1217
0.107533
0.1217
0.1217
0.1217
0.1217
0.1217
0.1217
0.1217
0.1217
0.1217
0.0987777
0.0846329
0.1217
0.1217
0.1217
0.0300324
0.1217
0.1217
0.1217
0.1217
0.0989675
0.1217
0.1217
0.1217
0.1217
0.1217
0.0299094
0.1217
0.1217
0.1217
0.1217
0.1217
0.1217
0.1217
0.1217
0.1217
0.1217
0.1217
0.1217
0.1217
0.1217
0.00769808
0.1217
0.00614066
0.1217
0.1217
0.0940286
0.1217
0.1217
0.1217
0.1217
0.1217
0.0995328
0.1217
0.1217
0.1217
0.1217
0.1217
0.1217
0.1217
0.1217
0.0985887
0.1217
0.1217
0.1217
0.1217
0.1217
0.1217
0.1217
0.1217
0.1217
0.1217
0.1217
0.1217
0.1217
0.1217
0.1217
0.1217
0.1217
0.1217
0.1217
0.1217
0.1217
0.1217
0.1217
0.1217
0.028721
0.1217
0.0362141
0.1217
0.1217
0.1217
0.1217
0.1217
0.1217
0.0278414
0.1217
0.1217
0.1217
0.058719
0.1217
0.1217
0.1217
0.1217
0.1217
0.1217
0.0310534
0.0391034
0.0324758
0.1217
0.1217
0.0337498
0.0338722
0.1217
0.1217
0.1217
0.1217
0.102339
0.1217
0.1217
0.0870478
0.1217
0.1217
0.1217
0.1217
0.1217
0.1217
0.1217
0.1217
0.1217
0.1217
0.1217
0.1217
0.1217
0.1217
0.1217
0.1217
0.1217
0.1217
0.1217
0.1217
0.1217
0.1217
0.1217
0.1217
0.1217
0.1217
0.1217
0.1217
0.1217
0.1217
0.1217
0.1217
0.0384993
0.1217
0.0312507
0.1217
0.1217
0.1217
0.1217
0.1217
0.1217
0.1217
0.1217
0.1217
0.0359956
0.1217
0.1217
0.1217
0.1217
0.1217
0.1217
0.1217
0.113016
0.1217
0.1217
0.1217
0.1217
0.1217
0.1217
0.1217
0.121575
0.1217
0.1217
0.1217
0.1217
0.1217
0.0945419
0.1217
0.1217
0.1217
0.1217
0.1217
0.1217
0.1217
0.1217
0.1217
0.1217
0.1217
0.1217
0.1217
0.1217
0.1217
0.1217
0.1217
0.1217
0.1217
0.1217
0.1217
0.1217
0.1217
0.1217
0.0341815
0.1217
0.1217
0.1217
0.1217
0.1217
0.1217
0.1217
0.0255582
0.1217
0.1217
0.1217
0.079438
0.1217
0.1217
0.1217
0.1217
0.1217
0.1217
0.00402499
0.1217
0.1217
0.0877825
0.084292
0.1217
0.1217
0.1217
0.1217
0.0254265
0.1217
0.1217
0.1217
0.1217
0.1217
0.1217
0.1217
0.1217
0.1217
0.000732589
0.1217
0.094957
0.1217
0.1217
0.1217
0.00108874
0.1217
0.1217
0.1217
0.1217
0.1217
0.1217
0.1217
0.1217
0.1217
0.1217
0.1217
0.1217
0.1217
0.1217
0.109113
0.1217
0.1217
0.1217
0.1217
0.1217
0.1217
0.1217
0.1217
0.1217
0.1217
0.1217
0.1217
0.1217
0.1217
0.0875459
0.1217
0.1217
0.1217
0.1217
0.1217
0.1217
0.1217
0.1217
0.1217
0.0953677
0.1217
0.1217
0.1217
0.1217
0.1217
0.1217
0.1217
0.1217
0.1217
0.00254628
0.0313279
0.1217
0.1217
0.1217
0.1217
0.1217
0.1217
0.1217
0.121277
0.1217
0.1217
0.1217
0.1217
0.1217
0.0865303
0.0862912
0.1217
0.0896304
0.1217
0.1217
0.1217
0.1217
0.1217
0.0832433
0.1217
0.1217
0.1217
0.1217
0.1217
0.1217
0.1217
0.1217
0.00785222
0.1217
0.1217
0.1217
0.1217
0.1217
0.0384927
0.1217
0.1217
0.1217
0.1217
0.1217
0.1217
0.1217
0.1217
0.1217
0.1217
0.1217
0.1217
0.1217
0.087321
0.1217
0.0271697
0.1217
0.1217
0.1217
0.1217
0.038779
0.0834915
0.1217
0.1217
0.00398503
0.103521
0.1217
0.1217
0.1217
0.0346601
0.1217
0.1217
0.1217
0.1217
0.1217
0.1217
0.1217
0.0939598
0.1217
0.1217
0.0168248
0.1217
0.1217
0.1217
0.1217
0.1217
0.1217
0.1217
0.1217
0.1217
0.0862617
0.1217
0.1217
0.1217
0.1217
0.1217
0.1217
0.1217
0.1217
0.1217
0.1217
0.1217
0.038528
0.1217
0.1217
0.1217
0.1217
0.1217
0.1217
0.00448738
0.1217
0.1217
0.1217
0.1217
0.1217
0.1217
0.0124416
0.1217
0.1217
0.1217
0.1217
0.1217
0.1217
0.1217
0.1217
0.1217
0.1217
0.1217
0.1217
0.00803025
0.1217
0.1217
0.0269277
0.1217
0.1217
0.0923524
0.1217
0.1217
0.1217
0.1217
0.1217
0.1217
0.1217
0.1217
0.1217
0.1217
0.1217
0.1217
0.1217
0.1217
0.1217
0.1217
0.1217
0.1217
0.1217
0.1217
0.1217
0.1217
0.1217
0.1217
0.1217
0.1217
0.1217
0.1217
0.00993701
0.1217
0.1217
0.1217
0.1217
0.1217
0.1217
0.1217
0.1217
0.1217
0.1217
0.1217
0.1217
0.1217
0.1217
0.1217
0.1217
0.0333277
0.1217
0.0985037
0.1217
0.1217
0.1217
0.1217
0.1217
0.1217
0.1217
0.1217
0.1217
0.1217
0.1217
0.1217
0.1217
0.1217
0.1217
0.1217
0.1217
0.1217
0.1217
0.1217
0.0327803
0.1217
0.1217
0.1217
0.1217
0.1217
0.1217
0.1217
0.1217
0.1217
0.1217
0.1217
0.1217
0.1217
0.1217
0.1217
0.1217
0.1217
0.0386089
0.0336054
0.1217
0.1217
0.1217
0.1217
0.1217
0.1217
0.1217
0.1217
0.1217
0.1217
0.1217
0.1217
0.1217
0.1217
0.1217
0.1217
0.1217
0.1217
0.1217
0.1217
0.1217
0.1217
0.1217
0.1217
0.1217
0.1217
0.1217
0.1217
0.1217
0.1217
0.1217
0.1217
0.1217
0.00244529
0.1217
0.0371566
0.0121107
0.1217
0.1217
0.0832756
0.1217
0.1217
0.1217
0.1217
0.0315727
0.1217
0.1217
0.1217
0.1217
0.1217
0.1217
0.1217
0.1217
0.1217
0.1217
0.1217
0.1217
0.1217
0.1217
0.1217
0.1217
0.1217
0.1217
0.1217
0.120276
0.1217
0.1217
0.1217
0.1217
0.1217
0.0281368
0.1217
0.1217
0.1217
0.1217
0.1217
0.1217
0.1217
0.1217
0.1217
0.1217
0.1217
0.1217
0.1217
0.1217
0.1217
0.084454
0.0990225
0.1217
0.1217
0.1217
0.1217
0.1217
0.1217
0.1217
0.1217
0.0356149
0.1217
0.1217
0.0846005
0.1217
0.1217
0.1217
0.0302958
0.1217
0.1217
0.1217
0.1217
0.1217
0.1217
0.1217
0.1217
0.1217
0.1217
0.1217
0.1217
0.1217
0.1217
0.1217
0.102187
0.1217
0.1217
0.1217
0.1217
0.025228
0.1217
0.1217
0.1217
0.0994171
0.111856
0.1217
0.0829528
0.1217
0.1217
0.105295
0.1217
0.1217
0.083398
0.1217
0.1217
0.1217
0.1217
0.1217
0.1217
0.0360682
0.0850614
0.1217
0.1217
0.1217
0.1217
0.1217
0.109529
0.1217
0.1217
0.1217
0.1217
0.1217
0.0281105
0.1217
0.113621
0.1217
0.1217
0.1217
0.1217
0.1217
0.1217
0.1217
0.1217
0.1217
0.1217
0.1217
0.1217
0.1217
0.1217
0.1217
0.1217
0.1217
0.1217
0.1217
0.1217
0.1217
0.1217
0.1217
0.1217
0.1217
0.1217
0.1217
0.1217
0.1217
0.1217
0.1217
0.1217
0.1217
0.1217
0.1217
0.111856
0.1217
0.1217
0.1217
0.0134851
0.1217
0.1217
0.1217
0.0102339
0.1217
0.1217
0.1217
0.1217
0.1217
0.1217
0.1217
0.1217
0.1217
0.1217
0.1217
0.1217
0.0167222
0.1217
0.1217
0.1217
0.1217
0.1217
0.1217
0.1217
0.1217
0.1217
0.1217
0.1217
0.1217
0.1217
0.1217
0.0948912
0.1217
0.1217
0.1217
0.1217
0.1217
0.0368215
0.0872477
0.1217
0.1217
0.1217
0.1217
0.1217
0.0863882
0.1217
0.1217
0.1217
0.1217
0.1217
0.1217
0.1217
0.1217
0.1217
0.1217
0.1217
0.1217
0.1217
0.1217
0.1217
0.1217
0.110728
0.1217
0.0235809
0.1217
0.1217
0.1217
0.1217
0.1217
0.1217
0.1217
0.115763
0.1217
0.1217
0.1217
0.0899295
0.1217
0.1217
0.1217
0.1217
0.1217
0.1217
0.1217
0.1217
0.1217
0.0277213
0.1217
0.1217
0.1217
0.1217
0.0925072
0.1217
0.0849999
0.1217
0.1217
0.1217
0.1217
0.1217
0.1217
0.1217
0.1217
0.1217
0.1217
0.1217
0.1217
0.1217
0.1217
0.1217
0.1217
0.1217
0.0691011
0.1217
0.1217
0.1217
0.1217
0.1217
0.1217
0.0423698
0.116014
0.1217
0.1217
0.1217
0.1217
0.1217
0.1217
0.1217
0.1217
0.1217
0.1217
0.1217
0.1217
0.1217
0.1217
0.1217
0.1217
0.1217
0.1217
0.1217
0.1217
0.1217
0.1217
0.1217
0.1217
0.0140953
0.1217
0.1217
0.1217
0.1217
0.1217
0.1217
0.1217
0.0161178
0.0285686
0.1217
0.0366405
0.0995026
0.1217
0.1217
0.1217
0.1217
0.1217
0.1217
0.1217
0.0837929
0.1217
0.1217
0.1217
0.1217
0.1217
0.1217
0.1217
0.0774765
0.1217
0.1217
0.1217
0.1217
0.1217
0.1217
0.1217
0.1217
0.1217
0.1217
0.1217
0.1217
0.1217
0.1217
0.1217
0.1217
0.1217
0.099852
0.1217
0.1217
0.1217
0.1217
0.1217
0.1217
0.1217
0.1217
0.1217
0.1217
0.1217
0.1217
0.0356596
0.1217
0.1217
0.1217
0.1217
0.1217
0.1217
0.1217
0.1217
0.0230288
0.1217
0.00773728
0.1217
0.1217
0.1217
0.1217
0.1217
0.1217
0.1217
0.1217
0.1217
0.1217
0.1217
0.1217
0.082743
0.1217
0.1217
0.1217
0.1217
0.0299217
0.1217
0.0923828
0.00392349
0.1217
0.00853103
0.1217
0.1217
0.1217
0.1217
0.1217
0.1217
0.1217
0.1217
0.1217
0.1217
0.1217
0.1217
0.1217
0.1217
0.1217
0.1217
0.1217
0.1217
0.0239807
0.1217
0.1217
0.0898661
0.1217
0.0110665
0.1217
0.1217
0.1217
0.1217
0.1217
0.1217
0.1217
0.1217
0.1217
0.1217
0.1217
0.1217
0.0111097
0.1217
0.1217
0.1217
0.1217
0.036809
0.1217
0.1217
0.1217
0.1217
0.1217
0.1217
0.1217
0.1217
0.1217
0.1217
0.1217
0.0167119
0.1217
0.1217
0.1217
0.1217
0.1217
0.00979479
0.1217
0.1217
0.1217
0.1217
0.1217
0.1217
0.1217
0.1217
0.1217
0.1217
0.1217
0.1217
0.1217
0.0761423
0.1217
0.1217
0.1217
0.1217
0.0288881
0.1217
0.1217
0.1217
0.1217
0.1217
0.1217
0.1217
0.1217
0.1217
0.1217
0.1217
0.1217
0.1217
0.105997
0.1217
0.1217
0.1217
0.1217
0.1217
0.1217
0.1217
0.1217
0.1217
0.1217
0.1217
0.1217
0.1217
0.1217
0.1217
0.1217
0.1217
0.1217
0.00558145
0.0377156
0.1217
0.1217
0.1217
0.1217
0.1217
0.1217
0.1217
0.1217
0.1217
0.0398103
0.1217
0.1217
0.1217
0.0211996
0.0330877
0.1217
0.1217
0.1217
0.1217
0.1217
0.1217
0.1217
0.1217
0.0376778
0.1217
0.1217
0.1217
0.120667
0.100688
0.1217
0.1217
0.1217
0.1217
0.1217
0.1217
0.1217
0.1217
0.1217
0.1217
0.1217
0.1217
0.1217
0.1217
0.1217
0.1217
0.1217
0.1217
0.111856
0.0853489
0.1217
0.1217
0.1217
0.1217
0.1217
0.1217
0.1217
0.1217
0.1217
0.0385765
0.0895873
0.1217
0.1217
0.1217
0.1217
0.1217
0.0838564
0.1217
0.1217
0.1217
0.1217
0.1217
0.033044
0.1217
0.1217
0.1217
0.1217
0.0664238
0.1217
0.110927
0.1217
0.1217
0.1217
0.1217
0.1217
0.1217
0.0930431
0.1217
0.0205685
0.1217
0.1217
0.1217
0.1217
0.1217
0.1217
0.1217
0.1217
0.00603771
0.0239684
0.1217
0.1217
0.1217
0.1217
0.1217
0.1217
0.1217
0.1217
0.1217
0.1217
0.1217
0.1217
0.1217
0.0842858
0.01267
0.1217
0.104927
0.1217
0.1217
0.0954236
0.1217
0.083301
0.00274945
0.1217
0.1217
0.1217
0.100417
0.1217
0.1217
0.1217
0.1217
0.0848083
0.1217
0.1217
0.1217
0.1217
0.1217
0.1217
0.1217
0.104817
0.1217
0.1217
0.1217
0.1217
0.1217
0.0761743
0.1217
0.1217
0.1217
0.1217
0.1217
0.1217
0.1217
0.1217
0.1217
0.1217
0.1217
0.1217
0.1217
0.1217
0.1217
0.1217
0.1217
0.1217
0.1217
0.1217
0.1217
0.1217
0.1217
0.1217
0.1217
0.1217
0.1217
0.0323576
0.1217
0.0746162
0.1217
0.1217
0.1217
0.1217
0.1217
0.1217
0.1217
0.1217
0.0369778
0.1217
0.1217
0.1217
0.1217
0.1217
0.1217
0.1217
0.027424
0.1217
0.1217
0.1217
0.00311357
0.1217
0.1217
0.1217
0.00624131
0.1217
0.1217
0.1217
0.0819115
0.1217
0.1217
0.1217
0.1217
0.1217
0.1217
0.1217
0.1217
0.1217
0.1217
0.10512
0.1217
0.1217
0.1217
0.1217
0.1217
0.1217
0.0360676
0.1217
0.1217
0.0387342
0.1217
0.1217
0.1217
0.106281
0.1217
0.000904735
0.1217
0.1217
0.0170999
0.1217
0.1217
0.1217
0.1217
0.1217
0.1217
0.00782021
0.1217
0.1217
0.106532
0.1217
0.1217
0.1217
0.1217
0.1217
0.1217
0.1217
0.00573885
0.1217
0.1217
0.1217
0.1217
0.1217
0.1217
0.1217
0.1217
0.1217
0.1217
0.1217
0.1217
0.00114902
0.1217
0.1217
0.1217
0.1217
0.1217
0.1217
0.00428435
0.1217
0.00553986
0.000617046
0.1217
0.1217
0.1217
0.1217
0.0361476
0.1217
0.0887755
0.1217
0.1217
0.1217
0.1217
0.1217
0.1217
0.1217
0.1217
0.1217
0.1217
0.1217
0.1217
0.1217
0.108969
0.1217
0.1217
0.1217
0.1217
0.1217
0.1217
0.1217
0.1217
0.1217
0.1217
0.1217
0.1217
0.110758
0.1217
0.1217
0.1217
0.1217
0.1217
0.1217
0.1217
0.0105651
0.1217
0.1217
0.1217
0.1217
0.1217
0.1217
0.1217
0.1217
0.1217
0.1217
0.1217
0.1217
0.1217
0.0121257
0.1217
0.1217
0.1217
0.1217
0.1217
0.1217
0.1217
0.1217
0.0373557
0.1217
0.1217
0.1217
0.1217
0.1217
0.1217
0.1217
0.1217
0.1217
0.1217
0.1217
0.1217
0.1217
0.1217
0.1217
0.0975809
0.1217
0.1217
0.1217
0.1217
0.1217
0.1217
0.1217
0.1217
0.1217
0.1217
0.1217
0.1217
0.1217
0.0117931
0.1217
0.0858608
0.1217
0.1217
0.1217
0.1217
0.1217
0.1217
0.1217
0.1217
0.1217
0.1217
0.1217
0.1217
0.1217
0.1217
0.1217
0.1217
0.1217
0.1217
0.1217
0.1217
0.1217
0.1217
0.1217
0.1217
0.08584
0.111592
0.1217
0.1217
0.1217
0.1217
0.1217
0.1217
0.1217
0.1217
0.1217
0.1217
0.1217
0.1217
0.1217
0.1217
0.1217
0.0358135
0.0846289
0.1217
0.1217
0.1217
0.1217
0.1217
0.1217
0.116218
0.1217
0.1217
0.1217
0.1217
0.1217
0.1217
0.1217
0.0984147
0.1217
0.1217
0.1217
0.1217
0.1217
0.1217
0.1217
0.1217
0.1217
0.1217
0.1217
0.1217
0.1217
0.1217
0.0999506
0.1217
0.033941
0.0338339
0.1217
0.1217
0.1217
0.1217
0.1217
0.1217
0.1217
0.1217
0.1217
0.1217
0.0170257
0.1217
0.1217
0.1217
0.1217
0.1217
0.1217
0.1217
0.1217
0.1217
0.1217
0.1217
0.1217
0.1217
0.1217
0.1217
0.1217
0.1217
0.1217
0.1217
0.0774668
0.1217
0.1217
0.1217
0.1217
0.1217
0.1217
0.1217
0.1217
0.1217
0.1217
0.0195225
0.1217
0.1217
0.1217
0.1217
0.1217
0.1217
0.1217
0.1217
0.1217
0.1217
0.1217
0.0380803
0.1217
0.1217
0.1217
0.1217
0.1217
0.1217
0.1217
0.1217
0.1217
0.1217
0.0146097
0.1217
0.1217
0.1217
0.1217
0.1217
0.1217
0.1217
0.0356916
0.1217
0.1217
0.1217
0.1217
0.1217
0.1217
0.1217
0.1217
0.1217
0.1217
0.1217
0.1217
0.1217
0.0828742
0.1217
0.1217
0.1217
0.1217
0.1217
0.1217
0.1217
0.1217
0.1217
0.1217
0.1217
0.1217
0.116404
0.1217
0.1217
0.1217
0.1217
0.1217
0.1217
0.1217
0.1217
0.1217
0.1217
0.1217
0.1217
0.1217
0.1217
0.1217
0.1217
0.1217
0.1217
0.1217
0.1217
0.1217
0.1217
0.0991685
0.1217
0.1217
0.1217
0.1217
0.1217
0.1217
0.1217
0.1217
0.1217
0.1217
0.0987837
0.1217
0.1217
0.1217
0.1217
0.1217
0.1217
0.1217
0.1217
0.1217
0.1217
0.1217
0.1217
0.1217
0.1217
0.1217
0.0327756
0.1217
0.1217
0.03894
0.1217
0.1217
0.1217
0.1217
0.1217
0.1217
0.1217
0.0370177
0.1217
0.1217
0.1217
0.1217
0.1217
0.1217
0.0131154
0.1217
0.1217
0.1217
0.1217
0.1217
0.1217
0.1217
0.1217
0.1217
0.1217
0.1217
0.1217
0.1217
0.1217
0.1217
0.1217
0.0597581
0.1217
0.00166054
0.1217
0.1217
0.1217
0.1217
0.1217
0.1217
0.1217
0.1217
0.1217
0.1217
0.1217
0.1217
0.1217
0.1217
0.1217
0.1217
0.1217
0.1217
0.0379165
0.1217
0.1217
0.1217
0.1217
0.1217
0.1217
0.1217
0.1217
0.1217
0.1217
0.1217
0.0756898
0.1217
0.1217
0.1217
0.1217
0.1217
0.1217
0.1217
0.1217
0.1217
0.1217
0.1217
0.0355747
0.1217
0.00641633
0.1217
0.1217
0.1217
0.1217
0.1217
0.1217
0.1217
0.1217
0.1217
0.1217
0.1217
0.119608
0.1217
0.0386279
0.1217
0.1217
0.1217
0.1217
0.1217
0.1217
0.1217
0.1217
0.1217
0.1217
0.1217
0.1217
0.1217
0.1217
0.1217
0.1217
0.112732
0.1217
0.1217
0.1217
0.1217
0.1217
0.1217
0.1217
0.1217
0.1217
0.1217
0.1217
0.1217
0.1217
0.1217
0.1217
0.1217
0.0831921
0.1217
0.1217
0.1217
0.1217
0.1217
0.1217
0.1217
0.1217
0.1217
0.039636
0.1217
0.1217
0.1217
0.1217
0.1217
0.0960278
0.1217
0.1217
0.1217
0.1217
0.03035
0.1217
0.1217
0.1217
0.1217
0.0117522
0.1217
0.0252408
0.1217
0.1217
0.1217
0.1217
0.1217
0.1217
0.1217
0.1217
0.1217
0.1217
0.1217
0.1217
0.1217
0.1217
0.1217
0.1217
0.0806277
0.1217
0.1217
0.1217
0.1217
0.1217
0.1217
0.102755
0.1217
0.0850954
0.1217
0.1217
0.1217
0.1217
0.1217
0.1217
0.1217
0.1217
0.1217
0.1217
0.1217
0.0361206
0.1217
0.1217
0.1217
0.1217
0.1217
0.1217
0.1217
0.1217
0.1217
0.1217
0.1217
0.1217
0.0921051
0.1217
0.1217
0.1217
0.1217
0.1217
0.1217
0.0315448
0.1217
0.0181066
0.1217
0.1217
0.1217
0.1217
0.1217
0.1217
0.1217
0.1217
0.1217
0.1217
0.1217
0.1217
0.1217
0.1217
0.1217
0.1217
0.0860206
0.1217
0.1217
0.1217
0.1217
0.1217
0.1217
0.1217
0.1217
0.1217
0.1217
0.1217
0.1217
0.1217
0.1217
0.1217
0.1217
0.1217
0.1217
0.1217
0.1217
0.1217
0.1217
0.1217
0.1217
0.1217
0.1217
0.1217
0.1217
0.1217
0.0388782
0.1217
0.1217
0.012037
0.1217
0.1217
0.1217
0.0867292
0.1217
0.0296743
0.0974464
0.1217
0.1217
0.1217
0.0249951
0.0351757
0.1217
0.00441988
0.1217
0.0859004
0.1217
0.1217
0.1217
0.1217
0.111602
0.1217
0.1217
0.0349519
0.1217
0.1217
0.1217
0.0845572
0.1217
0.1217
0.120713
0.1217
0.1217
0.1217
0.1217
0.1217
0.0345889
0.1217
0.1217
0.1217
0.1217
0.028898
0.1217
0.1217
0.0217741
0.1217
0.1217
0.1217
0.1217
0.1217
0.1217
0.1217
0.1217
0.1217
0.1217
0.1217
0.1217
0.1217
0.1217
0.1217
0.1217
0.1217
0.0389646
0.1217
0.1217
0.1217
0.1217
0.1217
0.1217
0.1217
0.1217
0.1217
0.1217
0.1217
0.1217
0.1217
0.1217
0.1217
0.1217
0.1217
0.1217
0.1217
0.0862769
0.1217
0.1217
0.0171258
0.1217
0.1217
0.1217
0.037701
0.1217
0.0346708
0.1217
0.1217
0.1217
0.1217
0.1217
0.1217
0.1217
0.1217
0.1217
0.1217
0.1217
0.1217
0.1217
0.0355365
0.1217
0.1217
0.1217
0.1217
0.1217
0.1217
0.1217
0.1217
0.1217
0.1217
0.0848473
0.1217
0.1217
0.1217
0.1217
0.1217
0.1217
0.1217
0.1217
0.1217
0.1217
0.1217
0.1217
0.1217
0.0102604
0.1217
0.1217
0.1217
0.1217
0.1217
0.0257186
0.1217
0.0404889
0.1217
0.1217
0.1217
0.1217
0.0321469
0.1217
0.00813049
0.1217
0.1217
0.1217
0.1217
0.1217
0.1217
0.1217
0.1217
0.1217
0.1217
0.1217
0.1217
0.112656
0.1217
0.00610329
0.1217
0.1217
0.1217
0.1217
0.1217
0.1217
0.1217
0.00644336
0.1217
0.1217
0.1217
0.1217
0.1217
0.1217
0.1217
0.1217
0.1217
0.1217
0.1217
0.1217
0.1217
0.1217
0.1217
0.1217
0.1217
0.1217
0.1217
0.1217
0.1217
0.1217
0.1217
0.1217
0.1217
0.1217
0.1217
0.1217
0.1217
0.1217
0.1217
0.1217
0.00642972
0.1217
0.1217
0.1217
0.1217
0.1217
0.1217
0.1217
0.1217
0.1217
0.1217
0.1217
0.1217
0.1217
0.1217
0.1217
0.1217
0.1217
0.1217
0.1217
0.0356731
0.1217
0.1217
0.1217
0.0841127
0.1217
0.1217
0.1217
0.1217
0.1217
0.1217
0.1217
0.1217
0.0103176
0.1217
0.1217
0.0891315
0.1217
0.1217
0.1217
0.1217
0.1217
0.1217
0.1217
0.114718
0.1217
0.1217
0.1217
0.1217
0.111888
0.1217
0.1217
0.1217
0.1217
0.0407757
0.1217
0.1217
0.1217
0.1217
0.1217
0.1217
0.1217
0.1217
0.1217
0.1217
0.1217
0.1217
0.1217
0.0835456
0.00907155
0.1217
0.1217
0.1217
0.00469774
0.1217
0.1217
0.1217
0.1217
0.1217
0.1217
0.0738305
0.1217
0.0949948
0.0841319
0.1217
0.1217
0.0334366
0.1217
0.1217
0.1217
0.0896942
0.0489947
0.0372695
0.1217
0.1217
0.1217
0.1217
0.1217
0.1217
0.1217
0.1217
0.1217
0.1217
0.1217
0.1217
0.1217
0.1217
0.1217
0.1217
0.1217
0.1217
0.1217
0.1217
0.1217
0.0343975
0.1217
0.1217
0.1217
0.1217
0.1217
0.1217
0.1217
0.1217
0.1217
0.1217
0.1217
0.1217
0.1217
0.1217
0.1217
0.1217
0.1217
0.1217
0.1217
0.1217
0.1217
0.1217
0.1217
0.1217
0.1217
0.1217
0.1217
0.1217
0.1217
0.1217
0.1217
0.0018523
0.0160194
0.0217213
0.1217
0.1217
0.1217
0.1217
0.1217
0.1217
0.1217
0.0424326
0.1217
0.1217
0.0875674
0.1217
0.1217
0.0334105
0.1217
0.1217
0.1217
0.1217
0.1217
0.1217
0.1217
0.1217
0.0743798
0.1217
0.1217
0.1217
0.1217
0.1217
0.1217
0.0363373
0.1217
0.1217
0.0330393
0.1217
0.1217
0.1217
0.0132094
0.1217
0.1217
0.1217
0.1217
0.1217
0.1217
0.1217
0.1217
0.00923044
0.1217
0.1217
0.1217
0.1217
0.1217
0.1217
0.1217
0.1217
0.1217
0.0358228
0.1217
0.1217
0.1217
0.1217
0.1217
0.1217
0.1217
0.1217
0.1217
0.017536
0.0274958
0.1217
0.0303665
0.1217
0.1217
0.1217
0.1217
0.1217
0.1217
0.1217
0.1217
0.1217
0.1217
0.1217
0.1217
0.1217
0.117588
0.1217
0.1217
0.1217
0.1217
0.1217
0.1217
0.1217
0.1217
0.1217
0.1217
0.1217
0.1217
0.1217
0.1217
0.1217
0.1217
0.1217
0.00477745
0.0110487
0.1217
0.00610001
0.0988469
0.1217
0.1217
0.1217
0.1217
0.1217
0.0770132
0.1217
0.1217
0.1217
0.1217
0.1217
0.1217
0.0937114
0.1217
0.1217
0.1217
0.1217
0.1217
0.1217
0.1217
0.1217
0.1217
0.0288285
0.1217
0.1217
0.1217
0.1217
0.1217
0.1217
0.0827823
0.1217
0.1217
0.1217
0.1217
0.1217
0.1217
0.1217
0.1217
0.1217
0.1217
0.1217
0.1217
0.1217
0.1217
0.1217
0.1217
0.1217
0.1217
0.1217
0.1217
0.1217
0.1217
0.1217
0.1217
0.1217
0.1217
0.1217
0.1217
0.1217
0.1217
0.0370985
0.1217
0.1217
0.1217
0.1217
0.1217
0.1217
0.1217
0.1217
0.1217
0.1217
0.1217
0.0849805
0.1217
0.1217
0.1217
0.1217
0.1217
0.1217
0.1217
0.1217
0.1217
0.1217
0.1217
0.0368761
0.1217
0.1217
0.1217
0.101158
0.1217
0.1217
0.1217
0.1217
0.034053
0.0861742
0.1217
0.1217
0.0713941
0.0154046
0.110742
0.1217
0.1217
0.1217
0.1217
0.1217
0.1217
0.1217
0.110718
0.1217
0.0371276
0.00560532
0.1217
0.0810797
0.1217
0.1217
0.1217
0.1217
0.1217
0.1217
0.1217
0.1217
0.1217
0.1217
0.1217
0.0850481
0.1217
0.1217
0.1217
0.1217
0.1217
0.1217
0.1217
0.1217
0.1217
0.1217
0.1217
0.0349021
0.1217
0.1217
0.1217
0.1217
0.1217
0.1217
0.1217
0.1217
0.1217
0.1217
0.1217
0.1217
0.1217
0.1217
0.1217
0.1217
0.118802
0.11104
0.1217
0.1217
0.1217
0.1217
0.1217
0.1217
0.1217
0.1217
0.1217
0.1217
0.1217
0.1217
0.1217
0.1217
0.1217
0.00968544
0.1217
0.1217
0.0356972
0.1217
0.0909527
0.1217
0.1217
0.1217
0.1217
0.0249655
0.1217
0.1217
0.1217
0.084238
0.1217
0.1217
0.1217
0.1217
0.1217
0.1217
0.1217
0.1217
0.1217
0.1217
0.1217
0.1217
0.1217
0.1217
0.1217
0.1217
0.1217
0.1217
0.1217
0.038561
0.1217
0.1217
0.1217
0.1217
0.1217
0.1217
0.1217
0.1217
0.1217
0.1217
0.1217
0.1217
0.1217
0.1217
0.1217
0.1217
0.1217
0.116073
0.1217
0.1217
0.1217
0.1217
0.1217
0.1217
0.1217
0.1217
0.1217
0.1217
0.1217
0.1217
0.1217
0.1217
0.1217
0.1217
0.1217
0.1217
0.1217
0.1217
0.1217
0.1217
0.1217
0.1086
0.1217
0.1217
0.1217
0.1217
0.1217
0.00494524
0.1217
0.1217
0.1217
0.1217
0.1217
0.1217
0.1217
0.1217
0.0888678
0.1217
0.1217
0.1217
0.1217
0.1217
0.1217
0.1217
0.1217
0.1217
0.1217
0.037608
0.1217
0.1217
0.1217
0.1217
0.1217
0.1217
0.1217
0.1217
0.1217
0.0298548
0.1217
0.1217
0.1217
0.1217
0.1217
0.1217
0.1217
0.1217
0.1217
0.0853972
0.1217
0.1217
0.1217
0.1217
0.1217
0.1217
0.1217
0.1217
0.1217
0.00656666
0.0833348
0.1217
0.1217
0.1217
0.1217
0.1217
0.1217
0.1217
0.0845484
0.1217
0.1217
0.1217
0.1217
0.1217
0.1217
0.1217
0.1217
0.1217
0.1217
0.1217
0.1217
0.1217
0.1217
0.1217
0.1217
0.111888
0.118505
0.1217
0.1217
0.1217
0.1217
0.1217
0.1217
0.1217
0.1217
0.1217
0.1217
0.1217
0.1217
0.1217
0.1217
0.1217
0.1217
0.1217
0.0239282
0.1217
0.1217
0.1217
0.1217
0.1217
0.1217
0.1217
0.1217
0.1217
0.1217
0.1217
0.1217
0.1217
0.1217
0.1217
0.1217
0.00134964
0.1217
0.1217
0.1217
0.0771108
0.1217
0.1217
0.1217
0.1217
0.1217
0.0845147
0.0984801
0.1217
0.1217
0.1217
0.1217
0.1217
0.1217
0.0837362
0.1217
0.1217
0.1217
0.1217
0.1217
0.1217
0.1217
0.1217
0.1217
0.1217
0.1217
0.1217
0.1217
0.1217
0.1217
0.1217
0.1217
0.1217
0.1217
0.1217
0.1217
0.1217
0.1217
0.1217
0.1217
0.0334323
0.1217
0.1217
0.1217
0.1217
0.1217
0.1217
0.00691572
0.1217
0.1217
0.1217
0.1217
0.114391
0.1217
0.0148434
0.1217
0.1217
0.1217
0.1217
0.1217
0.1217
0.1217
0.1217
0.1217
0.1217
0.1217
0.0359552
0.1217
0.1217
0.0928792
0.1217
0.000294738
0.1217
0.1217
0.1217
0.1217
0.1217
0.1217
0.1217
0.1217
0.1217
0.1217
0.1217
0.1217
0.102039
0.1217
0.1217
0.1217
0.1217
0.1217
0.1217
0.1217
0.1217
0.1217
0.1217
0.1217
0.1217
0.1217
0.1217
0.00772483
0.111856
0.0339354
0.1217
0.1217
0.1217
0.1217
0.1217
0.1217
0.1217
0.101333
0.1217
0.1217
0.1217
0.1217
0.1217
0.1217
0.1217
0.1217
0.1217
0.1217
0.1217
0.1217
0.1217
0.1217
0.1217
0.1217
0.1217
0.1217
0.1217
0.1217
0.1217
0.1217
0.1217
0.1217
0.1217
0.1217
0.1217
0.1217
0.1217
0.1217
0.1217
0.1217
0.1217
0.1217
0.1217
0.1217
0.1217
0.1217
0.1217
0.1217
0.1217
0.00122858
0.1217
0.1217
0.1217
0.1217
0.1217
0.1217
0.0843878
0.1217
0.1217
0.1217
0.1217
0.1217
0.1217
0.1217
0.1217
0.1217
0.1217
0.1217
0.0310974
0.1217
0.1217
0.1217
0.1217
0.1217
0.1217
0.1217
0.1217
0.1217
0.1217
0.0161205
0.1217
0.1217
0.1217
0.1217
0.1217
0.1217
0.1217
0.1217
0.1217
0.1217
0.1217
0.1217
0.1217
0.1217
0.1217
0.1217
0.1217
0.1217
0.0365503
0.1217
0.1217
0.1217
0.1217
0.1217
0.0372835
0.0993289
0.1217
0.1217
0.1217
0.1217
0.1217
0.1217
0.1217
0.1217
0.1217
0.0234915
0.1217
0.1217
0.1217
0.1217
0.1217
0.1217
0.1217
0.1217
0.1217
0.0304194
0.1217
0.1217
0.1217
0.1217
0.1217
0.1217
0.1217
0.1217
0.1217
0.1217
0.00348079
0.1217
0.111856
0.1217
0.111244
0.1217
0.1217
0.1217
0.1217
0.1217
0.1217
0.0238866
0.0862642
0.1217
0.1217
0.1217
0.00236191
0.0308147
0.1217
0.1217
0.0527262
0.1217
0.1217
0.1217
0.1217
0.1217
0.1217
0.1217
0.1217
0.1217
0.1217
0.1217
0.000366282
0.1217
0.1217
0.1217
0.1217
0.1217
0.1217
0.1217
0.12112
0.1217
0.1217
0.1217
0.1217
0.1217
0.1217
0.0221847
0.1217
0.105172
0.1217
0.1217
0.1217
0.1217
0.1217
0.0251097
0.1217
0.1217
0.1217
0.1217
0.1217
0.1217
0.1217
0.1217
0.1217
0.1217
0.1217
0.1217
0.1217
0.1217
0.1217
0.1217
0.1217
0.1217
0.0967766
0.1217
0.1217
0.1217
0.1217
0.1217
0.1217
0.1217
0.1217
0.1217
0.1217
0.1217
0.0309357
0.103307
0.1217
0.1217
0.1217
0.1217
0.0282858
0.1217
0.1217
0.1217
0.1217
0.1217
0.0635088
0.1217
0.1217
0.1217
0.1217
0.1217
0.1217
0.1217
0.1217
0.1217
0.1217
0.1217
0.1217
0.1217
0.1217
0.1217
0.1217
0.1217
0.1217
0.1217
0.1217
0.1217
0.1217
0.1217
0.1217
0.1217
0.1217
0.1217
0.1217
0.1217
0.1217
0.1217
0.1217
0.1217
0.1217
0.1217
0.1217
0.1217
0.1217
0.1217
0.1217
0.1217
0.1217
0.1217
0.1217
0.0303736
0.1217
0.1217
0.1217
0.1217
0.1217
0.1217
0.1217
0.0124754
0.1217
0.1217
0.1217
0.1217
0.1217
0.1217
0.1217
0.1217
0.1217
0.1217
0.1217
0.1217
0.1217
0.1217
0.0336804
0.1217
0.119916
0.1217
0.1217
0.1217
0.1217
0.1217
0.1217
0.1217
0.1217
0.121164
0.1217
0.1217
0.093417
0.1217
0.1217
0.1217
