0.0760879
0.662
0.446278
0.21601
0.426656
0.270399
0.41906
0.357794
0.398493
0.368576
0.107905
0.450553
0.426438
0.662
0.662
0.248789
0.424395
0.152604
0.308622
0.520871
0.308795
0.126658
0.0404549
0.662
0.662
0.496997
0.493724
0.451085
0.253421
0.662
0.662
0.0778275
0.143099
0.662
0.538996
0.662
0.662
0.662
0.426023
0.110146
0.491159
0.141079
0.322469
0.233555
0.662
0.591263
0.00149589
0.161274
0.662
0.516622
0.193083
0.0636116
0.290142
0.373362
0.662
0.480292
0.132995
0.238805
0.434569
0.530551
0.122202
0.407141
0.2725
0.233217
0.485619
0.30706
0.213388
0.211165
0.662
0.472747
0.662
0.0444199
0.240619
0.486862
0.238783
0.662
0.433879
0.345943
0.0948692
0.0990491
0.495507
0.662
0.454627
0.211149
0.123546
0.45718
0.662
0.662
0.0543487
0.00765391
0.290257
0.121458
0.662
0.0709308
0.0672432
0.433035
0.268954
0.662
0.0242886
0.352453
0.180922
0.662
0.289029
0.0242931
0.455776
0.432807
0.0861063
0.459332
0.662
0.662
0.459563
0.662
0.662
0.409346
0.49891
0.491754
0.434304
0.358202
0.662
0.120402
0.662
0.371582
0.38649
0.0520725
0.231239
0.457683
0.461184
0.662
0.359931
0.662
0.00614375
0.514813
0.104002
0.460066
0.340628
0.45499
0.662
0.470806
0.449479
0.662
0.662
0.103849
0.380962
0.662
0.0309947
0.191379
0.662
0.424768
0.280325
0.515177
0.366361
0.376088
0.433938
0.460566
0.283523
0.350048
0.204205
0.355869
0.252108
0.0705744
0.469055
0.662
0.662
0.157657
0.662
0.451047
0.662
0.0350779
0.457599
0.662
0.111805
0.17366
0.0605588
0.23308
0.400776
0.322619
0.447791
0.462064
0.207469
0.347324
0.2275
0.470298
0.153401
0.662
0.39151
0.0554501
0.278669
0.265137
0.084977
0.3092
0.428311
0.662
0.459434
0.662
0.049447
0.437636
0.1892
0.662
0.0857827
0.662
0.463797
0.450418
0.192875
0.00731059
0.333356
0.485193
0.662
0.454868
0.228223
0.0276886
0.28683
0.434793
0.662
0.347318
0.0824856
0.551163
0.315346
0.662
0.302431
0.0890026
0.662
0.662
0.3813
0.662
0.439407
0.115975
0.209266
0.23548
0.273951
0.486894
0.467785
0.125955
0.378461
0.662
0.198687
0.04994
0.0584015
0.102241
0.170509
0.662
0.0445573
0.034282
0.152958
0.51985
0.223589
0.454784
0.233073
0.0534134
0.290773
0.466105
0.662
0.662
0.329472
0.0767218
0.120153
0.295772
0.20497
0.461175
0.25801
0.415856
0.495806
0.102829
0.481807
0.127209
0.000664861
0.662
0.308482
0.662
0.410419
0.125928
0.35087
0.459921
0.0255173
0.384534
0.662
0.332977
0.18667
0.239118
0.662
0.338165
0.108812
0.662
0.0177998
0.662
0.0708395
0.0913166
0.0694056
0.0517363
0.0147803
0.662
0.476618
0.348182
0.353552
0.662
0.512512
0.0321484
0.344301
0.520127
0.262622
0.662
0.179578
0.125754
0.299719
0.422285
0.0440816
0.228683
0.0707069
0.662
0.0441129
0.0186317
0.662
0.662
0.662
0.480146
0.282844
0.662
0.0232038
0.0207086
0.145542
0.383959
0.101924
0.455218
0.458057
0.327369
0.662
0.662
0.166239
0.465842
0.148196
0.662
0.1629
0.662
0.662
0.251195
0.122345
0.278318
0.205236
0.06697
0.0260327
0.478139
0.101631
0.662
0.662
0.417986
0.414845
0.361752
0.113682
0.588749
0.0280623
0.351531
0.662
0.214355
0.662
0.0369761
0.178609
0.094729
0.0144406
0.00277443
0.484644
0.394527
0.13459
0.180579
0.263934
0.662
0.662
0.00277141
0.16324
0.194964
0.662
0.662
0.293008
0.662
0.474873
0.662
0.169798
0.662
0.105646
0.359956
0.491955
0.39996
0.323127
0.662
0.464427
0.161177
0.164745
0.263899
0.662
0.335322
0.133266
0.662
0.112647
0.174234
0.309725
0.402027
0.320304
0.231092
0.662
0.456152
0.267448
0.0988585
0.430195
0.465393
0.662
0.662
0.662
0.439029
0.662
0.531373
0.2147
0.662
0.185114
0.48679
0.242492
0.286859
0.44741
0.188535
0.179796
0.0525152
0.468
0.500199
0.448308
0.460745
0.457164
0.242586
0.155364
0.467576
0.216569
0.109454
0.0943798
0.151942
0.662
0.0285652
0.662
0.662
0.241135
0.0433308
0.119308
0.142368
0.310606
0.283784
0.662
0.662
0.443666
0.275445
0.225641
0.588748
0.662
0.118469
0.292223
0.183203
0.422209
0.662
0.414942
0.26504
0.463682
0.0251712
0.544877
0.30129
0.460635
0.255921
0.534648
0.272333
0.259657
0.436861
0.495586
0.452904
0.169258
0.662
0.087816
0.177383
0.201324
0.365747
0.161224
0.662
0.662
0.490923
0.167165
0.096144
0.0786421
0.0223254
0.662
0.160681
0.171087
0.662
0.237573
0.0200202
0.215573
0.662
0.452028
0.423673
0.449841
0.456958
0.178947
0.662
0.451336
0.662
0.211834
0.662
0.662
0.377829
0.395776
0.131088
0.442728
0.0552414
0.210848
0.350595
0.285511
0.161405
0.198462
0.0488956
0.451022
0.226061
0.266927
0.286781
0.131264
0.0560708
0.0133255
0.453881
0.662
0.271867
0.248953
0.446622
0.662
0.032382
0.352437
0.318058
0.662
0.000920647
0.223807
0.25869
0.383561
0.527532
0.475687
0.538468
0.0204028
0.662
0.496789
0.662
0.662
0.461307
0.198233
0.465863
0.336288
0.662
0.662
0.19475
0.104146
0.662
0.0895045
0.662
0.402992
0.303205
0.462306
0.152425
0.662
0.31568
0.0201784
0.507488
0.14012
0.662
0.662
0.122457
0.214184
0.662
0.345834
0.473167
0.662
0.427
0.47969
0.662
0.467662
0.662
0.211768
0.214483
0.0511911
0.19894
0.662
0.051379
0.0811607
0.228979
0.187664
0.438973
0.662
0.662
0.20479
0.359209
0.662
0.662
0.404271
0.662
0.439413
0.501986
0.383916
0.285508
0.450441
0.662
0.662
0.103504
0.016216
0.226816
0.355897
0.354751
0.308919
0.178681
0.00347008
0.662
0.662
0.185405
0.254869
0.228594
0.364711
0.130992
0.403231
0.0309892
0.662
0.0232801
0.479796
0.0365125
0.0692228
0.0187594
0.295321
0.379642
0.202626
0.271338
0.105375
0.0582723
0.285803
0.145289
0.0242533
0.187054
0.210035
0.0181167
0.437136
0.143046
0.46653
0.662
0.350965
0.538332
0.387792
0.662
0.426455
0.146219
0.662
0.422185
0.191386
0.0568049
0.401759
0.302832
0.312271
0.445754
0.0596927
0.456572
0.0955804
0.0875926
0.241437
0.0545228
0.47125
0.0546839
0.0391982
0.662
0.278045
0.447255
0.335078
0.191544
0.526916
0.617236
0.0160894
0.486494
0.136446
0.185425
0.406422
0.662
0.450016
0.662
0.247786
0.466047
0.533869
0.461492
0.0762606
0.32278
0.662
0.662
0.25024
0.0101296
0.334276
0.445288
0.0460899
0.474307
0.662
0.0942007
0.509016
0.369433
0.505565
0.230031
0.662
0.466861
0.500925
0.39608
0.0744498
0.117457
0.662
0.317049
0.662
0.662
0.122164
0.135315
0.0115307
0.469099
0.0620479
0.466941
0.662
0.448056
0.0762969
0.473787
0.222829
0.662
0.481892
0.0901966
0.662
0.492978
0.662
0.475799
0.310734
0.170162
0.662
0.215465
0.238114
0.476769
0.0754368
0.662
0.662
0.254151
0.416535
0.248064
0.328801
0.266175
0.154792
0.332037
0.662
0.00776332
0.240675
0.526249
0.489686
0.348097
0.662
0.219239
0.131746
0.157439
0.0839663
0.431092
0.422264
0.344508
0.662
0.0949862
0.184772
0.144659
0.662
0.343027
0.662
0.662
0.255507
0.426822
0.0980654
0.451974
0.662
0.0314152
0.115146
0.220987
0.437929
0.262545
0.548005
0.0444449
0.456955
0.465866
0.158847
0.23557
0.04548
0.0793213
0.451351
0.662
0.173107
0.420886
0.206313
0.23715
0.662
0.00316676
0.662
0.275736
0.311205
0.291337
0.318998
0.662
0.0970341
0.175719
0.662
0.0125132
0.550947
0.662
0.0671225
0.21398
0.662
0.469525
0.181365
0.300791
0.263242
0.557016
0.467564
0.339273
0.219712
0.0870615
0.0273188
0.064468
0.367361
0.46872
0.163978
0.417247
0.168708
0.662
0.420335
0.662
0.459562
0.170749
0.343816
0.430605
0.442083
0.262914
0.317828
0.297656
0.114477
0.0179265
0.662
0.400441
0.662
0.662
0.439855
0.434081
0.202565
0.448866
0.396774
0.662
0.0336242
0.248526
0.662
0.172547
0.279973
0.39534
0.117287
0.12714
0.662
0.433401
0.174768
0.513752
0.662
0.372625
0.315852
0.662
0.662
0.428195
0.311009
0.245346
0.312276
0.059588
0.473177
0.662
0.161963
0.662
0.662
0.305483
0.662
0.078476
0.403958
0.211338
0.460782
0.139107
0.662
0.349042
0.662
0.00843731
0.0573032
0.0216733
0.662
0.190254
0.278097
0.143902
0.662
0.0583977
0.662
0.460617
0.522944
0.662
0.0250909
0.0268824
0.662
0.146894
0.466826
0.390711
0.662
0.0359046
0.384089
0.662
0.588327
0.226156
0.103019
0.477894
0.113345
0.662
0.0158183
0.662
0.296923
0.111108
0.316721
0.458369
0.662
0.275164
0.278642
0.662
0.0553445
0.22699
0.41127
0.14727
0.662
0.427161
0.097937
0.232994
0.109499
0.357224
0.662
0.385039
0.392389
0.371309
0.0143791
0.155186
0.662
0.662
0.0658509
0.48609
0.662
0.662
0.294611
0.458961
0.415022
0.342865
0.232696
0.168704
0.46742
0.17115
0.123403
0.219792
0.309155
0.184918
0.19054
0.130332
0.383341
0.200104
0.0692332
0.3775
0.140526
0.472327
0.432615
0.483981
0.471175
0.662
0.244983
0.0690822
0.491741
0.126365
0.321032
0.0529993
0.389864
0.662
0.379004
0.218926
0.225607
0.455022
0.662
0.34356
0.662
0.187614
0.458905
0.302483
0.662
0.442146
0.203299
0.491409
0.430934
0.0200132
0.135118
0.245463
0.157478
0.398072
0.436361
0.334011
0.662
0.0412918
0.440536
0.662
0.193701
0.159578
0.180946
0.00658522
0.0855001
0.37963
0.435124
0.44693
0.662
0.186156
0.0301597
0.452218
0.224862
0.523835
0.662
0.0435727
0.448212
0.207802
0.662
0.00511663
0.144702
0.421843
0.00394153
0.113167
0.662
0.310791
0.662
0.662
0.358458
0.398324
0.0138925
0.0198717
0.424593
0.0436715
0.662
0.464322
0.662
0.411141
0.448201
0.452823
0.184384
0.139885
0.330396
0.458878
0.374546
0.334132
0.216218
0.276543
0.425693
0.662
0.00964067
0.662
0.662
0.662
0.0630939
0.230807
0.252953
0.662
0.150725
0.662
0.26283
0.662
0.662
0.295446
0.111777
0.469157
0.662
0.451836
0.0441114
0.0219081
0.40708
0.169168
0.402993
0.406914
0.662
0.401393
0.662
0.662
0.0115278
0.662
0.158396
0.662
0.367817
0.456815
0.38863
0.662
0.476983
0.17313
0.477211
0.662
0.662
0.489426
0.0445303
0.662
0.451144
0.274806
0.662
0.662
0.47745
0.452464
0.662
0.0790692
0.205033
0.187222
0.196013
0.125221
0.662
0.28105
0.407226
0.297055
0.357555
0.421529
0.263661
0.0431481
0.107352
0.310853
0.662
0.124258
0.34878
0.2898
0.201701
0.285575
0.509183
0.461801
0.295838
0.507066
0.0435625
0.275882
0.231206
0.662
0.217115
0.274815
0.116359
0.221026
0.182173
0.662
0.662
0.271353
0.121482
0.227137
0.291239
0.0955808
0.219114
0.662
0.284825
0.2127
0.434079
0.478998
0.0441396
0.0669783
0.662
0.462357
0.240346
0.41574
0.130586
0.34365
0.0959703
0.223632
0.0335528
0.211612
0.662
0.542907
0.662
0.109806
0.51843
0.0713814
0.662
0.509707
0.0126111
0.0841579
0.0185048
0.245814
0.537609
0.0644038
0.467699
0.324253
0.0637777
0.0551495
0.662
0.0730209
0.0118181
0.145195
0.341971
0.662
0.241692
0.4664
0.0478839
0.662
0.364771
0.0429828
0.451338
0.14949
0.121171
0.523619
0.450753
0.662
0.363748
0.391462
0.302443
0.295719
0.0941313
0.662
0.364136
0.483576
0.0849517
0.447223
0.662
0.144038
0.344488
0.662
0.662
0.500414
0.270807
0.111094
0.0307836
0.109766
0.283476
0.295804
0.47196
0.0309773
0.283253
0.217135
0.662
0.207832
0.288112
0.144131
0.662
0.441438
0.481919
0.201074
0.662
0.200345
0.662
0.367064
0.662
0.388535
0.477963
0.150825
0.192281
0.272945
0.158808
0.326388
0.339731
0.662
0.067542
0.23811
0.364404
0.191376
0.662
0.279118
0.189185
0.211811
0.463092
0.662
0.662
0.469364
0.662
0.236436
0.318148
0.45262
0.199761
0.441605
0.0466712
0.397641
0.121291
0.431506
0.269102
0.277473
0.090912
0.662
0.434126
0.31693
0.0199805
0.0332522
0.515597
0.168415
0.204992
0.429353
0.0993808
0.0304729
0.45444
0.049328
0.534391
0.662
0.662
0.0088928
0.662
0.33953
0.446968
0.527936
0.16586
0.464377
0.328001
