0.183738
0.105181
0.0553421
0.3442
0.196178
0.3442
0.0367545
0.3442
0.128703
0.188672
0.3442
0.157877
0.3442
0.3442
0.3442
0.208328
0.3442
0.134817
0.115164
0.152488
0.3442
0.3442
0.3442
0.0903804
0.3442
0.190733
0.022141
0.3442
0.133689
0.3442
0.139531
0.0710007
0.0431578
0.0723502
0.0543992
0.3442
0.122963
0.0473555
0.3442
0.3442
0.0175543
0.3442
0.154421
0.3442
0.0647948
0.3442
0.3442
0.0200226
0.162085
0.3442
0.3442
0.0516959
0.225328
0.3442
0.0801943
0.0817455
0.144612
0.0987933
0.3442
0.204461
0.177409
0.0561863
0.176628
0.0187925
0.277858
0.0263432
0.3442
0.210539
0.3442
0.138483
0.3442
0.226646
0.163275
0.0125728
0.190561
0.0524617
0.12404
0.3442
0.135359
0.00946006
0.3442
0.3442
0.3442
0.0487157
0.3442
0.0132605
0.3442
0.103227
0.0882788
0.3442
0.3442
0.3442
0.165947
0.101173
0.202433
0.133113
0.3442
0.3442
0.3442
0.3442
0.104281
0.0792948
0.0133244
0.3442
0.151886
0.099063
0.033498
0.104739
0.3442
0.3442
0.0840504
0.0613378
0.3442
0.147269
0.3442
0.0150736
0.3442
0.0388833
0.3442
0.3442
0.273572
0.3442
0.187432
0.119277
0.13163
0.3442
0.3442
0.182191
0.3442
0.100236
0.087706
0.3442
0.00545559
0.3442
0.3442
0.3442
0.146095
0.137446
0.3442
0.3442
0.220838
0.3442
0.0676677
0.197354
0.0821022
0.191512
0.270997
0.213369
0.112576
0.132053
0.194176
0.214948
0.208142
0.135433
0.018487
0.3442
0.3442
0.144776
0.21243
0.3442
0.107176
0.213471
0.3442
0.3442
0.3442
0.010683
0.148166
0.0137458
0.0638748
0.3442
0.3442
0.3442
0.00325894
0.3442
0.3442
0.00864791
0.3442
0.12837
0.155718
0.0298576
0.0767295
0.142391
0.3442
0.3442
0.3442
0.220781
0.0152867
0.107008
0.19685
0.3442
0.0863634
0.200831
0.181066
0.0263212
0.119764
0.3442
0.0397198
0.200098
0.0853349
0.3442
0.3442
0.110431
0.107523
0.250519
0.156936
0.23306
0.3442
0.3442
0.149915
0.188934
0.00576086
0.3442
0.113849
0.169116
0.022442
0.1507
0.3442
0.3442
0.00210167
0.0170049
0.0469475
0.177678
0.3442
0.0632523
0.3442
0.0573473
0.0451837
0.162171
0.102611
0.3442
0.3442
0.3442
0.3442
0.3442
0.3442
0.3442
0.133341
0.0412479
0.0945851
0.3442
0.129369
0.3442
0.3442
0.131219
0.202472
0.15407
0.0776285
0.3442
0.0952783
0.182903
0.205426
0.3442
0.0376088
0.126953
0.0901656
0.0524618
0.0879156
0.0377373
0.131145
0.3442
0.3442
0.3442
0.3442
0.3442
0.3442
0.0574927
0.226972
0.134666
0.00712128
0.3442
0.3442
0.125797
0.3442
0.0812797
0.186567
0.3442
0.3442
0.268847
0.304432
0.127607
0.130848
0.241367
0.0343578
0.0889286
0.25654
0.0889586
0.0838088
0.3442
0.3442
0.184739
0.193195
0.3442
0.3442
0.3442
0.3442
0.3442
0.3442
0.130733
0.189517
0.3442
0.175766
0.3442
0.147191
0.0138766
0.3442
0.3442
0.11891
0.0426167
0.3442
0.169658
0.170104
0.0580917
0.190328
0.3442
0.134756
0.3442
0.085805
0.3442
0.310298
0.3442
0.3442
0.147933
0.151815
0.134007
0.3442
0.3442
0.0649206
0.169607
0.3442
0.0867311
0.00127965
0.3442
0.3442
0.146463
0.00500775
0.200438
0.3442
0.077608
0.129551
0.156289
0.3442
0.3442
0.3442
0.00615356
0.0744296
0.3442
0.3442
0.138659
0.125999
0.244857
0.3442
0.217587
0.078876
0.089562
0.3442
0.3442
0.015758
0.0550202
0.0229165
0.3442
0.0173787
0.00499928
0.3442
0.3442
0.3442
0.204612
0.3442
0.141255
0.0636494
0.024233
0.0900197
0.3442
0.175693
0.226406
0.166566
0.3442
0.185775
0.0792387
0.3442
0.3442
0.141076
0.3442
0.17515
0.192475
0.141227
0.3442
0.3442
0.0630117
0.201076
0.0883345
0.156806
0.3442
0.214033
0.121818
0.0267959
0.3442
0.188646
0.3442
0.0859852
0.13924
0.3442
0.3442
0.118653
0.00692724
0.187137
0.188938
0.197072
0.18676
0.109688
0.3442
0.136806
0.3442
0.157865
0.3442
0.0935277
0.049095
0.143669
0.3442
0.3442
0.3442
0.3442
0.0161844
0.0393649
0.15131
0.3442
0.212364
0.164586
0.3442
0.3442
0.3442
0.0827647
0.148678
0.175179
0.0582339
0.3442
0.192248
0.0766338
0.205984
0.180009
0.0097955
0.3442
0.1196
0.207929
0.3442
0.3442
0.146757
0.0892014
0.3442
0.18243
0.3442
0.155352
0.00754797
0.0146111
0.0161321
0.0899686
0.04386
0.102113
0.3442
0.184554
0.3442
0.0192577
0.183139
0.136247
0.3442
0.173534
0.151262
0.0344551
0.3442
0.0169283
0.0506511
0.3442
0.3442
0.3442
0.3442
0.117931
0.0355885
0.3442
0.3442
0.3442
0.17925
0.3442
0.0337588
0.0499398
0.3442
0.3442
0.3442
0.0795413
0.3442
0.0245246
0.172924
0.0602656
0.0266996
0.3442
0.3442
0.0142571
0.154689
0.0728206
0.3442
0.232266
0.150554
0.3442
0.126516
0.0458281
0.186237
0.174913
0.0636781
0.107087
0.3442
0.142495
0.0150809
0.176762
0.3442
0.3442
0.00834472
0.14477
0.108579
0.3442
0.3442
0.0153484
0.135708
0.3442
0.3442
0.3442
0.145155
0.0473808
0.225664
0.0453149
0.3442
0.3442
0.3442
0.173774
0.3442
0.3442
0.106682
0.3442
0.182363
0.3442
0.3442
0.0777948
0.3442
0.0431408
0.104933
0.0449984
0.20385
0.280392
0.177733
0.23054
0.0155999
0.1792
0.18377
0.0684504
0.00939239
0.0646977
0.3442
0.0738791
0.0895579
0.3442
0.191863
0.00109974
0.0195137
0.0370392
0.168735
0.188362
0.131703
0.150764
0.0549358
0.0557904
0.3442
0.3442
0.3442
0.10357
0.3442
0.00516345
0.3442
0.169016
0.0888141
0.101891
0.3442
0.3442
0.266971
0.131106
0.3442
0.193188
0.167014
0.0447488
0.11479
0.193106
0.110527
0.132794
0.0123002
0.018067
0.3442
0.171825
0.3442
0.228515
0.3442
0.3442
0.3442
0.3442
0.0559083
0.3442
0.171562
0.3442
0.0252363
0.3442
0.197807
0.190616
0.134876
0.200138
0.0727202
0.0815457
0.0986583
0.0113844
0.122429
0.3442
0.3442
0.3442
0.0563123
0.3442
0.176596
0.3442
0.0394265
0.0861385
0.3442
0.3442
0.152506
0.134078
0.174525
0.3442
0.3442
0.186879
0.3442
0.10213
0.186352
0.3442
0.00764458
0.0706793
0.0112478
0.128506
0.3442
0.118513
0.070227
0.127929
0.110018
0.0705374
0.0882786
0.3442
0.065
0.3442
0.132999
0.170396
0.3442
0.0273387
0.0111813
0.170905
0.3442
0.115335
0.197322
0.3442
0.159107
0.0695155
0.0359338
0.0740539
0.3442
0.0434151
0.17462
0.3442
0.198887
0.193155
0.268561
0.3442
0.3442
0.3442
0.157873
0.0701616
0.3442
0.3442
0.3442
0.00689841
0.183227
0.3442
0.00998468
0.191612
0.3442
0.032762
0.3442
0.3442
0.219444
0.3442
0.181386
0.151342
0.206866
0.22805
0.3442
0.3442
0.3442
0.171912
0.3442
0.131257
0.019748
0.0965822
0.193272
0.206595
0.19096
0.3442
0.124437
0.188014
0.3442
0.3442
0.137655
0.10339
0.3442
0.3442
0.3442
0.3442
0.3442
0.3442
0.3442
0.122251
0.3442
0.244948
0.00127826
0.3442
0.3442
0.3442
0.222398
0.111176
0.0154329
0.197524
0.0249458
0.3442
0.158764
0.3442
0.188994
0.0117456
0.3442
0.0234418
0.187203
0.113139
0.0593198
0.00384027
0.240035
0.0295337
0.117333
0.3442
0.190032
0.3442
0.0603181
0.043527
0.3442
0.194137
0.190289
0.183431
0.070309
0.164394
0.3442
0.0325048
0.13505
0.000677244
0.3442
0.175602
0.3442
0.3442
0.3442
0.3442
0.3442
0.0384251
0.3442
0.00848204
0.3442
0.3442
0.0191886
0.150052
0.0250079
0.3442
0.3442
0.3442
0.0202698
0.196233
0.130886
0.189654
0.121427
0.3442
0.3442
0.010989
0.3442
0.0570304
0.3442
0.0353355
0.3442
0.106163
0.152686
0.167572
0.0683443
0.3442
0.0881899
0.3442
0.122089
0.3442
0.128332
0.3442
0.0681336
0.334388
0.20406
0.185758
0.3442
0.3442
0.3442
0.3442
0.0186518
0.3442
0.0380674
0.119547
0.3442
0.3442
0.3442
0.198219
0.194565
0.0168817
0.3442
0.188655
0.123532
0.125774
0.0518554
0.222148
0.174112
0.211329
0.3442
0.233866
0.189924
0.3442
0.0648258
0.027164
0.181492
0.109639
0.3442
0.0739767
0.14574
0.066929
0.3442
0.3442
0.0753877
0.151782
0.3442
0.3442
0.197109
0.0392881
0.0666474
0.183701
0.3442
0.3442
0.0883599
0.3442
0.0926854
0.307741
0.119551
0.172919
0.192261
0.0621359
0.3442
0.3442
0.3442
0.3442
0.189844
0.0103428
0.184696
0.3442
0.150995
0.240709
0.126555
0.0509906
0.3442
0.3442
0.156793
0.3442
0.3442
0.0633387
0.0269349
0.3442
0.00531291
0.3442
0.0574219
0.3442
0.3442
0.0472007
0.0961414
0.3442
0.3442
0.120906
0.3442
0.041399
0.3442
0.0492465
0.0476261
0.1835
0.3442
0.138828
0.124766
0.3442
0.3442
0.3442
0.3442
0.178463
0.3442
0.188103
0.3442
0.17567
0.3442
0.3442
0.3442
0.168443
0.14317
0.3442
0.0935731
0.3442
0.3442
0.3442
0.3442
0.146304
0.157718
0.3442
0.159541
0.3442
0.3442
0.3442
0.0577278
0.188941
0.3442
0.0278939
0.3442
0.187329
0.3442
0.286911
0.3442
0.3442
0.0612337
0.3442
0.112833
0.0356393
0.341551
0.0282963
0.11218
0.3442
0.11353
0.163314
0.3442
0.3442
0.121299
0.3442
0.3442
0.167378
0.3442
0.129782
0.3442
0.20318
0.10465
0.3442
0.3442
0.10516
0.3442
0.019482
0.0452508
0.000690024
0.073102
0.3442
0.196945
0.3442
0.108949
0.0311874
0.3442
0.0296586
0.159833
0.3442
0.201738
0.3442
0.158478
0.187751
0.119743
0.104673
0.3442
0.175272
0.127189
0.3442
0.111852
0.0754146
0.3442
0.3442
0.3442
0.116892
0.0501031
0.3442
0.3442
0.082936
0.3442
0.0780624
0.0085232
0.00309274
0.3442
0.3442
0.00825725
0.3442
0.3442
0.0998829
0.181687
0.00819899
0.0874585
0.3442
0.0258275
0.163305
0.0368999
0.012789
0.3442
0.0950734
0.3442
0.0491527
0.0925979
0.0443663
0.166169
0.16593
0.3442
0.173131
0.3442
0.0150286
0.0127425
0.3442
0.3442
0.120287
0.0318854
0.141343
0.3442
0.0701002
0.3442
0.0334893
0.3442
0.143745
0.124821
0.0156303
0.171109
0.0251011
0.104911
0.055225
0.245264
0.130891
0.3442
0.206666
0.3442
0.20349
0.216248
0.189002
0.3442
0.3442
0.0988525
0.248545
0.182274
0.3442
0.00579257
0.3442
0.0385281
0.237663
0.0115498
0.3442
0.0309706
0.3442
0.000778319
0.3442
0.090281
0.224082
0.3442
0.3442
0.0669285
0.169426
0.3442
0.195562
0.179313
0.3442
0.3442
0.0307024
0.3442
0.3442
0.023854
0.0157475
0.00693526
0.0791025
0.3442
0.181582
0.0957988
0.3442
0.00586384
0.06473
0.3442
0.160863
0.0791529
0.0153254
0.193027
0.3442
0.122268
0.3442
0.000306708
0.0232602
0.0673851
0.0504291
0.152143
0.127212
0.204813
0.0439385
0.184349
0.3442
0.3442
0.0582907
0.0653705
0.0324447
0.3442
0.104287
0.3442
0.3442
0.0411476
0.0152951
0.213372
0.168068
0.00444391
0.260362
0.182102
0.160806
0.3442
0.3442
0.3442
0.150804
0.3442
0.0371145
0.0513819
0.0795786
0.192318
0.3442
0.0824923
0.135347
0.118076
0.3442
0.3442
0.043746
0.078252
0.193414
0.195578
0.0374804
0.148302
0.0154657
0.19059
0.3442
0.173849
0.0197134
0.0913498
0.3442
0.00362488
0.0851405
0.148077
0.148389
0.0510031
0.3442
0.034489
0.157859
0.3442
0.113479
0.156267
0.176025
0.218407
0.0809396
0.0570581
0.180912
0.0572694
0.3442
0.3442
0.3442
0.128205
0.3442
0.208894
0.3442
0.177895
0.0528792
0.0486419
0.203552
0.1838
0.3442
0.00721971
0.184221
0.3442
0.3442
0.0935404
0.249977
0.3442
0.169096
0.171239
0.0947756
0.3442
0.0565985
0.137869
0.016511
0.101247
0.100912
0.231701
0.3442
0.042441
0.110472
0.140304
0.104013
0.13041
0.163601
0.150826
0.0684866
0.193943
0.182956
0.125465
0.3442
0.00576655
0.3442
0.0370482
0.164483
0.240322
0.3442
0.3442
0.309448
0.00980761
0.3442
0.3442
0.3442
0.3442
0.3442
0.252114
0.3442
0.030913
0.0307062
0.0440139
0.0715356
0.16804
0.182309
0.3442
0.173574
0.0556591
0.3442
0.3442
0.126291
0.3442
0.3442
0.3442
0.159775
0.225958
0.170139
0.185338
0.3442
0.174244
0.3442
0.0349596
0.00581165
0.3442
0.3442
0.3442
0.316359
0.22301
0.164149
0.0195198
0.0496553
0.0452512
0.108736
0.0242287
0.3442
0.0313013
0.0324623
0.010544
0.3442
0.0638762
0.00411317
0.0659579
0.15758
0.0933819
0.119611
0.161857
0.100524
0.0451651
0.0590829
0.181339
0.3442
0.169101
0.212058
0.101233
0.245878
0.3442
0.3442
0.3442
0.0883593
0.174732
0.183752
0.3442
0.3442
0.195493
0.0819738
0.179433
0.3442
0.0660179
0.3442
0.208557
0.0660475
0.3442
0.3442
0.3442
0.0210372
0.3442
0.186918
0.0851171
0.3442
0.18145
0.0440781
0.196235
0.186734
0.111157
0.3442
0.0340187
0.0305657
0.0241108
0.050137
0.01802
0.3442
0.3442
0.081976
0.3442
0.0481065
0.12332
0.3442
0.3442
0.168521
0.199521
0.194549
0.0108346
0.3442
0.126934
0.065382
0.3442
0.0992398
0.196087
0.3442
0.3442
0.151282
0.168992
0.0714092
0.11486
0.107895
0.3442
0.3442
0.3442
0.179242
0.3442
0.160199
0.0543768
0.189097
0.151621
0.178909
0.0553282
0.201033
0.3442
0.12097
0.103831
0.0267976
0.0650239
0.3442
0.3442
0.3442
0.3442
0.3442
0.3442
0.0620439
0.083255
0.3442
0.3442
0.3442
0.174937
0.3442
0.3442
0.3442
0.120687
0.114468
0.3442
0.00665367
0.0750653
0.3442
0.14451
0.0532087
0.3442
0.170588
0.3442
0.3442
0.162327
0.11955
0.3442
0.3442
0.3442
0.0733655
0.17949
0.211228
0.3442
0.3442
0.063328
0.262367
0.3442
0.3442
0.3442
0.0213474
0.3442
0.00921993
0.221443
0.00978179
0.3442
0.3442
0.3442
0.3442
0.3442
0.3442
0.212861
0.3442
0.0472792
0.3442
0.160203
0.0354092
0.0472622
0.0289369
0.111773
0.0940198
0.282725
0.162272
0.122826
0.3442
0.043708
0.3442
0.106603
0.199013
0.3442
0.3442
0.023755
0.179555
0.0369328
0.112885
0.218917
0.3442
0.00514802
0.210221
0.162142
0.0615303
0.3442
0.197007
0.022457
0.158924
0.3442
0.3442
0.0243319
0.3442
0.289157
0.256736
0.180129
0.236352
0.0714295
0.3442
0.3442
0.148373
0.187764
0.3442
0.3442
0.0995859
0.0776199
0.0903429
0.3442
0.119367
0.195712
0.3442
0.3442
0.16691
0.107851
0.3442
0.0369107
0.0104455
0.3442
0.3442
0.194274
0.0262965
0.0433589
0.3442
0.3442
0.193304
0.00741228
0.194727
0.114009
0.197367
0.3442
0.3442
0.295766
0.3442
0.3442
0.09979
0.3442
0.3442
0.186764
0.00689626
0.3442
0.0575932
0.0340992
0.087555
0.0114545
0.0159676
0.216588
0.0383358
0.3442
0.3442
0.0534308
0.3442
0.168053
0.3442
0.189569
0.104367
0.0046691
0.3442
0.3442
0.3442
0.181242
0.152792
0.3442
0.000502852
0.175385
0.3442
0.3442
0.3442
0.195786
0.176852
0.157179
0.0406701
0.0665304
0.0380101
0.202669
0.136543
0.3442
0.3442
0.109307
0.017002
0.119259
0.0760116
0.00478186
0.3442
0.3442
0.3442
0.0646837
0.259708
0.203119
0.3442
0.3442
0.0122186
0.3442
0.3442
0.0499649
0.192851
0.0483699
0.147018
0.3442
0.127464
0.060764
0.175236
0.133956
0.163737
0.191923
0.168515
0.23601
0.3442
0.3442
0.0349441
0.3442
0.0678976
0.0482282
0.0595537
0.3442
0.3442
0.0851422
0.3442
0.181556
0.151032
0.118051
0.172407
0.3442
0.213236
0.3442
0.0927855
0.128415
0.0641082
0.169817
0.130898
0.3442
0.0894595
0.117005
