0.662
0.00857809
0.243151
0.662
0.0690822
0.383533
0.21601
0.662
0.103969
0.662
0.662
0.271373
0.662
0.34356
0.387792
0.348097
0.363748
0.398493
0.230382
0.191386
0.0802746
0.161963
0.662
0.352453
0.180922
0.662
0.489994
0.504329
0.43131
0.412733
0.204237
0.304797
0.447223
0.662
0.430934
0.211338
0.460782
0.468
0.662
0.605863
0.439407
0.115975
0.475687
0.459563
0.152604
0.224024
0.0160894
0.476944
0.0686333
0.32344
0.313856
0.0582569
0.28105
0.407226
0.24511
0.439426
0.662
0.455218
0.253421
0.461492
0.454476
0.44693
0.320354
0.446678
0.193323
0.26836
0.0301597
0.0359046
0.0584015
0.358682
0.662
0.414942
0.507066
0.0435625
0.14012
0.111134
0.0970341
0.662
0.296407
0.500466
0.513801
0.0125132
0.662
0.152958
0.274815
0.662
0.0676467
0.469525
0.544877
0.30129
0.227137
0.223589
0.376088
0.0955808
0.662
0.233073
0.211811
0.467662
0.662
0.219114
0.0704384
0.0138925
0.0198717
0.457251
0.662
0.252108
0.426065
0.478418
0.0824338
0.202506
0.203595
0.203584
0.373362
0.114932
0.662
0.167165
0.457599
0.466941
0.448056
0.472614
0.662
0.11443
0.0605588
0.23308
0.437088
0.48609
0.407141
0.2725
0.215573
0.662
0.524897
0.17323
0.0962732
0.178947
0.662
0.472747
0.413361
0.30912
0.283095
0.262914
0.200069
0.335322
0.662
0.422843
0.47711
0.156447
0.47206
0.265137
0.662
0.662
0.228151
0.254869
0.215465
0.0694056
0.049447
0.662
0.206309
0.284555
0.442728
0.662
0.266515
0.662
0.258617
0.416535
0.328001
0.463797
0.450418
0.244367
0.241692
0.4664
0.442918
0.0919902
0.662
0.0529993
0.336227
0.450483
0.372625
0.477525
0.109035
0.0672432
0.662
0.512512
0.38863
0.662
0.185114
0.168652
0.358269
0.520127
0.662
0.0839663
0.125754
0.299719
0.286859
0.662
0.351174
0.0849517
0.0718202
0.662
0.488608
0.662
0.260935
0.662
0.0813178
0.0186317
0.43493
0.00843731
0.0573032
0.244733
0.283476
0.266854
0.526916
0.23548
0.193859
0.442444
0.494533
0.0943798
0.454199
0.486894
0.0583977
0.662
0.460617
0.172313
0.662
0.10461
0.120402
0.211642
0.23557
0.180946
0.662
0.662
0.201074
0.243226
0.662
0.513146
0.662
0.00614375
0.494649
0.163795
0.662
0.0201784
0.662
0.0706568
0.102241
0.334276
0.662
0.662
0.122457
0.47632
0.662
0.103849
9.79858e-05
0.380962
0.662
0.662
0.662
0.450262
0.416374
0.662
0.0280623
0.141079
0.392842
0.662
0.214355
0.182064
0.662
0.146537
0.178609
0.321959
0.189185
0.662
0.514108
0.394048
0.339273
0.297629
0.432024
0.0125008
0.662
0.0154819
0.53515
0.662
0.184384
0.139885
0.209307
0.312389
0.662
0.451047
0.662
0.096144
0.469099
0.465859
0.374546
0.334132
0.662
0.420335
0.237573
0.0916719
0.122202
0.254395
0.662
0.662
0.463025
0.0845763
0.281172
0.662
0.429353
0.51843
0.415022
0.206586
0.342865
0.0133591
0.662
0.662
0.464427
0.262537
0.049328
0.0764553
0.0181269
0.0418242
0.130332
0.33953
0.294937
0.461645
0.446968
0.662
0.190504
0.662
0.403231
0.140526
0.454627
0.2152
0.397448
0.0825687
0.395776
0.131088
0.295321
0.379642
0.046007
0.662
0.454913
0.312329
0.279912
0.0709308
0.2147
0.450753
0.489686
0.00146818
0.146219
0.355446
0.059588
0.483489
0.466787
0.368576
0.551163
0.662
0.179578
0.431092
0.203299
0.0440816
0.344508
0.662
0.0949862
0.455776
0.452143
0.144659
0.376694
0.135118
0.215179
0.662
0.662
0.662
0.447255
0.423027
0.451144
0.662
0.617236
0.524813
0.662
0.47745
0.662
0.662
0.662
0.0412918
0.17528
0.218226
0.0921954
0.185176
0.158847
0.218686
0.421529
0.466047
0.04548
0.310606
0.441438
0.481919
0.415792
0.662
0.514813
0.662
0.179344
0.0762606
0.0262903
0.32278
0.662
0.361334
0.662
0.251195
0.244191
0.471361
0.382665
0.275882
0.226156
0.409534
0.158808
0.662
0.662
0.445288
0.662
0.414845
0.457751
0.255077
0.113682
0.237458
0.300791
0.47969
0.225614
0.427949
0.291239
0.460566
0.0144406
0.358458
0.662
0.492065
0.0296126
0.204205
0.478298
0.236436
0.394527
0.13459
0.180579
0.107448
0.236803
0.20497
0.662
0.662
0.464322
0.451218
0.411141
0.448201
0.127209
0.000664861
0.662
0.051379
0.392389
0.185621
0.255455
0.132995
0.0143791
0.433399
0.662
0.662
0.0200202
0.662
0.105646
0.359956
0.254746
0.473735
0.314668
0.207469
0.309338
0.427975
0.193451
0.269942
0.662
0.0857878
0.252953
0.662
0.461164
0.317828
0.486862
0.226816
0.355897
0.112647
0.190107
0.0179265
0.662
0.253998
0.383341
0.231092
0.439855
0.185405
0.520564
0.527936
0.16586
0.662
0.227502
0.662
0.0553416
0.662
0.662
0.662
0.259529
0.189971
0.330603
0.198462
0.0478839
0.0760879
0.662
0.662
0.0115278
0.662
0.158396
0.115273
0.266927
0.662
0.530999
0.160061
0.662
0.662
0.311009
0.268954
0.432897
0.476983
0.157439
0.312271
0.445754
0.107905
0.0129254
0.662
0.0324961
0.662
0.219657
0.662
0.489426
0.319372
0.0875926
0.47125
0.0546839
0.662
0.322438
0.457484
0.662
0.398072
0.662
0.274806
0.662
0.662
0.190254
0.205033
0.451974
0.662
0.125221
0.662
0.193701
0.297055
0.357555
0.662
0.321848
0.241135
0.662
0.371582
0.457683
0.461184
0.118164
0.662
0.662
0.200345
0.0372138
0.533899
0.101613
0.2898
0.45466
0.509183
0.340628
0.507488
0.150825
0.469719
0.272945
0.421843
0.00394153
0.662
0.0445573
0.00706506
0.315875
0.412913
0.662
0.0158183
0.224939
0.662
0.481215
0.482332
0.662
0.0942007
0.509016
0.376462
0.662
0.297867
0.204851
0.0810031
0.215477
0.322469
0.43944
0.243094
0.335013
0.662
0.662
0.283523
0.350048
0.662
0.662
0.0744498
0.117457
0.201331
0.0870615
0.295772
0.662
0.662
0.21144
0.365697
0.417247
0.480292
0.371309
0.662
0.662
0.111805
0.502403
0.0652787
0.400776
0.662
0.510566
0.277028
0.662
0.207965
0.30706
0.109806
0.404271
0.662
0.509707
0.662
0.142591
0.139536
0.662
0.184918
0.0185048
0.375187
0.114477
0.161643
0.400441
0.662
0.178681
0.173893
0.0177998
0.466573
0.484112
0.662
0.179566
0.210848
0.172547
0.328754
0.285511
0.662
0.267448
0.0988585
0.476618
0.662
0.498363
0.0724936
0.286781
0.437136
0.662
0.143046
0.662
0.442255
0.440873
0.434793
0.662
0.261584
0.474386
0.458905
0.662
0.352437
0.482306
0.430118
0.17313
0.302443
0.242811
0.0672889
0.662
0.0955804
0.183437
0.0861063
0.241437
0.0545228
0.662
0.3813
0.0707069
0.184772
0.448308
0.460745
0.662
0.109766
0.282844
0.220848
0.498216
0.0309773
0.662
0.322257
0.136446
0.451182
0.0314152
0.196013
0.288112
0.465863
0.662
0.140543
0.0948844
0.378461
0.0427689
0.0793213
0.451351
0.662
0.310853
0.283784
0.206313
0.359931
0.662
0.390711
0.0458269
0.465842
0.286857
0.275736
0.311205
0.662
0.295838
0.292223
0.235231
0.227367
0.662
0.662
0.333521
0.463682
0.113345
0.0671225
0.217115
0.329401
0.369433
0.662
0.366361
0.662
0.18591
0.591263
0.215715
0.00277443
0.662
0.193083
0.122946
0.19894
0.452823
0.662
0.00277141
0.265409
0.130586
0.662
0.228979
0.312067
0.53114
0.425693
0.434126
0.0302737
0.0142389
0.662
0.23486
0.35087
0.202486
0.439413
0.662
0.343816
0.168704
0.46742
0.334404
0.450541
0.451336
0.470298
0.540639
0.00418871
0.0841579
0.2678
0.295788
0.297656
0.419225
0.662
0.492978
0.309725
0.402027
0.320304
0.450507
0.471162
0.215125
0.211834
0.238114
0.476769
0.0754368
0.662
0.0232801
0.0517363
0.0899514
0.479796
0.271338
0.662
0.0582723
0.0543487
0.465393
0.14949
0.423701
0.662
0.545503
0.443078
0.662
0.240675
0.348182
0.662
0.662
0.207036
0.662
0.0176108
0.0568049
0.302483
0.662
0.662
0.422264
0.662
0.228683
0.255903
0.407285
0.662
0.662
0.139107
0.662
0.662
0.411287
0.662
0.494885
0.364999
0.0281034
0.662
0.209266
0.0204028
0.662
0.355691
0.103987
0.308795
0.456974
0.0924148
0.434304
0.662
0.662
0.548005
0.662
0.662
0.101924
0.0751667
0.451085
0.662
0.539371
0.420886
0.533976
0.0789112
0.124258
0.253742
0.34878
0.419291
0.37963
0.435124
0.452218
0.461801
0.0296584
0.45499
0.211744
0.0482918
0.662
0.266218
0.0344662
0.358544
0.153908
0.472065
0.205236
0.06697
0.0260327
0.473167
0.110146
0.221026
0.28127
0.351531
0.121493
0.230031
0.662
0.469096
0.306752
0.454784
0.360898
0.00149589
0.161274
0.466861
0.466105
0.662
0.266752
0.398324
0.662
0.214483
0.087816
0.662
0.434996
0.459122
0.281977
0.495806
0.662
0.46872
0.276298
0.481807
0.310644
0.135315
0.168708
0.662
0.34365
0.47671
0.167579
0.17366
0.406293
0.360972
0.211612
0.20479
0.34299
0.380215
0.204992
0.384458
0.662
0.383916
0.285508
0.103504
0.016216
0.197475
0.32192
0.292905
0.43818
0.354751
0.245814
0.345943
0.0948692
0.108812
0.431987
0.662
0.26542
0.662
0.251253
0.495507
0.0309892
0.472327
0.432615
0.374826
0.034099
0.0118181
0.350034
0.145195
0.111959
0.137857
0.198367
0.0692228
0.0187594
0.350595
0.662
0.0441114
0.0219081
0.231702
0.161405
0.284942
0.328801
0.336334
0.513869
0.174768
0.485193
0.662
0.451022
0.451338
0.163638
0.0880391
0.662
0.464167
0.453881
0.538332
0.505456
0.367817
0.183192
0.0321484
0.662
0.473177
0.0299884
0.131746
0.662
0.48679
0.262622
0.662
0.450553
0.426438
0.662
0.384759
0.289029
0.662
0.00921248
0.078476
0.451021
0.155142
0.25869
0.432807
0.662
0.39145
0.457164
0.0444352
0.085584
0.343027
0.157853
0.191544
0.662
0.0974004
0.474321
0.151942
0.662
0.440536
0.662
0.0285652
0.263661
0.213244
0.0268824
0.0520725
0.231239
0.142368
0.400696
0.515523
0.462306
0.0297158
0.464476
0.662
0.268269
0.225641
0.224862
0.523835
0.379113
0.662
0.318998
0.0510859
0.162468
0.434094
0.662
0.0343917
0.662
0.0126521
0.478139
0.219409
0.55015
0.662
0.662
0.491159
0.111108
0.662
0.271353
0.662
0.450603
0.280325
0.515177
0.487091
0.0534134
0.41127
0.469845
0.169258
0.219712
0.484644
0.355869
0.0436715
0.0324355
0.478998
0.187284
0.0441396
0.432655
0.662
0.263442
0.662
0.303159
0.160681
0.171087
0.662
0.231407
0.515597
0.322619
0.360738
0.324074
0.435302
0.456958
0.459921
0.501986
0.442083
0.0603899
0.662
0.18667
0.239118
0.662
0.238783
0.124605
0.492556
0.467699
0.662
0.662
0.480005
0.0551495
0.662
0.662
0.662
0.0692332
0.3775
0.662
0.139678
0.459434
0.662
0.662
0.437636
0.1892
0.662
0.0857827
0.276774
0.662
0.662
0.422788
0.39534
0.373071
0.244983
0.402993
0.406914
0.662
0.142075
0.0242533
0.058014
0.121207
0.121171
0.662
0.503838
0.662
0.662
0.523619
0.484537
0.28683
0.281772
0.662
0.117797
0.662
0.146496
0.446622
0.662
0.0350589
0.0824856
0.408835
0.032382
0.0941313
0.662
0.364136
0.0596927
0.426072
0.000920647
0.179796
0.662
0.662
0.662
0.0391982
0.500199
0.662
0.662
0.155364
0.467576
0.452464
0.212306
0.143902
0.280795
0.662
0.207832
0.338518
0.512466
0.662
0.499588
0.159578
0.265957
0.662
0.662
0.40773
0.0431481
0.107352
0.458057
0.662
0.662
0.466826
0.00316676
0.367064
0.148196
0.504352
0.662
0.1629
0.662
0.411505
0.588327
0.183203
0.422209
0.662
0.26492
0.662
0.416858
0.170509
0.113167
0.397622
0.339731
0.0309947
0.474307
0.182173
0.662
0.181365
0.460635
0.279118
0.0369761
0.37135
0.094729
0.22699
0.42712
0.0587572
0.453587
0.662
0.0288832
0.329472
0.155125
0.427161
0.516622
0.177383
0.461175
0.25801
0.415856
0.232994
0.0834594
0.317049
0.662
0.462357
0.20477
0.240346
0.285943
0.385039
0.16324
0.458878
0.0959703
0.223632
0.403135
0.336676
0.474873
0.662
0.542907
0.168415
0.662
0.662
0.452028
0.662
0.0674785
0.00355814
0.462064
0.511423
0.451082
0.102437
0.2275
0.459595
0.662
0.0630939
0.230807
0.150725
0.0714032
0.398501
0.662
0.366836
0.434081
0.473977
0.161965
0.228594
0.364711
0.130992
0.253045
0.0262096
0.662
0.255261
0.0461104
0.341971
0.483981
0.264809
0.105375
0.117287
0.282117
0.430195
0.0488956
0.0539838
0.508615
0.0429828
0.662
0.226061
0.187054
0.345572
0.491741
0.260001
0.662
0.379004
0.218926
0.131264
0.121458
0.662
0.41906
0.357794
0.245346
0.391462
0.662
0.401759
0.302832
0.662
0.195006
0.351687
0.662
0.426843
0.370592
0.0445303
0.0552386
0.383561
0.181366
0.527532
0.662
0.662
0.662
0.47422
0.480146
0.460428
0.662
0.47196
0.208648
0.2964
0.283253
0.662
0.662
0.0581352
0.662
0.662
0.450016
0.662
0.222398
0.02953
0.662
0.091966
0.327369
0.662
0.0223242
0.534826
0.0691048
0.146894
0.265585
0.443666
0.662
0.460066
0.0435727
0.25024
0.522151
0.136272
0.662
0.662
0.128608
0.449479
0.13158
0.474874
0.191379
0.662
0.328124
0.150534
0.424768
0.263242
0.534648
0.662
0.149066
0.272333
0.379266
0.495586
0.290773
0.424593
0.357068
0.0669783
0.199761
0.441605
0.290142
0.157657
0.0620479
0.431506
0.238805
0.269102
0.277473
0.276543
0.662
0.0804408
0.31693
0.310815
0.0899749
0.0332522
0.341825
0.473787
0.453275
0.450441
0.0304729
0.45444
0.0197927
0.0623795
0.157245
0.662
0.662
0.662
0.662
0.133266
0.342851
0.662
0.662
0.295446
0.662
0.330018
0.662
0.0337219
0.316343
0.662
0.48699
0.0730209
0.0606194
0.464377
0.662
0.512978
0.662
0.160928
0.0147803
0.4265
0.456152
0.347996
0.187514
0.662
0.40708
0.169168
0.255902
0.290257
0.446278
0.01396
0.513752
0.406444
0.154385
0.0560708
0.271867
0.248953
0.270399
0.217315
0.422185
0.662
0.662
0.662
0.483576
0.201038
0.459332
0.449467
0.349042
0.662
0.384592
0.662
0.308622
0.17835
0.334011
0.21562
0.520871
0.360762
0.662
0.662
0.255507
0.426822
0.662
0.662
0.187222
0.0404549
0.145542
0.662
0.423746
0.183105
0.383959
0.467785
0.493724
0.125955
0.214824
0.533869
0.111329
0.173107
0.472516
0.303205
0.455237
0.139402
0.309288
0.662
0.23715
0.662
0.662
0.275445
0.237124
0.12836
0.31568
0.285575
0.662
0.662
0.662
0.662
0.118469
0.400931
0.477963
0.448212
0.00511663
0.364656
0.470806
0.278318
0.662
0.30469
0.662
0.461135
0.00887859
0.101631
0.662
0.156561
0.0643428
0.067542
0.505565
0.316721
0.458369
0.662
0.156149
0.467564
0.0767218
0.14727
0.662
0.474413
0.120153
0.374974
0.097937
0.47293
0.469055
0.201324
0.129875
0.365747
0.161224
0.408643
0.102829
0.662
0.0822516
0.475789
0.0126788
0.194964
0.474441
0.662
0.293008
0.662
0.090912
0.662
0.0223079
0.662
0.662
0.359209
0.0049575
0.662
0.441017
0.458961
0.491955
0.329605
0.222829
0.459562
0.170749
0.662
0.481291
0.481892
0.263259
0.662
0.662
0.662
0.123403
0.459239
0.0255173
0.153401
0.19054
0.26283
0.433879
0.0446085
0.310734
0.170162
0.235523
0.4125
0.0637777
0.202565
0.448866
0.441203
0.349618
0.0913166
0.181192
0.248526
0.0825034
0.662
0.0665243
0.249556
0.202626
0.471175
0.25054
0.192875
0.00731059
0.333356
0.00765391
0.662
0.0943644
0.350721
0.662
0.46653
0.662
0.350965
0.662
0.662
0.662
0.331764
0.278754
0.469152
0.442146
0.662
0.0242931
0.293731
0.662
0.0525152
0.174098
0.473244
0.662
0.0441129
0.662
0.105694
0.409346
0.436361
0.148126
0.461307
0.451635
0.0232038
0.662
0.115146
0.220987
0.437929
0.262545
0.662
0.662
0.662
0.178749
0.552886
0.456955
0.469346
0.0171482
0.157709
0.0433308
0.466897
0.119308
0.193167
0.15355
0.662
0.338426
0.432761
0.662
0.113783
0.104002
0.384089
0.143099
0.662
0.662
0.0101296
0.231206
0.26504
0.235206
0.166947
0.242387
0.0460899
0.662
0.427
0.662
0.0339293
0.430802
0.121482
0.662
0.662
0.278642
0.662
0.0553445
0.453971
0.491509
0.662
0.39608
0.662
0.469364
0.284825
0.2127
0.0497397
0.318148
0.45661
0.064468
0.0869973
0.662
0.45262
0.0176532
0.662
0.662
0.299756
0.662
0.397641
0.490923
0.122164
0.121291
0.0811607
0.0786421
0.0223254
0.270056
0.187664
0.438973
0.662
0.434569
0.29067
0.0335528
0.0199805
0.319053
0.44112
0.169798
0.662
0.662
0.470425
0.294611
0.213388
0.447791
0.211165
0.662
0.662
0.301521
0.0993808
0.408276
0.521219
0.243886
0.263899
0.0399896
0.662
0.662
0.384502
0.0088928
0.662
0.662
0.537609
0.0921638
0.0644038
0.662
0.0329121
0.0990491
0.084977
0.435722
0.163935
0.0525634
0.516552
0.452222
0.0336242
0.451836
0.248064
0.422972
0.0699446
0.184167
0.0921492
0.285803
0.145289
0.266175
0.154792
0.332037
0.00776332
0.160954
0.662
0.662
0.0181167
0.225607
0.531373
0.455022
0.315852
0.526249
0.353552
0.433035
0.662
0.426455
0.302621
0.662
0.347318
0.662
0.0242886
0.219239
0.469792
0.242492
0.396182
0.477211
0.315346
0.305483
0.1843
0.323163
0.662
0.44741
0.188535
0.662
0.0890026
0.248789
0.424395
0.094049
0.662
0.662
0.270807
0.111094
0.0307836
0.30406
0.245463
0.302106
0.0410305
0.109454
0.662
0.186829
0.49891
0.126658
0.187752
0.11845
0.0444449
0.336288
0.516899
0.37281
0.496997
0.19475
0.0250909
0.662
0.402992
0.198687
0.475844
0.366727
0.470376
0.662
0.662
0.662
0.289533
0.662
0.144702
0.103019
0.103417
0.477894
0.662
0.217074
0.662
0.326401
0.662
0.507305
0.662
0.151876
0.403312
0.662
0.296923
0.23811
0.08936
0.293154
0.506466
0.259657
0.436861
0.0122742
0.257877
0.662
0.0300093
0.135586
0.0273188
0.367361
0.467509
0.120655
0.380078
0.109499
0.662
0.0913449
0.662
0.41574
0.446562
0.430467
0.308482
0.662
0.0350779
0.47555
0.125928
0.0762969
0.662
0.00964067
0.449841
0.0713814
0.39996
0.0354256
0.430605
0.662
0.662
0.0444199
0.662
0.0955461
0.111142
0.391356
0.0126111
0.384534
0.662
0.662
0.662
0.174234
0.359278
0.475799
0.39151
0.0554501
0.278669
0.662
0.662
0.3092
0.428311
0.662
0.508099
0.188035
0.417116
0.469157
0.211149
0.0365125
0.39682
0.279973
0.662
0.662
0.124462
0.12714
0.662
0.433401
