0.0523818
0.421641
1.10959
0.398172
1.05159
1.3325
0.813478
0.933479
0.252626
0.863201
0.786045
0.911402
1.17323
0.800745
0.301713
0.48519
1.08293
0.208141
0.0898105
1.3325
0.755478
1.3325
1.01868
0.588378
0.691463
0.932786
1.06618
0.581271
0.236868
0.00424613
1.07617
1.03079
0.274477
0.192898
0.729036
1.08181
0.0801403
0.947769
1.3325
0.31235
0.182623
0.0175513
1.14053
0.928425
0.0633547
1.17323
0.784729
0.939718
0.941601
0.257713
0.317848
0.489695
0.34526
1.00698
0.11488
0.491672
1.17323
0.34221
0.278288
0.898197
0.680119
0.402705
0.597508
0.21226
1.17323
1.3325
0.321889
1.09183
0.262695
1.17323
1.3325
1.17323
0.841278
0.849844
0.925832
0.775362
0.201331
0.338992
0.962543
1.3325
0.8815
0.120935
0.9203
0.46548
0.0499888
1.19938
1.17323
0.221213
0.877082
0.877517
0.185192
0.89316
0.471133
0.893969
1.17323
0.462094
0.676071
0.916172
1.17323
0.834976
1.15337
0.599366
1.14634
1.23702
0.892292
0.289521
0.227987
0.750024
1.3325
0.138071
0.688853
1.04355
0.782855
0.742122
0.522805
0.220372
0.412379
0.0870528
0.75662
0.358705
1.3325
0.37888
0.26373
0.0163467
0.827548
0.561976
0.32856
0.219979
0.808845
1.09834
0.351888
0.44788
0.893162
0.800734
0.393745
1.17323
1.09346
1.3325
1.17323
1.3325
0.0776407
0.770099
1.1499
0.267374
1.17323
0.0239933
0.18606
1.02415
1.05264
1.3325
1.17323
0.130719
0.0835901
0.0934866
0.415872
0.942673
0.940318
1.01546
0.653036
0.22916
0.725249
1.07962
0.239159
0.478396
0.0755984
0.754445
0.0389706
0.421865
0.238881
0.821499
0.0228551
0.899861
0.638909
0.311612
0.185226
1.11449
0.796222
1.3325
1.17323
0.356406
1.17323
0.00889211
1.26008
0.932696
1.3325
1.11654
1.00366
1.07366
0.839915
1.17323
0.92503
0.950887
0.593174
0.899708
0.0882322
1.3325
0.547873
0.3105
0.384486
0.680705
0.258947
0.280207
0.438181
0.0952267
1.17323
0.156911
0.137804
0.398404
0.827367
0.638835
1.01045
1.03226
0.268722
1.17323
0.0576357
1.0338
0.737102
0.633149
0.661127
0.148844
0.0732816
0.490325
0.996564
0.229638
0.533875
0.330076
0.573644
1.10653
0.128389
0.895025
0.862129
1.18003
1.17323
0.123184
0.052031
0.845718
1.3325
0.309314
1.01854
0.278797
1.10439
0.210422
0.358316
0.0537494
0.791854
0.99469
0.713421
0.436308
0.263388
0.332722
1.17323
0.807586
1.3325
0.89654
0.794748
0.296547
1.17323
1.05756
1.1687
0.577398
0.199737
0.96219
1.06793
0.537602
0.482728
0.706561
0.0452467
1.17323
1.08856
0.927318
0.421397
0.311991
1.07892
0.0977594
0.405674
0.777639
1.06672
0.861115
0.192003
0.670983
0.0432285
1.3325
0.138268
0.506122
0.280134
0.681362
1.09223
0.347566
1.17323
0.881055
1.00879
1.04579
1.04803
0.408118
0.0496978
0.0300307
0.406471
0.77863
1.17323
0.837153
1.3325
0.507444
0.859849
0.492584
0.989037
1.17323
1.17323
0.315865
0.296279
0.898019
0.932904
0.891639
0.0916123
1.17323
0.460744
0.920641
0.544473
1.0725
1.09356
0.652928
0.53445
0.244416
1.17323
0.188853
0.999032
1.17323
0.3105
0.935302
1.05087
0.449001
0.0990603
0.122203
1.3325
0.0290134
0.758628
0.223824
1.03375
0.404196
0.19655
0.738688
0.824077
0.0844229
0.975315
1.3325
0.889085
0.423931
0.12365
0.205989
0.683204
0.336986
0.977023
1.00774
0.944193
1.3325
1.17323
0.836717
0.88723
1.11315
1.3325
0.455964
0.656655
1.17323
0.117155
1.11437
0.271128
0.525966
0.210739
0.61532
0.506418
0.0733234
0.0928268
0.304185
0.181924
0.337672
0.965543
0.497031
0.32967
1.17852
0.493371
1.16636
1.3325
0.729166
1.3325
0.865613
0.944943
0.580213
1.17323
0.929131
0.474185
0.152211
1.00682
0.101194
0.846719
0.461132
1.00263
0.931051
1.17323
0.181898
0.283952
1.17955
0.759732
0.993622
0.813042
0.762368
0.404779
0.0276049
0.929198
0.38221
0.689423
0.205035
1.08776
0.418132
0.983385
0.73541
0.452789
0.442003
1.00561
0.237882
0.290587
0.331982
0.665431
1.17323
0.467889
0.547464
0.68345
1.14246
0.750723
1.09117
1.00763
0.776819
0.0518169
1.05484
1.17323
0.886998
0.571235
1.00258
0.643777
0.769866
0.249271
1.17323
0.191649
0.986674
0.9121
0.390253
1.00063
0.936994
0.140875
0.0895832
0.300221
1.17323
0.235703
0.738406
0.699716
1.05977
0.142018
0.396121
0.533334
1.17323
0.611458
0.828159
1.00726
1.00462
0.885123
0.885718
0.324178
0.904241
0.746767
0.963152
1.3325
1.04429
1.02005
0.389447
0.946088
0.512374
0.991066
0.906722
0.51122
0.226452
1.3325
1.16484
0.80816
0.182982
1.07111
0.228371
1.14297
0.415219
1.17323
1.3325
0.0691507
0.90919
0.919273
1.17323
0.16024
0.928401
0.206056
1.04869
1.15184
1.17323
0.213396
0.109322
0.080072
0.376182
0.776812
0.658024
1.17323
0.878449
0.130479
0.157574
0.687472
0.509126
0.393575
0.831033
0.694992
0.027619
0.558698
0.731404
0.0124234
0.538098
0.909968
0.836418
0.864546
0.799336
0.940046
0.115568
0.900654
1.17323
1.01056
1.03283
0.408747
0.577553
0.0253335
1.01114
0.588806
0.958493
0.864626
0.730552
0.265889
0.940291
1.03438
0.143366
0.144166
0.388661
1.3325
0.632681
0.412137
0.437313
0.837526
0.100562
0.290726
0.443229
1.3325
0.859757
0.0255764
0.586664
0.151897
0.145762
0.96186
0.453663
0.649708
0.909993
1.02571
0.106419
0.0625638
1.19113
0.774463
0.21607
0.496558
0.0765362
1.12447
0.562667
0.155716
0.364726
0.3105
0.505632
0.215686
0.211269
0.723068
0.908063
1.06441
0.615878
0.897535
0.349109
0.23039
0.94753
0.15752
0.631
0.0851416
1.13466
1.17323
0.88163
0.973145
0.549706
0.202231
0.303003
0.874297
0.997097
1.09377
1.17323
1.3325
0.919108
0.860831
0.600086
0.710862
0.151868
1.03087
1.17323
0.0888678
1.17323
0.916342
0.178072
0.632397
0.928427
0.0669181
0.924646
0.788686
0.561385
0.0518899
0.837563
1.17323
0.183668
1.3325
0.919643
0.702792
0.108942
0.129858
0.140869
0.957926
0.242746
0.226688
1.17323
1.17323
1.3325
0.251495
0.132114
0.462875
0.559163
0.532598
0.325488
0.923185
0.383466
1.0401
0.709595
0.0148534
1.09564
0.80784
1.17323
0.194539
0.971419
0.658354
0.957344
1.06448
0.957707
0.927005
0.587225
0.844377
0.638801
0.555763
0.0105507
0.248444
0.777787
0.0394231
0.862904
0.355033
1.20059
0.572382
1.10953
0.804243
0.697901
1.03307
0.977555
0.200356
0.937834
1.10812
0.3105
0.241789
1.11457
0.869244
0.520678
1.0956
0.0700679
1.3325
0.330746
0.702438
0.00267473
0.959704
1.02435
0.385361
0.880055
0.491378
1.09846
0.846062
1.17323
0.860441
1.17323
0.227937
1.3325
1.17323
0.962678
0.479148
0.129624
0.797758
0.846193
1.17323
0.50961
0.0341554
0.132127
0.39512
0.826667
0.518036
0.114008
0.173504
0.214181
0.849769
0.344842
0.837595
0.303771
0.953342
1.0551
1.17323
0.312887
1.09922
0.338224
0.409917
0.647998
0.0943409
0.224468
0.137682
0.798455
0.28345
0.738836
0.0473226
0.989911
0.946697
0.320902
0.061202
1.12529
0.563928
0.0657021
0.805911
1.17323
1.05334
0.270222
0.699358
0.981185
0.993405
0.172686
0.305109
0.0536604
0.172601
0.617016
0.236002
0.559698
0.426435
1.17323
1.03445
0.331408
0.690951
0.0662813
1.17323
0.349573
0.0576406
1.17323
0.117824
0.542292
0.921909
0.220375
0.4371
0.494732
0.257355
0.440512
0.725467
0.149948
1.04582
1.11627
0.507449
0.89531
0.807991
0.192715
0.633799
0.539136
1.06795
0.945383
0.991298
0.553684
0.948886
0.272887
0.378848
0.067488
0.229668
1.06535
0.654237
1.08296
0.341206
0.103983
0.856952
0.198048
0.758324
0.783953
0.482789
1.17323
0.0366235
0.570965
0.995371
0.894296
0.403133
0.927088
0.548212
0.942446
0.0555965
0.169787
0.893042
0.701172
0.792865
1.01976
0.931139
1.17323
0.581716
0.354388
0.690009
0.921327
0.392657
0.962294
0.168261
0.443197
0.137671
0.852954
1.0815
0.9366
1.19354
1.17323
0.558447
1.17323
1.00131
0.496992
0.95538
0.613169
0.0733166
0.84873
0.593244
1.17323
1.17323
0.934399
0.0916844
1.17323
0.950606
0.723649
0.830685
0.471813
0.944414
0.558503
0.766488
0.0863592
1.17323
0.889187
0.235826
0.466887
0.552885
0.677207
0.0957083
0.0213764
0.142972
1.04581
0.466387
1.17323
0.660622
0.552731
0.803357
0.297548
0.578826
0.0132986
1.01075
0.819145
0.214513
1.17323
0.952116
0.0288963
0.170155
0.683402
1.3325
0.744801
0.680769
1.3325
1.17323
0.94687
0.827223
1.3325
0.383781
0.399383
1.1158
0.142146
0.824835
0.0867718
0.512958
0.185919
0.077102
0.224185
0.973178
0.925388
1.08038
0.0577543
0.074855
0.972433
0.943828
0.191862
0.418906
1.17323
0.870064
0.94691
0.972796
0.35317
0.623617
1.06021
0.685917
0.617266
0.705881
1.17323
0.861615
0.103548
0.110952
0.58018
0.325113
1.3325
0.94143
1.00312
0.923188
0.809762
1.11778
0.941683
1.17323
1.17323
0.102426
0.184101
0.712587
0.512656
0.185275
0.909935
0.289211
0.272225
1.3325
0.91254
0.884842
1.02544
1.17323
0.403735
1.17323
0.300125
1.17323
1.01848
0.479458
0.609251
0.0354786
0.233627
0.49689
0.816189
1.17323
0.384082
0.269195
0.238131
0.783422
0.62272
0.806628
0.693719
0.628347
0.350081
0.571043
1.17323
0.255716
0.546438
0.945113
0.598129
0.674484
0.143183
1.3325
0.633017
0.861499
0.896448
0.244278
1.3325
0.748544
0.93321
0.0871366
0.384023
0.906142
1.3325
0.581903
0.219743
0.651511
1.01241
1.17323
0.913437
0.248402
1.00148
0.669001
1.07617
0.340862
0.479241
1.3325
1.3325
0.613098
0.674009
0.989967
1.3325
0.551166
1.17323
0.46549
0.96213
0.977582
1.07282
1.3325
0.245004
1.10863
0.0230359
0.316918
0.889343
0.779627
1.07296
0.220249
0.688849
0.227219
0.886694
0.289629
0.367862
0.0358883
0.0699495
0.832109
0.511352
0.943673
0.647098
0.784764
0.944365
1.3325
0.961736
0.96598
0.833542
1.17509
1.17323
0.942554
0.826584
0.631299
0.740661
0.938847
0.374587
1.3325
1.17323
1.07243
0.825453
0.579343
0.626909
0.561249
0.641716
0.362458
0.0222381
0.782663
0.254677
1.17323
0.555582
0.341326
0.48913
1.17323
0.736208
1.10084
0.32725
0.288105
0.0657
0.619379
0.948524
0.225523
0.0201872
0.0364756
1.17323
0.568435
0.275871
0.133377
1.1865
1.12645
0.475066
0.701205
0.615124
0.17991
1.17323
0.445336
0.975451
1.3325
1.01641
0.783798
0.949488
1.17323
0.109824
0.840328
0.927338
0.266173
0.111098
1.05363
1.13541
0.549985
0.906571
0.827231
0.974641
0.854655
0.849521
0.94021
1.10714
0.902464
0.0154846
1.17323
0.751648
0.867814
0.986575
0.939609
0.306585
0.903111
1.22543
0.91218
0.597086
0.0456373
1.17323
0.799219
0.749302
0.112349
0.254644
0.0318481
0.154844
1.07095
0.352874
0.880091
0.186655
0.0167865
0.780073
0.0624432
0.326311
0.985729
1.3325
0.094178
0.0689045
0.444589
1.17323
1.07778
0.179446
0.707427
0.466786
0.989258
0.365768
0.204752
0.943343
1.17323
0.419069
0.0884467
0.779013
0.512688
0.64447
0.717467
0.973284
0.978835
0.216902
0.185362
0.170488
0.778786
1.3325
0.241693
1.3325
0.292487
0.953603
0.631743
0.0853629
0.456615
1.3325
0.660541
0.563703
0.465754
0.838223
0.597453
0.366861
0.935773
0.169545
0.572453
1.00879
0.593315
0.21706
0.101155
0.796351
0.672302
0.0620952
0.827544
0.677355
0.103757
1.3325
1.11097
0.0104944
0.880481
0.511499
0.995514
0.992187
0.455282
1.00965
0.0764595
1.3325
0.101376
0.748842
0.500407
0.260178
0.888803
0.781398
1.3325
0.941876
0.33978
0.334676
1.17323
0.214514
0.645656
0.493072
0.125931
1.3325
0.776332
0.0245406
0.546001
0.985887
0.898811
0.466735
0.397527
0.868117
0.676723
0.796883
1.12463
0.713145
0.65085
0.278343
0.453408
0.603211
0.204275
0.474575
0.175481
0.264949
0.923796
0.0175936
1.18474
0.733409
1.02256
0.949701
1.3325
0.184078
0.987104
0.711192
1.14871
0.26566
0.962386
0.914104
0.350687
0.895273
1.17323
0.739792
0.015142
0.891443
1.11648
1.3325
0.385007
0.415576
0.250885
1.3325
1.17323
0.754199
0.897776
1.17323
1.3325
0.626574
1.11256
0.50437
0.400104
1.3325
1.17323
0.0809854
1.09507
0.0696399
0.457486
1.17323
1.01069
0.030315
0.973011
0.57546
0.541545
0.95151
0.0184871
0.471362
0.840437
1.17323
0.804526
1.16951
0.933129
0.0995146
0.121113
0.260288
1.00975
0.551139
0.265251
0.91352
1.06778
1.3325
1.1042
0.954374
0.817244
0.661797
0.048709
0.046745
0.287836
0.895403
1.17323
0.828954
0.615492
0.140849
0.891807
0.933287
0.749417
1.17639
0.344921
1.17323
1.01375
0.17019
0.108771
0.63723
0.0337073
1.17323
1.03838
0.233184
1.05857
0.0507745
1.04467
0.607904
0.668511
0.0602059
0.00910385
0.330191
0.689753
0.340545
0.822751
0.187332
1.3325
0.768239
0.199644
0.459241
0.977451
0.485064
0.217039
0.962236
1.07698
0.129815
0.370487
1.3325
0.576829
1.3325
0.872855
0.765742
1.09
1.17323
0.930875
0.925333
0.864886
1.04622
0.294383
0.892761
1.11771
0.178753
0.474621
1.3325
0.466414
0.916127
0.0473241
0.512271
0.42267
1.17323
0.0939448
0.454178
0.631908
0.653677
0.5528
0.934139
1.13364
1.01968
0.201567
1.3325
0.967652
0.993987
1.3325
0.9026
0.600082
1.17323
0.204578
0.940125
0.288811
0.235704
1.00384
0.430423
1.11827
0.876523
0.896573
0.563815
0.418317
0.547315
0.885555
0.17857
0.781922
0.166566
1.17323
1.17323
0.127146
1.08873
0.0581472
1.02075
0.943229
0.171512
0.169285
0.424252
0.665971
0.819016
0.990907
1.3325
0.263031
0.478036
0.845937
0.541399
1.05342
1.17323
1.3325
0.021286
0.874163
0.360584
0.984345
0.671654
0.674958
0.797423
1.3325
1.17323
0.0584389
0.193106
1.14213
0.43217
0.0656872
0.958427
1.3325
1.17323
1.17323
1.07157
0.163271
0.401547
0.0127907
0.90837
1.17323
0.58157
0.0135167
1.3325
0.570194
0.367981
0.215683
0.213263
0.773261
0.00809543
0.768748
0.22511
0.336618
0.0146889
0.997386
0.877388
0.108448
0.250334
0.875211
1.17323
1.13346
0.352214
0.504467
1.17323
0.639428
0.423868
0.881277
1.17323
0.734032
0.0654356
0.490618
0.731337
1.00791
1.17323
0.0240754
0.900461
0.324559
0.219025
1.08306
0.65148
0.711056
0.999581
0.571389
1.02805
0.804538
1.03594
1.17323
1.3325
0.384097
0.810732
0.724934
0.781264
0.859761
0.073126
0.169761
1.3325
1.09779
0.375085
0.100914
0.784995
0.642812
0.937637
0.717194
0.0541748
0.988522
0.278657
1.3325
1.07032
0.543708
0.615691
0.191286
0.769212
0.28488
0.318239
0.183746
1.17323
0.771361
0.964578
0.929631
1.3325
0.536786
1.17323
1.00739
0.486938
0.248631
0.0632543
0.535988
1.17323
0.239474
0.471679
0.308627
1.055
0.153662
1.17323
0.427457
0.584197
0.0541942
1.1075
0.205904
0.122866
0.805729
0.0397918
0.676531
0.234134
0.958089
0.160805
0.620764
1.07088
0.873847
0.844701
0.780538
0.444989
0.463339
0.910498
0.442634
0.868453
0.363717
0.664904
0.359498
1.14618
0.636559
0.91885
0.851767
0.0340835
0.714518
0.983673
0.67331
1.05228
1.16542
0.875795
0.977955
0.0580557
0.230725
0.28242
0.164855
0.402017
0.657561
1.17323
1.3325
1.02649
1.3325
0.238733
1.11466
0.868505
0.96635
0.381911
0.827971
1.17323
0.612064
0.0863648
1.17323
0.490017
0.00297852
0.820485
0.199541
1.17323
0.426329
0.618632
0.786349
0.878506
1.17559
0.228294
0.955002
1.3325
0.637397
1.05053
1.17323
0.574385
0.523881
0.301601
0.33651
0.758537
0.664141
0.359555
0.690246
0.882108
0.194971
0.631916
0.849604
0.0184905
0.34534
0.758389
0.300298
1.3325
0.63524
0.72448
0.609702
1.3325
0.323187
0.0749087
0.144963
1.17323
0.696032
1.17323
0.830431
1.17323
0.728694
0.583526
0.277358
0.160475
1.13295
1.17323
1.3325
0.754055
0.564827
0.202658
0.0688047
0.405543
0.182031
0.587374
1.17323
1.08833
0.589567
0.753801
1.3325
0.290324
1.13658
1.10998
0.0814793
0.429976
1.02822
1.17323
0.158071
1.06359
0.95475
0.907206
0.801677
0.0805092
1.17323
0.460203
1.17323
0.13582
0.331879
1.3325
1.17323
1.17323
0.78418
1.0581
1.17323
1.3325
0.171798
0.422363
0.337571
0.44497
1.09957
1.13326
0.412615
0.920918
0.873952
0.601131
0.349611
0.996963
0.00759315
1.17323
0.545773
0.600566
0.855945
1.04429
1.3325
0.867566
0.778532
0.208013
1.02061
0.212976
1.16061
0.358313
1.17323
0.882784
0.892985
0.318824
0.633039
1.17323
1.17323
1.07879
1.3325
0.139973
1.17323
1.17323
0.544357
0.27106
1.07966
0.873303
0.0153076
0.324156
0.594113
0.0133633
0.0997765
1.08472
0.798231
1.17323
0.323214
0.151155
1.17323
0.58772
0.869094
0.0335031
0.628165
0.98861
0.0914364
1.3325
0.896852
0.560933
0.187667
0.222178
0.666449
0.474256
0.987349
0.912311
0.98853
0.249862
1.17323
0.689427
0.248159
0.192026
0.299847
1.17323
0.210307
0.189695
0.235183
1.03207
1.3325
1.17323
0.271682
1.03907
0.657418
1.3325
0.661108
0.655619
0.117521
0.0636688
0.756559
0.352505
0.697711
0.655558
0.417212
0.586518
0.208909
0.27433
0.573005
0.911468
1.11076
1.3325
1.17323
0.564266
0.0747093
0.799285
0.507777
1.04515
0.906249
0.819721
1.17323
0.233449
0.256401
0.115591
0.175806
0.0272536
0.235137
0.656707
1.10524
0.241646
0.066052
0.372304
0.0155722
0.991584
0.890306
0.941376
1.3325
0.363944
0.00418585
1.0185
0.044257
0.0110178
0.331985
0.323757
0.382171
0.0538659
1.3325
1.1595
0.815508
0.205115
0.00795861
0.649625
0.792774
0.983872
0.582587
0.388495
0.316335
0.396545
0.109611
0.912349
0.760427
0.0484647
1.11804
0.133581
0.858007
0.00488966
0.775582
0.710348
1.11705
0.513003
0.602144
1.17323
0.960226
1.04467
0.37838
0.933337
1.3325
1.3325
0.25673
0.882231
1.12779
1.10478
1.3325
0.252654
1.17323
1.17323
1.07078
1.17323
0.675621
0.182903
0.88472
0.437626
0.701574
0.77476
0.158891
0.554831
1.12955
1.01718
0.341472
0.832017
0.472394
1.17323
0.945913
1.3325
0.238816
0.782803
0.908459
0.560087
1.03511
0.859297
1.08391
0.902823
0.845116
1.17323
0.926249
1.15581
1.17323
1.3325
0.327102
0.665333
0.972477
0.874798
0.0406897
0.646472
0.645475
1.17323
1.0351
0.758417
1.11774
0.619772
1.17323
0.269692
0.907839
0.193379
1.06167
0.907973
0.100265
0.932582
0.890246
0.72499
0.860565
0.232702
0.781761
0.0475234
0.645859
0.0999012
0.802321
0.5248
0.882678
0.182331
0.314375
0.72694
0.0165348
0.080017
0.273129
0.930401
1.3325
0.972456
0.349482
0.0638589
0.707579
0.466496
0.0254799
0.0682087
0.115272
0.382579
0.878468
0.239969
1.17323
1.17323
0.851455
1.17323
0.0240105
0.396817
0.518675
0.653146
1.17323
0.89239
0.929438
1.3325
0.524989
0.608838
0.765617
1.17323
0.82769
0.0935453
0.320984
0.278973
0.367321
0.954012
0.629453
0.487989
1.04629
0.521875
1.17323
1.07066
0.0894772
0.624261
0.32583
0.475558
0.412476
1.01591
1.17323
1.16142
0.892284
0.938802
0.91654
0.595365
0.107061
0.3105
1.09217
1.19649
0.687543
0.293237
0.394161
0.349328
0.907553
0.0377016
0.33094
0.115339
0.204462
1.17323
0.733391
0.499104
0.455087
0.994217
0.138257
0.521796
0.180547
0.850892
0.566248
1.1527
1.15433
1.0896
0.794859
0.393874
0.210336
0.203832
0.688704
1.09608
0.888566
0.0857627
0.834501
1.1554
0.310603
0.385114
0.527054
0.769545
0.835089
0.833005
1.11249
0.7381
0.394601
0.956962
0.577628
1.17323
0.465418
1.08854
1.17323
