0.0358058
0.1217
0.1217
0.1217
0.1217
0.110185
0.1217
0.1217
0.1217
0.1217
0.1217
0.0911545
0.1217
0.1217
0.1217
0.1217
0.1217
0.1217
0.1217
0.1217
0.1217
0.1217
0.0971602
0.1217
0.0142962
0.1217
0.1217
0.1217
0.1217
0.1217
0.1217
0.1217
0.1217
0.1217
0.1217
0.1217
0.1217
0.1217
0.1217
0.0368805
0.1217
0.1217
0.038779
0.1217
0.1217
0.1217
0.1217
0.1217
0.1217
0.1217
0.1217
0.1217
0.1217
0.1217
0.1217
0.1217
0.0832223
0.1217
0.1217
0.1217
0.090339
0.1217
0.1217
0.1217
0.1217
0.1217
0.1217
0.1217
0.1217
0.1217
0.1217
0.1217
0.1217
0.1217
0.1217
0.1217
0.1217
0.00396543
0.1217
0.1217
0.00382761
0.1217
0.1217
0.1217
0.0860795
0.1217
0.1217
0.1217
0.1217
0.1217
0.1217
0.1217
0.1217
0.1217
0.115226
0.1217
0.1217
0.1217
0.1217
0.0298548
0.1217
0.1217
0.1217
0.1217
0.1217
0.1217
0.1217
0.0171264
0.1217
0.0974047
0.1217
0.1217
0.1217
0.105866
0.1217
0.1217
0.1217
0.1217
0.1217
0.1217
0.1217
0.1217
0.1217
0.1217
0.1217
0.1217
0.1217
0.1217
0.1217
0.1217
0.1217
0.1217
0.1217
0.1217
0.1217
0.1217
0.107292
0.1217
0.1217
0.1217
0.1217
0.0299413
0.1217
0.1217
0.1217
0.1217
0.1217
0.1217
0.1217
0.1217
0.1217
0.0889972
0.1217
0.1217
0.1217
0.1217
0.1217
0.1217
0.1217
0.0288881
0.1217
0.1217
0.1217
0.1217
0.1217
0.0212375
0.0330878
0.1217
0.1217
0.1217
0.1217
0.1217
0.1217
0.1217
0.1217
0.0833855
0.1217
0.1217
0.1217
0.1217
0.1217
0.1217
0.1217
0.1217
0.1217
0.1217
0.1217
0.1217
0.1217
0.1217
0.1217
0.0828012
0.1217
0.1217
0.1217
0.00295985
0.1217
0.1217
0.1217
0.1217
0.1217
0.0259807
0.11437
0.1217
0.1217
0.1217
0.1217
0.1217
0.1217
0.1217
0.1217
0.1217
0.1217
0.1217
0.1217
0.1217
0.1217
0.1217
0.1217
0.1217
0.1217
0.0829658
0.1217
0.1217
0.1217
0.1217
0.1217
0.1217
0.0343916
0.1217
0.1217
0.1217
0.108717
0.1217
0.0042812
0.1217
0.1217
0.1217
0.1217
0.1217
0.1217
0.1217
0.1217
0.1217
0.1217
0.1217
0.1217
0.1217
0.1217
0.1217
0.1217
0.1217
0.106566
0.1217
0.1217
0.1217
0.0346351
0.1217
0.1217
0.1217
0.1217
0.0844078
0.0378196
0.1217
0.1217
0.1217
0.1217
0.1217
0.0847253
0.1217
0.0282824
0.1217
0.1217
0.00326215
0.1217
0.1217
0.1217
0.0819607
0.1217
0.1217
0.1217
0.1217
0.1217
0.0863914
0.1217
0.1217
0.1217
0.1217
0.1217
0.0376051
0.1217
0.116378
0.1217
0.1217
0.090883
0.1217
0.111888
0.118505
0.1217
0.1217
0.119822
0.1217
0.1217
0.0379165
0.1217
0.1217
0.1217
0.1217
0.1217
0.1217
0.00134293
0.1217
0.1217
0.1217
0.1217
0.110728
0.1217
0.1217
0.1217
0.1217
0.1217
0.1217
0.1217
0.1217
0.1217
0.1217
0.1217
0.1217
0.1217
0.1217
0.1217
0.1217
0.1217
0.1217
0.1217
0.1217
0.100911
0.1217
0.1217
0.1217
0.0105745
0.1217
0.1217
0.1217
0.1217
0.1217
0.1217
0.1217
0.1217
0.1217
0.1217
0.1217
0.115691
0.1217
0.1217
0.1217
0.1217
0.1217
0.1217
0.1217
0.1217
0.1217
0.1217
0.1217
0.0353062
0.1217
0.1217
0.1217
0.1217
0.1217
0.1217
0.1217
0.0404889
0.1217
0.1217
0.1217
0.0836411
0.1217
0.1217
0.1217
0.0225419
0.1217
0.1217
0.1217
0.0837085
0.1217
0.1217
0.1217
0.0937694
0.1217
0.1217
0.1217
0.1217
0.1217
0.1217
0.1217
0.1217
0.1217
0.1217
0.1217
0.1217
0.1217
0.089137
0.1217
0.0946455
0.1217
0.1217
0.0407757
0.1217
0.1217
0.1217
0.1217
0.1217
0.100629
0.1217
0.1217
0.102651
0.1217
0.1217
0.0644532
0.1217
0.1217
0.1217
0.1217
0.1217
0.1217
0.1217
0.1217
0.0189073
0.0836433
0.109113
0.1217
0.1217
0.1217
0.1217
0.1217
0.120567
0.1217
0.1217
0.1217
0.1217
0.1217
0.1217
0.1217
0.1217
0.1217
0.1217
0.114459
0.1217
0.1217
0.1217
0.1217
0.1217
0.1217
0.1217
0.1217
0.1217
0.1217
0.1217
0.1217
0.1217
0.1217
0.1217
0.1217
0.1217
0.1217
0.1217
0.1217
0.103477
0.1217
0.0984215
0.1217
0.116218
0.1217
0.1217
0.1217
0.1217
0.1217
0.1217
0.1217
0.1217
0.1217
0.1217
0.1217
0.1217
0.0890994
0.1217
0.1217
0.1217
0.1217
0.000592807
0.1217
0.0347355
0.1217
0.1217
0.1217
0.1217
0.0369448
0.1217
0.1217
0.1217
0.1217
0.1217
0.032389
0.1217
0.1217
0.1217
0.1217
0.1217
0.1217
0.1217
0.1217
0.1217
0.1217
0.1217
0.0227549
0.0894535
0.1217
0.1217
0.1217
0.1217
0.1217
0.1217
0.1217
0.0859021
0.0950028
0.1217
0.1217
0.1217
0.1217
0.1217
0.1217
0.1217
0.1217
0.1217
0.1217
0.1217
0.1217
0.1217
0.1217
0.1217
0.1217
0.1217
0.1217
0.1217
0.1217
0.1217
0.1217
0.0301833
0.1217
0.1217
0.0773653
0.1217
0.1217
0.1217
0.1217
0.1217
0.1217
0.1217
0.1217
0.1217
0.1217
0.1217
0.1217
0.099117
0.1217
0.1217
0.1217
0.1217
0.1217
0.1217
0.0959223
0.1217
0.121281
0.1217
0.1217
0.1217
0.1217
0.1182
0.1217
0.1217
0.1217
0.1217
0.1217
0.1217
0.1217
0.1217
0.1217
0.1217
0.1217
0.1217
0.0112954
0.1217
0.1217
0.1217
0.1217
0.1217
0.1217
0.104147
0.1217
0.1217
0.1217
0.1217
0.1217
0.1217
0.1217
0.1217
0.1217
0.101694
0.1217
0.1217
0.1217
0.00626245
0.1217
0.1217
0.0121241
0.1217
0.0306403
0.1217
0.1217
0.0889266
0.0358805
0.1217
0.1217
0.11287
0.1217
0.1217
0.1217
0.1217
0.1217
0.1217
0.1217
0.1217
0.1217
0.1217
0.1217
0.1217
0.1217
0.1217
0.1217
0.1217
0.1217
0.1217
0.1217
0.1217
0.0294814
0.1217
0.1217
0.1217
0.1217
0.1217
0.1217
0.1217
0.00564722
0.1217
0.0402787
0.1217
0.1217
0.1217
0.1217
0.1217
0.1217
0.1217
0.1217
0.1217
0.1217
0.1217
0.1217
0.1217
0.113558
0.1217
0.1217
0.1217
0.1217
0.1217
0.104889
0.1217
0.0171861
0.1217
0.1217
0.1217
0.1217
0.1217
0.1217
0.1217
0.1217
0.1217
0.1217
0.1217
0.1217
0.1217
0.1217
0.1217
0.1217
0.1217
0.1217
0.1217
0.1217
0.1217
0.1217
0.1217
0.1217
0.1217
0.1217
0.1217
0.1217
0.1217
0.1217
0.1217
0.1217
0.1217
0.1217
0.1217
0.1217
0.1217
0.107383
0.1217
0.0890161
0.1217
0.1217
0.1217
0.1217
0.1217
0.1217
0.1217
0.1217
0.1217
0.1217
0.1217
0.1217
0.110366
0.1217
0.1217
0.0468294
0.1217
0.0254885
0.0304059
0.1217
0.1217
0.1217
0.1217
0.1217
0.1217
0.1217
0.0349792
0.1217
0.1217
0.1217
0.1217
0.1217
0.1217
0.1217
0.1217
0.1217
0.1217
0.0061857
0.0885577
0.1217
0.1217
0.00315749
0.1217
0.1217
0.1217
0.1217
0.1217
0.1217
0.1217
0.1217
0.1217
0.1217
0.1217
0.1217
0.1217
0.1217
0.1217
0.0271979
0.0817704
0.1217
0.1217
0.1217
0.1217
0.1217
0.1217
0.1217
0.1217
0.1217
0.064011
0.1217
0.1217
0.1217
0.1217
0.1217
0.1217
0.1217
0.1217
0.1217
0.1217
0.1217
0.1217
0.1217
0.1217
0.1217
0.1217
0.1217
0.1217
0.1217
0.1217
0.1217
0.033044
0.1217
0.0842947
0.1217
0.1217
0.1217
0.1217
0.1217
0.110879
0.1217
0.1217
0.1217
0.1217
0.1217
0.0644422
0.1217
0.1217
0.1217
0.1217
0.1217
0.1217
0.0850717
0.0251741
0.1217
0.1217
0.1217
0.1217
0.1217
0.1217
0.0792053
0.1217
0.1217
0.1217
0.1217
0.1217
0.1217
0.1217
0.1217
0.1217
0.1217
0.1217
0.1217
0.1217
0.1217
0.111856
0.1217
0.1217
0.1217
0.1217
0.1217
0.1217
0.03933
0.1217
0.1217
0.1217
0.035924
0.1217
0.1217
0.1217
0.1217
0.1217
0.1217
0.1217
0.1217
0.1217
0.1217
0.1217
0.1217
0.1217
0.1217
0.1217
0.1217
0.1217
0.1217
0.1217
0.0368197
0.0358135
0.1217
0.1217
0.1217
0.1217
0.1217
0.1217
0.1217
0.1217
0.1217
0.1217
0.1217
0.1217
0.1217
0.1217
0.1217
0.1217
0.1217
0.0932086
0.1217
0.1217
0.1217
0.1217
0.1217
0.1217
0.1217
0.1217
0.1217
0.1217
0.1217
0.1217
0.1217
0.1217
0.1217
0.1217
0.1217
0.1217
0.0884544
0.1217
0.1217
0.1217
0.1217
0.108951
0.1217
0.1217
0.0897697
0.1217
0.1217
0.1217
0.1217
0.1217
0.1217
0.1217
0.1217
0.1217
0.1217
0.1217
0.1217
0.1217
0.1217
0.0036893
0.1217
0.1217
0.1217
0.1217
0.1217
0.1217
0.1217
0.1217
0.0837426
0.0878661
0.1217
0.1217
0.1217
0.1217
0.1217
0.1217
0.1217
0.1217
0.1217
0.1217
0.1217
0.1217
0.1217
0.1217
0.1217
0.1217
0.1217
0.1217
0.030404
0.1217
0.1217
0.0848144
0.1217
0.1217
0.1217
0.1217
0.1217
0.1217
0.1217
0.1217
0.1217
0.0320048
0.109843
0.1217
0.1217
0.1217
0.1217
0.1217
0.1217
0.1217
0.1217
0.106409
0.0848634
0.1217
0.1217
0.0335883
0.1217
0.1217
0.1217
0.00614066
0.1217
0.1217
0.1217
0.1217
0.1217
0.1217
0.1217
0.1217
0.00331195
0.1217
0.1217
0.1217
0.1217
0.1217
0.1217
0.1217
0.1217
0.1217
0.1217
0.1217
0.1217
0.1217
0.1217
0.1217
0.1217
0.1217
0.1217
0.1217
0.1217
0.1217
0.1217
0.1217
0.1217
0.0855155
0.1217
0.1217
0.0933894
0.0254265
0.1217
0.1217
0.1217
0.1217
0.1217
0.1217
0.00991339
0.1217
0.0874532
0.1217
0.1217
0.1217
0.0379737
0.1217
0.1217
0.1217
0.116161
0.1217
0.1217
0.1217
0.0363555
0.1217
0.1217
0.1217
0.1217
0.1217
0.1217
0.1217
0.110824
0.1217
0.1217
0.1217
0.1217
0.1217
0.0356811
0.1217
0.1217
0.1217
0.1217
0.1217
0.1217
0.1217
0.1217
0.1217
0.1217
0.1217
0.1217
0.1217
0.1217
0.1217
0.1217
0.1217
0.1217
0.1217
0.0301338
0.0198566
0.1217
0.1217
0.0227666
0.1217
0.1217
0.1217
0.1217
0.1217
0.1217
0.1217
0.1217
0.1217
0.115586
0.1217
0.1217
0.1217
0.0383446
0.1217
0.1217
0.1217
0.1217
0.1217
0.1217
0.1217
0.1217
0.1217
0.1217
0.1217
0.1217
0.1217
0.1217
0.1217
0.1217
0.1217
0.11503
0.1217
0.0265649
0.1217
0.1217
0.095443
0.1217
0.1217
0.1217
0.1217
0.1217
0.1217
0.107014
0.1217
0.1217
0.1217
0.1217
0.1217
0.1217
0.0354573
0.1217
0.1217
0.1217
0.1217
0.0334323
0.1217
0.1217
0.0838315
0.1217
0.1217
0.1217
0.1217
0.1217
0.1217
0.1217
0.1217
0.1217
0.1217
0.1217
0.1217
0.1217
0.1217
0.1217
0.1217
0.1217
0.1217
0.1217
0.1217
0.1217
0.1217
0.1217
0.1217
0.00802236
0.1217
0.1217
0.119797
0.1217
0.1217
0.1217
0.1217
0.1217
0.1217
0.0746601
0.1217
0.1217
0.1217
0.1217
0.1217
0.1217
0.1217
0.11424
0.1217
0.1217
0.1217
0.1217
0.1217
0.1217
0.1217
0.1217
0.1217
0.1217
0.1217
0.1217
0.1217
0.0735407
0.1217
0.1217
0.0352217
0.1217
0.1217
0.1217
0.1217
0.1217
0.1217
0.1217
0.1217
0.0825894
0.1217
0.1217
0.1217
0.1217
0.1217
0.1217
0.1217
0.1217
0.1217
0.1217
0.1217
0.1217
0.1217
0.1217
0.1217
0.1217
0.1217
0.1217
0.116322
0.0652487
0.0334105
0.1217
0.1217
0.1217
0.1217
0.1217
0.1217
0.1217
0.1217
0.110331
0.00314598
0.1217
0.1217
0.1217
0.1217
0.1217
0.1217
0.1217
0.1217
0.1217
0.1217
0.1217
0.1217
0.1217
0.1217
0.0714864
0.1217
0.1217
0.1217
0.1217
0.1217
0.1217
0.1217
0.0828239
0.1217
0.1217
0.1217
0.1217
0.1217
0.1217
0.1217
0.1217
0.1217
0.0417657
0.1217
0.1217
0.1217
0.1217
0.0372324
0.1217
0.1217
0.0990915
0.1217
0.1217
0.1217
0.1217
0.1217
0.1217
0.1217
0.1217
0.1217
0.1217
0.1217
0.1217
0.1217
0.1217
0.1217
0.1217
0.1217
0.1217
0.1217
0.1217
0.1217
0.1217
0.1217
0.0360682
0.1217
0.1217
0.1217
0.0281105
0.1217
0.1217
0.1217
0.1217
0.1217
0.1217
0.0989232
0.1217
0.1217
0.1217
0.10837
0.1217
0.1217
0.1217
0.1217
0.1217
0.1217
0.1217
0.1217
0.1217
0.1217
0.1217
0.1217
0.1217
0.1217
0.1217
0.1217
0.1217
0.1217
0.1217
0.1217
0.1217
0.1217
0.1217
0.1217
0.1217
0.1217
0.1217
0.1217
0.1217
0.1217
0.1217
0.1217
0.1217
0.1217
0.1217
0.1217
0.1217
0.103515
0.1217
0.1217
0.1217
0.1217
0.1217
0.1217
0.1217
0.1217
0.035795
0.1217
0.1217
0.1217
0.116097
0.110576
0.1217
0.1217
0.1217
0.1217
0.1217
0.1217
0.1217
0.1217
0.1217
0.1217
0.1217
0.1217
0.1217
0.1217
0.0338208
0.1217
0.1217
0.1217
0.1217
0.1217
0.1217
0.1217
0.101132
0.1217
0.1217
0.0873622
0.1217
0.1217
0.106453
0.1217
0.1217
0.113016
0.1217
0.109947
0.1217
0.111856
0.0121026
0.1217
0.1217
0.1217
0.1217
0.1217
0.1217
0.1217
0.1217
0.1217
0.1217
0.1217
0.1217
0.1217
0.0963793
0.1217
0.1217
0.1217
0.1217
0.1217
0.1217
0.1217
0.1217
0.1217
0.1217
0.1217
0.1217
0.1217
0.1217
0.1217
0.0778289
0.1217
0.1217
0.1217
0.111856
0.1217
0.1217
0.1217
0.0361476
0.1217
0.1217
0.1217
0.1217
0.1217
0.1217
0.1217
0.0783342
0.1217
0.1217
0.1217
0.1217
0.1217
0.1217
0.1217
0.1217
0.1217
0.0739043
0.1217
0.1217
0.1217
0.0854832
0.1217
0.1217
0.1217
0.1217
0.1217
0.1217
0.1217
0.1217
0.1217
0.1217
0.00617777
0.1217
0.1217
0.1217
0.1217
0.1217
0.1217
0.1217
0.1217
0.1217
0.1217
0.1217
0.0926104
0.0682217
0.1217
0.1217
0.1217
0.1217
0.1217
0.1217
0.1217
0.1217
0.106244
0.0340208
0.1217
0.1217
0.036743
0.1217
0.1217
0.1217
0.1217
0.1217
0.1217
0.1217
0.1217
0.1217
0.1217
0.1217
0.1217
0.1217
0.1217
0.1217
0.1217
0.1217
0.1217
0.0859921
0.1217
0.1217
0.1217
0.1217
0.1217
0.1217
0.1217
0.1217
0.1217
0.1217
0.1217
0.1217
0.1217
0.1217
0.1217
0.1217
0.1217
0.1217
0.1217
0.1217
0.1217
0.1217
0.1217
0.1217
0.1217
0.074773
0.1217
0.1217
0.0371588
0.1217
0.0210292
0.1217
0.1217
0.1217
0.1217
0.1217
0.1217
0.1217
0.1217
0.1217
0.1217
0.1217
0.00392349
0.00853103
0.1217
0.1217
0.1217
0.1217
0.1217
0.1217
0.1217
0.0223553
0.1217
0.1217
0.0987077
0.1217
0.1217
0.1217
0.1217
0.1217
0.1217
0.1217
0.1217
0.0834519
0.1217
0.1217
0.1217
0.1217
0.1217
0.1217
0.1217
0.1217
0.0825218
0.1217
0.1217
0.0826162
0.1217
0.1217
0.1217
0.0162243
0.1217
0.1217
0.1217
0.1217
0.1217
0.1217
0.1217
0.0768605
0.1217
0.1217
0.1217
0.1217
0.1217
0.1217
0.1217
0.1217
0.0120183
0.1217
0.1217
0.1217
0.1217
0.1217
0.1217
0.0368547
0.1217
0.1217
0.1217
0.1217
0.1217
0.1217
0.1217
0.1217
0.1217
0.1217
0.1217
0.1217
0.1217
0.1217
0.1217
0.1217
0.1217
0.1217
0.1217
0.1217
0.1217
0.1217
0.1217
0.1217
0.1217
0.1217
0.1217
0.1217
0.1217
0.1217
0.1217
0.0371276
0.1217
0.1217
0.0198287
0.1217
0.1217
0.0376357
0.1217
0.089762
0.1217
0.1217
0.1217
0.1217
0.1217
0.1217
0.1217
0.1217
0.1217
0.1217
0.1217
0.1217
0.1217
0.1217
0.1217
0.1217
0.1217
0.1217
0.1217
0.1217
0.1217
0.1217
0.1217
0.1217
0.1217
0.1217
0.1217
0.0953866
0.1217
0.1217
0.1217
0.1217
0.1217
0.1217
0.1217
0.1217
0.1217
0.102172
0.1217
0.1217
0.1217
0.1217
0.0716216
0.1217
0.1217
0.1217
0.0340885
0.1217
0.1217
0.1217
0.1217
0.1217
0.1217
0.1217
0.0915189
0.1217
0.1217
0.1217
0.1217
0.1217
0.1217
0.1217
0.1217
0.1217
0.1217
0.1217
0.1217
0.1217
0.1217
0.0358063
0.1217
0.1217
0.071024
0.1217
0.1217
0.1217
0.1217
0.1217
0.1217
0.1217
0.1217
0.1217
0.1217
0.1217
0.1217
0.1217
0.1217
0.1217
0.1217
0.1217
0.1217
0.1217
0.0940578
0.1217
0.1217
0.1217
0.1217
0.1217
0.1217
0.1217
0.1217
0.1217
0.1217
0.1217
0.1217
0.1217
0.0110665
0.1217
0.0199531
0.1217
0.1217
0.00136194
0.1217
0.1217
0.1217
0.1217
0.1217
0.1217
0.0904587
0.0137596
0.1217
0.1217
0.1217
0.1217
0.0786288
0.1217
0.1217
0.1217
0.1217
0.1217
0.0960241
0.105578
0.1217
0.1217
0.1217
0.1217
0.09188
0.1217
0.1217
0.1217
0.1217
0.1217
0.1217
0.1217
0.1217
0.1217
0.1217
0.1217
0.1217
0.1217
0.1217
0.0828766
0.1217
0.1217
0.1217
0.1217
0.1217
0.1217
0.1217
0.1217
0.0157938
0.1217
0.0771102
0.1217
0.1217
0.1217
0.1217
0.1217
0.1217
0.1217
0.1217
0.1217
0.1217
0.1217
0.0997352
0.1217
0.1217
0.1217
0.1217
0.1217
0.1217
0.1217
0.1217
0.0382353
0.1217
0.1217
0.1217
0.1217
0.1217
0.1217
0.1217
0.1217
0.1217
0.1217
0.1217
0.1217
0.1217
0.1217
0.0994914
0.1217
0.1217
0.1217
0.1217
0.1217
0.1217
0.1217
0.1217
0.111592
0.1217
0.1217
0.1217
0.1217
0.1217
0.111193
0.1217
0.1217
0.1217
0.0918848
0.1217
0.1217
0.1217
0.0851804
0.0201857
0.0840839
0.0130244
0.1217
0.121081
0.1217
0.1217
0.1217
0.1217
0.1217
0.1217
0.1217
0.1217
0.0356149
0.1217
0.1217
0.1217
0.1217
0.0185643
0.1217
0.1217
0.1217
0.1217
0.1217
0.1217
0.1217
0.1217
0.1217
0.1217
0.1217
0.0370177
0.1217
0.1217
0.1217
0.1217
0.1217
0.1217
0.1217
0.1217
0.0239282
0.1217
0.1217
0.1217
0.1217
0.1217
0.1217
0.1217
0.1217
0.1217
0.00989462
0.104193
0.1217
0.1217
0.1217
0.0910764
0.1217
0.1217
0.1217
0.1217
0.1217
0.1217
0.1217
0.1217
0.1217
0.1217
0.1217
0.1217
0.1217
0.0372926
0.1217
0.1217
0.1217
0.1217
0.0356596
0.1217
0.0230288
0.1217
0.1217
0.114206
0.1217
0.1217
0.113678
0.1217
0.1217
0.0836795
0.114285
0.1217
0.1217
0.1217
0.1217
0.0995471
0.1217
0.1217
0.1217
0.1217
0.1217
0.1217
0.1217
0.0883035
0.1217
0.1217
0.1217
0.1217
0.1217
0.1217
0.1217
0.105148
0.1217
0.1217
0.1217
0.1217
0.1217
0.1217
0.1217
0.1217
0.1217
0.1217
0.1217
0.0317587
0.1217
0.1217
0.0881201
0.1217
0.1217
0.1217
0.1217
0.0762477
0.1217
0.000884537
0.1217
0.1217
0.1217
0.1217
0.1217
0.0312507
0.1217
0.1217
0.1217
0.1217
0.1217
0.1217
0.1217
0.1217
0.1217
0.0809303
0.1217
0.1217
0.1217
0.1217
0.1217
0.1217
0.1217
0.1217
0.1217
0.1217
0.1217
0.1217
0.1217
0.1217
0.1217
0.1217
0.1217
0.1217
0.1217
0.1217
0.1217
0.1217
0.1217
0.0279958
0.1217
0.1217
0.0462257
0.1217
0.111728
0.1217
0.1217
0.1217
0.1217
0.0282691
0.1217
0.1217
0.1217
0.1217
0.1217
0.0856679
0.1217
0.1217
0.1217
0.1217
0.1217
0.1217
0.1217
0.1217
0.1217
0.1217
0.1217
0.1217
0.0726124
0.1217
0.1217
0.1217
0.0825151
0.1217
0.1217
0.1217
0.1217
0.1217
0.1217
0.082763
0.1217
0.1217
0.1217
0.1217
0.1217
0.1217
0.1217
0.1217
0.1217
0.1217
0.1217
0.1217
0.1217
0.0866573
0.1217
0.116073
0.1217
0.0862899
0.1217
0.1217
0.1217
0.1217
0.1217
0.1217
0.1217
0.1217
0.111856
0.0834478
0.1217
0.1217
0.1217
0.1217
0.1217
0.1217
0.1217
0.1217
0.1217
0.1217
0.1217
0.1217
0.1217
0.0917991
0.1217
0.000161262
0.1217
0.1217
0.1217
0.1217
0.1217
0.1217
0.1217
0.1217
0.0340672
0.1217
0.1217
0.1217
0.1217
0.1217
0.1217
0.1217
0.1217
0.1217
0.0933992
0.1217
0.1217
0.1217
0.1217
0.1217
0.1217
0.0523642
0.1217
0.1217
0.1217
0.1217
0.1217
0.1217
0.1217
0.1217
0.1217
0.1217
0.1217
0.1217
0.1217
0.1217
0.1217
0.117542
0.1217
0.1217
0.1217
0.1217
0.1217
0.1217
0.1217
0.1217
0.115061
0.1217
0.1217
0.1217
0.1217
0.1217
0.1217
0.1217
0.1217
0.0387527
0.100377
0.1217
0.1217
0.1217
0.1217
0.1217
0.1217
0.1217
0.1217
0.111244
0.0291019
0.1217
0.1217
0.1217
0.1217
0.1217
0.1217
0.1217
0.1217
0.1217
0.1217
0.1217
0.1217
0.1217
0.1217
0.1217
0.108488
0.1217
0.1217
0.1217
0.1217
0.1217
0.0336804
0.1217
0.0108523
0.1217
0.1217
0.1217
0.1217
0.1217
0.1217
0.1217
0.1217
0.1217
0.1217
0.0305658
0.1217
0.1217
0.1217
0.1217
0.0790956
0.1217
0.1217
0.0392358
0.0502765
0.1217
0.1217
0.1217
0.1217
0.1217
0.1217
0.1217
0.1217
0.1217
0.1217
0.1217
0.1217
0.1217
0.1217
0.1217
0.1217
0.1217
0.00183113
0.1217
0.1217
0.1217
0.0395347
0.1217
0.1217
0.1217
0.1217
0.1217
0.1217
0.1217
0.1217
0.1217
0.1217
0.1217
0.1217
0.1217
0.1217
0.1217
0.1217
0.1217
0.0348369
0.1217
0.1217
0.1217
0.1217
0.1217
0.1217
0.1217
0.1217
0.090813
0.1217
0.1217
0.0243978
0.1217
0.1217
0.1217
0.1217
0.1217
0.0867106
0.1217
0.1217
0.1217
0.0265082
0.1217
0.1217
0.1217
0.1217
0.1217
0.1217
0.0342918
0.1217
0.1217
0.1217
0.1217
0.1217
0.1217
0.1217
0.1217
0.1217
0.1217
0.1217
0.1217
0.1217
0.0832688
0.1217
0.1217
0.0826319
0.0333864
0.1217
0.1217
0.1217
0.0391998
0.1217
0.0359552
0.1217
0.1217
0.1217
0.1217
0.1217
0.1217
0.1217
0.1217
0.1217
0.1217
0.1217
0.1217
0.1217
0.1217
0.1217
0.1217
0.1217
0.1217
0.1217
0.1217
0.1217
0.0710521
0.1217
0.0366651
0.1217
0.1217
0.1217
0.1217
0.1217
0.1217
0.1217
0.1217
0.013412
0.105905
0.1217
0.1217
0.1217
0.1217
0.1217
0.1217
0.1217
0.1217
0.1217
0.0117434
0.1217
0.1217
0.1217
0.1217
0.1217
0.1217
0.1217
0.109183
0.1217
0.1217
0.1217
0.1217
0.1217
0.00667631
0.1217
