0.0429785
0.2447
0.2447
0.2447
0.2447
0.108948
0.2447
0.2447
0.2447
0.2447
0.104631
0.105197
0.2447
0.2447
0.12902
0.2447
0.0395702
0.2447
0.2447
0.0257408
0.2447
0.2447
0.0706503
0.2447
0.105435
0.2447
0.118659
0.106693
0.2447
0.20144
0.0796337
0.141783
0.21933
0.0787955
0.128922
0.2447
0.2447
0.2447
0.2447
0.2447
0.21599
0.2447
0.0785487
0.2447
0.2447
0.0625076
0.2447
0.2447
0.2447
0.2447
0.100908
0.146233
0.00209114
0.110546
0.00527288
0.114066
0.2447
0.2447
0.2447
0.2447
0.045054
0.2447
0.2447
0.189735
0.103776
0.0062936
0.0896206
0.2447
0.2447
0.2447
0.2447
0.114884
0.2447
0.2447
0.2447
0.2447
0.0905674
0.2447
0.0564284
0.0981613
0.2447
0.2447
0.0475039
0.2447
0.2447
0.2447
0.2447
0.2447
0.167135
0.2447
0.206737
0.2447
0.151795
0.190547
0.0769458
0.2447
0.2447
0.192418
0.2447
0.2447
0.0285218
0.2447
0.0298737
0.2447
0.0950223
0.2447
0.2447
0.2447
0.00579369
0.120532
0.2447
0.2447
0.148438
0.2447
0.2447
0.0745369
0.2447
0.0222718
0.102742
0.2447
0.2447
0.116704
0.2447
0.2447
0.2447
0.0587402
0.0259783
0.2447
0.2447
0.2447
0.2447
0.235038
0.2447
0.2447
0.2447
0.023688
0.2447
0.2447
0.2447
0.193043
0.2447
0.2447
0.00580817
0.2447
0.2447
0.2447
0.113797
0.101109
0.2447
0.2447
0.2447
0.0252455
0.012921
0.2447
0.2447
0.121419
0.2447
0.129341
0.126659
0.2447
0.105402
0.2447
0.2447
0.10439
0.2447
0.0741072
0.2447
0.110525
0.2447
0.2447
0.2447
0.2447
0.2447
0.2447
0.0617909
0.2447
0.2447
0.119601
0.154999
0.2447
0.0813544
0.0245189
0.2447
0.047904
0.0364159
0.2447
0.2447
0.2447
0.0466355
0.2447
0.0276784
0.2447
0.2447
0.124563
0.0888048
0.0163048
0.2447
0.2447
0.2447
0.109257
0.2447
0.2447
0.109621
0.2447
0.102715
0.2447
0.2447
0.2447
0.00462997
0.00684742
0.189363
0.2447
0.00948063
0.0821902
0.0895825
0.2447
0.2447
0.2447
0.2447
0.00582754
0.2447
0.0678016
0.2447
0.2447
0.2447
0.201914
0.2447
0.2447
0.2447
0.0124907
0.2447
0.141517
0.113579
0.2447
0.0240847
0.0369328
0.0346428
0.2447
0.0589955
0.0813415
0.118639
0.2447
0.2447
0.129851
0.2447
0.019617
0.2447
0.2447
0.2447
0.2447
0.2447
0.2447
0.0345227
0.2447
0.2447
0.0454359
0.000442926
0.2447
0.121703
0.2447
0.2447
0.0897568
0.000821337
0.2447
0.0712534
0.101991
0.0424487
0.2447
0.0411364
0.2447
0.2447
0.118055
0.0649309
0.2447
0.2447
0.2447
0.2447
0.2447
0.0176378
0.2447
0.2447
0.2447
0.2447
0.2447
0.2447
0.2447
0.132205
0.103452
0.110131
0.2447
0.2447
0.2447
0.0200469
0.0370974
0.2447
0.2447
0.2447
0.2447
0.106109
0.2447
0.0037476
0.2447
0.2447
0.0318
0.2447
0.2447
0.2447
0.0495949
0.2447
0.112963
0.0123235
0.0260912
0.112173
0.104749
0.2447
0.0152066
0.177821
0.108306
0.2447
0.2447
0.2447
0.0637296
0.2447
0.0412672
0.0899102
0.0631335
0.2447
0.2447
0.2447
0.2447
0.2447
0.110534
0.034942
0.0424633
0.006126
0.2447
0.129405
0.2447
0.2447
0.2447
0.2447
0.2447
0.0802256
0.2447
0.2447
0.00476044
0.2447
0.2447
0.138402
0.0681234
0.0115373
0.050916
0.130172
0.2447
0.2447
0.2447
0.2447
0.117945
0.0168142
0.2447
0.0446137
0.132996
0.2447
0.2447
0.126011
0.2447
0.2447
0.2447
0.2447
0.2447
0.2447
0.2447
0.2447
0.132966
0.2447
0.2447
0.2447
0.00679605
0.2447
0.000615798
0.2447
0.0105736
0.2447
0.0773162
0.2447
0.0249585
0.0656476
0.0704096
0.2447
0.2447
0.2447
0.2447
0.143906
0.2447
0.2447
0.0122061
0.2447
0.2447
0.0380733
0.0242559
0.142738
0.0225306
0.2447
0.2447
0.2447
0.116589
0.0572218
0.2447
0.2447
0.2447
0.2447
0.0610619
0.2447
0.0109724
0.106755
0.0320361
0.105866
0.0659745
0.107802
0.0430905
0.2447
0.196029
0.2447
0.0126515
0.0933839
0.2447
0.2447
0.2447
0.2447
0.2447
0.2447
0.2447
0.142413
0.0332605
0.2447
0.2447
0.150032
0.00627065
0.2447
0.2447
0.2447
0.2447
0.0651221
0.2447
0.2447
0.2447
0.2447
0.185275
0.2447
0.2447
0.0198906
0.2447
0.122862
0.2447
0.022321
0.0875876
0.2447
0.2447
0.0132194
0.112812
0.0920124
0.2447
0.0770161
0.2447
0.2447
0.0396164
0.0154972
0.0547058
0.0239771
0.0329032
0.062589
0.0145761
0.2447
0.2447
0.139561
0.2447
0.0536459
0.2447
0.2447
0.014368
0.131663
0.107706
0.2447
0.2447
0.144766
0.0512691
0.2447
0.2447
0.147929
0.2447
0.2447
0.0844005
0.0234851
0.2447
0.2447
0.2447
0.0868644
0.2447
0.2447
0.2447
0.14275
0.0854954
0.2447
0.0864039
0.0756913
0.2447
0.2447
0.0229392
0.2447
0.2447
0.2447
0.0264844
0.2447
0.110566
0.2447
0.2447
0.2447
0.00165939
0.2447
0.110951
0.2447
0.061669
0.0938446
0.106136
0.2447
0.2447
0.2447
0.2447
0.0209257
0.021725
0.093921
0.2447
0.2447
0.2447
0.2447
0.005549
0.125284
0.2447
0.2447
0.2447
0.0241859
0.2447
0.2447
0.0951301
0.118714
0.0972515
0.2447
0.2447
0.2447
0.2447
0.193604
0.101351
0.2447
0.060101
0.022316
0.2447
0.117706
0.012714
0.0561018
0.2447
0.113773
0.0731591
0.0454756
0.2447
0.150475
0.2447
0.0037612
0.0411581
0.2447
0.0738337
0.0453779
0.2447
0.0036952
0.2447
0.00636819
0.0318158
0.2447
0.2447
0.187202
0.2447
0.0898994
0.00568996
0.2447
0.0869432
0.2447
0.2447
0.0120302
0.2447
0.2447
0.0962602
0.2447
0.2447
0.2447
0.2447
0.2447
0.223477
0.2447
0.2447
0.0220008
0.2447
0.2447
0.124521
0.222381
0.0934445
0.2447
0.0353329
0.0571406
0.00372775
0.2447
0.2447
0.170533
0.0534023
0.0518886
0.2447
0.2447
0.2447
0.10847
0.2447
0.2447
0.0739828
0.2447
0.2447
0.2447
0.0689053
0.10312
0.2447
0.2447
0.2447
0.0150726
0.2447
0.2447
0.2447
0.0151953
0.2447
0.2447
0.0277492
0.2447
0.2447
0.2447
0.2447
0.2447
0.044873
0.0351492
0.0181114
0.0364039
0.2447
0.2447
0.2447
0.2447
0.2447
0.125952
0.0925482
0.2447
0.2447
0.19426
0.2447
0.0455562
0.2447
0.2447
0.00716631
0.0401677
0.18245
0.2447
0.2447
0.110621
0.2447
0.2447
0.2447
0.2447
0.2447
0.106372
0.0154221
0.116312
0.118773
0.2447
0.2447
0.2447
0.2447
0.2447
0.0611586
0.0986015
0.2447
0.2447
0.2447
0.2447
0.0513131
0.2447
0.2447
0.2447
0.2447
0.2447
0.2447
0.040697
0.146372
0.0543375
0.2447
0.00560643
0.2447
0.2447
0.2447
0.2447
0.2447
0.2447
0.0508726
0.2447
0.0657191
0.2447
0.0829576
0.2447
0.0731177
0.2447
0.101189
0.0734939
0.2447
0.2447
0.0603685
0.2447
0.2447
0.2447
0.2447
0.2447
0.135242
0.2447
0.0787466
0.0140362
0.053692
0.110707
0.2447
0.0168299
0.0754389
0.2447
0.0225198
0.2447
0.0649996
0.104921
0.144785
0.0696451
0.2447
0.2447
0.00306767
0.030307
0.2447
0.2447
0.2447
0.149684
0.0804514
0.2447
0.2447
0.2447
0.2447
0.128667
0.2447
0.11947
0.00745355
0.2447
0.2447
0.0749897
0.2447
0.0246992
0.174024
0.14143
0.2447
0.2447
0.103852
0.2447
0.0786048
0.2447
0.2447
0.110078
0.0701622
0.2447
0.0569188
0.0758699
0.2447
0.0102771
0.2447
0.0718347
0.0457352
0.2447
0.104496
0.2447
0.107779
0.0278515
0.2447
0.166375
0.0549878
0.2447
0.101552
0.2447
0.2447
0.132758
0.2447
0.0742468
0.0445368
0.0749798
0.00962653
0.0505842
0.2447
0.204215
0.2447
0.120439
0.2447
0.0234597
0.0793956
0.2447
0.2447
0.2447
0.12615
0.113183
0.0183516
0.2447
0.2447
0.0298735
0.2447
0.2447
0.2447
0.104008
0.202707
0.00879219
0.0209396
0.00586604
0.2447
0.2447
0.2447
0.2447
0.0172119
0.0341439
0.2447
0.2447
0.0793158
0.2447
0.2447
0.107454
0.2447
0.2447
0.2447
0.00371552
0.0409372
0.136469
0.2447
0.0369323
0.0692738
0.107356
0.2447
0.0166126
0.035994
0.0820421
0.2447
0.2447
0.2447
0.0109568
0.0236403
0.2447
0.2447
0.114497
0.2447
0.0354857
0.223889
0.2447
0.2447
0.126373
0.2447
0.000281519
0.2447
0.2447
0.2447
0.2447
0.2447
0.2447
0.2447
0.00289491
0.0371307
0.128401
0.2447
0.2447
0.2447
0.2447
0.0105817
0.0148696
0.2447
0.017632
0.2447
0.2447
0.2447
0.0346191
0.2447
0.0566861
0.0993709
0.0785762
0.2447
0.0277047
0.2447
0.2447
0.2447
0.034702
0.2447
0.0810357
0.2447
0.2447
0.2447
0.037394
0.0183929
0.2447
0.0605342
0.2447
0.0477838
0.2447
0.2447
0.2447
0.0307199
0.0378512
0.2447
0.2447
0.2447
0.2447
0.2447
0.0938936
0.2447
0.2447
0.2447
0.23814
0.2447
0.2447
0.2447
0.2447
0.2447
0.114562
0.2447
0.0935778
0.0894013
0.2447
0.2447
0.0509868
0.0248093
0.0278878
0.0450316
0.0776573
0.120104
0.2447
0.0501368
0.2447
0.2447
0.00913343
0.2447
0.12522
0.20134
0.2447
0.0994378
0.056486
0.2447
0.2447
0.2447
0.0490571
0.0447307
0.00305899
0.2447
0.2447
0.0324705
0.2447
0.2447
0.220508
0.2447
0.2447
0.2447
0.2447
0.0471446
0.00456691
0.2447
0.2447
0.0491458
0.171436
0.2447
0.2447
0.2447
0.2447
0.2447
0.060539
0.069788
0.2447
0.2447
0.0192507
0.2447
0.0609116
0.2447
0.2447
0.2447
0.2447
0.0314774
0.2447
0.2447
0.2447
0.0622825
0.0540889
0.2447
0.2447
0.2447
0.0609249
0.0606279
0.0731642
0.2447
0.2447
0.2447
0.2447
0.2447
0.2447
0.2447
0.0410778
0.0675717
0.112768
0.113961
0.0542992
0.121034
0.0305562
0.2447
0.105531
0.113853
0.0915733
0.2447
0.2447
0.2447
0.0427452
0.2447
0.234888
0.111857
0.13827
0.2447
0.2447
0.2447
0.2447
0.115069
0.0390457
0.0680389
0.2447
0.2447
0.226736
0.2447
0.2447
0.0134537
0.2447
0.2447
0.0641331
0.0778169
0.2447
0.0658206
0.0882984
0.2447
0.2447
0.00426732
0.104227
0.2447
0.11616
0.131993
0.2447
0.112
0.2447
0.2447
0.2447
0.116562
0.2447
0.000196886
0.01488
0.00691737
0.0103316
0.2447
0.0402195
0.2447
0.2447
0.2447
0.100601
0.2447
0.2447
0.172908
0.095231
0.2447
0.2447
0.2447
0.0410868
0.0432966
0.2447
0.0641266
0.2447
0.2447
0.115075
0.2447
0.2447
0.0504648
0.00853709
0.0469227
0.2447
0.2447
0.2447
0.2447
0.2447
0.2447
0.2447
0.00886437
0.0913601
0.2447
0.2447
0.2447
0.0888941
0.0405631
0.0536174
0.2447
0.2447
0.2447
0.2447
0.2447
0.11662
0.00793075
0.2447
0.0313033
0.2447
0.2447
0.156088
0.11289
0.070327
0.2447
0.142448
0.2447
0.2447
0.2447
0.2447
0.0352036
0.2447
0.2447
0.2447
0.0718294
0.2447
0.2447
0.118459
0.0269333
0.2447
0.2447
0.2447
0.2447
0.2447
0.2447
0.114444
0.0537999
0.2447
0.2447
0.2447
0.2447
0.028527
0.2447
0.2447
0.2447
0.2447
0.0559761
0.2447
0.2447
0.2447
0.1203
0.2447
0.00608529
0.0586248
0.2447
0.112521
0.00902968
0.0504942
0.00643474
0.2447
0.0416022
0.2447
0.072184
0.0283569
0.2447
0.2447
0.0565467
0.2447
0.0227524
0.243
0.2447
0.2447
0.2447
0.2447
0.2447
0.0921716
0.136237
0.127789
0.2447
0.177424
0.2447
0.110011
0.2447
0.00369885
0.2447
0.0853505
0.2447
0.2447
0.2447
0.2447
0.108356
0.097149
0.023066
0.0100986
0.159645
0.0491727
0.0744107
0.2447
0.2447
0.063027
0.200332
0.2447
0.2447
0.2447
0.2447
0.16667
0.0683673
0.0688639
0.2447
0.115038
0.2447
0.0795876
0.2447
0.10792
0.2447
0.0279598
0.0652716
0.112167
0.0509082
0.0170608
0.0223112
0.2447
0.2447
0.2447
0.0108452
0.0989445
0.0142397
0.0956442
0.2447
0.2447
0.0581438
0.2447
0.0484092
0.2447
0.2447
0.2447
0.019102
0.2447
0.109177
0.0913503
0.049499
0.2447
0.0360551
0.00342313
0.0209013
0.2447
0.0747085
0.2447
0.11742
0.2447
0.2447
0.0840672
0.2447
0.113817
0.0640071
0.2447
0.148229
0.2447
0.0556285
0.2447
0.070655
0.2447
0.2447
0.2447
0.2447
0.0311556
0.2447
0.2447
0.0855546
0.109799
0.2447
0.2218
0.0189478
0.2447
0.2447
0.2447
0.123349
0.2447
0.017277
0.2447
0.0273526
0.0118354
0.2447
0.2447
0.0430318
0.2447
0.2447
0.2447
0.2447
0.132365
0.132003
0.2447
0.110189
0.2447
0.0441686
0.119746
0.2447
0.2447
0.2447
0.2447
0.2447
0.2447
0.2447
0.2447
0.2447
0.2447
0.2447
0.2447
0.2447
0.2447
0.2447
0.0452369
0.00299539
0.2447
0.117291
0.20308
0.2447
0.2447
0.2447
0.2447
0.2447
0.0998665
0.2447
0.2447
0.13728
0.2447
0.0755595
0.2447
0.0500634
0.2447
0.2447
0.2447
0.2447
0.0373172
0.0174753
0.2447
0.127181
0.2447
0.2447
0.2447
0.0280572
0.2447
0.2447
0.2447
0.109585
0.000820443
0.0108891
0.2447
0.107449
0.2447
0.0647109
0.2447
0.2447
0.2447
0.112639
0.0766199
0.2447
0.2447
0.2447
0.2447
0.2447
0.109449
0.2447
0.0355028
0.2447
0.2447
0.0573841
0.020171
0.00173284
0.2447
0.209583
0.2447
0.2447
0.2447
0.2447
0.094877
0.2447
0.2447
0.2447
0.2447
0.0417678
0.2447
0.179528
0.2447
0.2447
0.2447
0.2447
0.037816
0.2447
0.0445881
0.2447
0.2447
0.2447
0.2447
0.2447
0.111868
0.0152317
0.2447
0.0781204
0.0203688
0.2447
0.2447
0.0051999
0.0791564
0.2447
0.2447
0.2447
0.128072
0.0671409
0.0280978
0.2447
0.2447
0.0400212
0.0573818
0.2447
0.2447
0.2447
0.2447
0.00475332
0.126492
0.129903
0.2447
0.146086
0.2447
0.217158
0.2447
0.2447
0.066182
0.2447
0.2447
0.100975
0.2447
0.037668
0.2447
0.2447
0.2447
0.0171331
0.0885091
0.137892
0.2447
0.2447
0.225516
0.2447
0.2447
0.0734591
0.2447
0.2447
0.2447
0.2447
0.2447
0.127653
0.2447
0.171437
0.2447
0.2447
0.2447
0.2447
0.2447
0.2447
0.127959
0.114615
0.2447
0.2447
0.0815357
0.2447
0.2447
0.2447
0.2447
0.2447
0.113958
0.2447
0.2447
0.2447
0.2447
0.113174
0.2447
0.0557563
0.2447
0.193746
0.2447
0.2447
0.2447
0.2447
0.0768965
0.2447
0.2447
0.10165
0.0976049
0.2447
0.2447
0.2447
0.00639523
0.2447
0.2447
0.2447
0.2447
0.0377044
0.00529453
0.2447
0.2447
0.0316205
0.2447
0.13263
0.103455
0.2447
0.2447
0.2447
0.100677
0.2447
0.2447
0.2447
0.125467
0.2447
0.2447
0.0535051
0.109167
0.061075
0.13983
0.00816502
0.2447
0.2447
0.2447
0.2447
0.2447
0.2447
0.2447
0.2447
0.2447
0.0387399
0.2447
0.2447
0.0521572
0.2447
0.2447
0.0377904
0.119552
0.2447
0.2447
0.0193682
0.0118542
0.2447
0.2447
0.129264
0.2447
0.2447
0.2447
0.117447
0.0160529
0.2447
0.196788
0.113407
0.2447
0.105241
0.2447
0.2447
0.2447
0.147952
0.118147
0.244286
0.2447
0.115437
0.20822
0.110844
0.2447
0.2447
0.2447
0.0365189
0.00877504
0.2447
0.2447
0.0458624
0.2447
0.2447
0.0431674
0.2447
0.0197875
0.2447
0.0875728
0.2447
0.114345
0.2447
0.160911
0.2447
0.171678
0.118191
0.2447
0.2447
0.2447
0.0635328
0.14652
0.2447
0.2447
0.0872772
0.2447
0.2447
0.2447
0.2447
0.2447
0.0114963
0.00092831
0.2447
0.2447
0.2447
0.116843
0.2447
0.0803249
0.0515105
0.2447
0.2447
0.0476458
0.2447
0.2447
0.103911
0.2447
0.2447
0.2447
0.0484107
0.0485321
0.2447
0.134438
0.2447
0.101941
0.00805645
0.2447
0.2447
0.0893038
0.035403
0.2447
0.2447
0.110927
0.2447
0.2447
0.2447
0.2447
0.2447
0.0983635
0.2447
0.2447
0.2447
0.2447
0.0108402
0.0288246
0.2447
0.2447
0.2447
0.2447
0.2447
0.2447
0.2447
0.00288958
0.152705
0.2447
0.0806273
0.2447
0.000404213
0.2447
0.2447
0.2447
0.2447
0.115057
0.2447
0.2447
0.0213079
0.0746493
0.114857
0.110324
0.2447
0.2447
0.2447
0.0327548
0.2447
0.0268292
0.00535054
0.0207624
0.0957188
0.0808881
0.000434723
0.2447
0.2447
0.2447
0.2447
0.2447
0.2447
0.0108061
0.0670618
0.2447
0.2447
0.2447
0.2447
0.100604
0.2447
0.081658
0.0924872
0.2447
0.122603
0.2447
0.0499954
0.2447
0.0512544
0.2447
0.2447
0.2447
0.2447
0.2447
0.2447
0.2447
0.2447
0.2447
0.177726
0.034596
0.2447
0.2447
0.2447
0.0423912
0.2447
0.115904
0.2447
0.2447
0.0801764
0.131041
0.2447
0.0524883
0.2447
0.2447
0.2447
0.2447
0.2447
0.2447
0.2447
0.2447
0.2447
0.0470411
0.2447
0.0853755
0.2447
0.2447
0.2447
0.147895
0.2447
0.0352822
0.179258
0.2447
0.2447
0.2447
0.2447
0.116787
0.2447
0.2447
0.0973502
0.126742
0.2447
0.2447
0.00686565
0.2447
0.0495875
0.0370803
0.2447
0.00541275
0.127985
0.2447
0.2447
0.129703
0.0953269
0.2447
0.2447
0.2447
0.122917
0.106552
0.2447
0.2447
0.2447
0.2447
0.0240951
0.0595218
0.100312
0.00285101
0.126056
0.0943391
0.0894899
0.104313
0.2447
0.115077
0.2447
0.0449333
0.0263071
0.0546951
0.143186
0.2447
0.0608072
0.2447
0.0755671
0.109091
0.0865028
0.2447
0.2447
0.2447
0.0412451
0.2447
0.0248144
0.0324626
0.2447
0.0067585
0.2447
0.106848
0.0914814
0.00230532
0.0418671
0.0270434
0.119272
0.040421
0.0516188
0.0527587
0.0582635
0.028785
0.119341
0.113634
0.100314
0.2447
0.040508
0.2447
0.0753366
