0.863406
1.04622
0.117294
0.892761
1.10618
0.572382
1.17323
1.3325
1.3325
1.03753
0.593315
0.937834
0.297783
0.755478
1.3325
1.07032
0.543708
0.323321
0.0733166
0.991915
0.593244
1.17323
0.248573
1.3325
0.874463
0.771361
0.767025
0.889085
0.848152
0.511352
0.306169
0.959704
0.641295
1.00739
0.502122
0.552885
0.406061
0.677207
0.944193
0.381371
0.288811
0.235704
1.3325
0.265889
1.11753
0.22434
0.665333
0.320374
0.0711194
0.578826
1.11144
0.737446
0.183828
0.0260346
0.584197
0.744128
1.3325
1.08279
0.547315
0.874798
1.17323
0.50595
0.952116
1.17323
0.0174913
0.420588
0.579343
0.993712
0.58772
0.683402
0.953342
1.08997
0.680769
1.17323
0.271123
0.539112
1.17323
0.156911
0.0376271
0.338224
0.409917
0.100265
0.932582
0.507909
0.887024
0.862273
0.466965
0.361434
0.781761
0.115754
1.3325
0.873847
1.17323
0.34221
0.946697
0.882678
0.182331
0.34445
0.661127
0.461841
0.248906
0.445016
0.0732816
0.0134225
0.846719
0.316057
1.1294
0.870064
0.94691
0.314064
0.67331
1.16542
1.17323
0.898788
0.123184
0.919372
0.775362
0.685532
0.404779
0.115272
0.515327
0.382579
0.172431
0.239969
0.420408
1.17323
0.360584
0.984345
0.349124
1.08885
0.275418
0.955045
0.331408
0.764027
0.707059
1.11778
0.804469
0.89239
0.339361
0.0883403
0.303003
0.226904
0.612496
0.809049
0.521302
1.10173
0.0238753
1.09156
0.205104
0.43217
0.165726
0.160797
0.0656872
0.958427
0.320984
0.423293
1.01457
0.192715
0.57063
1.17323
1.07157
1.17323
1.17323
0.0679435
1.17323
0.215101
0.812435
0.306585
0.268705
0.903111
0.237147
1.10524
1.07066
0.911366
1.17323
0.0354786
0.0318481
0.924646
0.788686
1.04629
0.260015
0.279764
1.19383
0.901366
0.571043
1.02732
1.00063
0.26373
0.877388
0.693775
0.33094
1.3325
0.878634
0.613441
0.455087
0.847889
0.886192
0.233184
1.17323
0.556211
0.405543
0.182031
0.784586
1.10334
0.65378
0.224613
1.07765
0.897777
0.731337
0.384023
0.906142
1.13658
0.858007
0.42316
0.58678
0.298518
1.11397
0.884637
0.0387698
0.773775
0.95475
0.93818
0.833005
1.11249
0.465827
0.900227
0.13582
0.241693
1.3325
1.07962
0.993032
1.09121
0.872855
1.3325
0.671509
0.103189
1.3325
0.370281
0.113823
0.056115
0.59597
1.08639
0.695864
1.12942
0.85702
0.996673
1.3325
0.845401
1.0683
0.301713
0.48519
0.633218
0.499428
1.3325
0.3105
1.3325
0.918376
0.760579
1.17323
1.3325
0.148633
0.101155
0.308184
1.05479
0.613169
0.520678
1.0956
0.0480706
0.82397
0.384845
0.201567
1.02365
0.967652
0.764646
0.702438
1.3325
1.3325
1.14056
1.01056
1.03283
0.408747
0.239474
0.471679
0.950887
0.593174
0.88723
1.11315
0.0712484
0.0308035
0.188473
0.962678
0.374587
0.0271735
0.480264
1.17323
1.17323
0.656655
0.781922
1.05433
0.645656
0.493072
0.100562
0.98072
0.125931
1.3325
0.776332
0.883071
0.805729
0.217777
0.657755
0.733075
1.3325
1.3325
0.0458501
1.17323
0.228239
0.48913
0.890246
0.72499
0.925692
0.962288
1.10084
0.0223463
1.11517
0.137682
0.798455
0.28345
0.391635
0.764764
0.332096
0.145487
0.580213
0.680119
0.402705
0.0384298
0.915278
0.909993
0.320902
0.474185
0.794865
0.233874
1.17323
0.774463
0.904856
1.17323
0.979257
1.12645
0.475066
0.189695
0.943828
0.765996
1.17323
0.601717
0.257278
1.3325
1.18003
1.3325
1.3325
0.9578
0.859738
1.3325
0.717933
0.617474
0.943855
0.466496
1.3325
0.309314
1.01854
1.06441
0.43333
1.14739
0.901995
1.13541
0.240614
0.671654
0.95884
0.807659
0.674958
1.3325
0.331982
0.665431
0.868505
0.612064
0.547464
0.68345
0.27455
0.535728
0.973011
1.17559
0.281593
0.367321
1.3325
0.939609
0.0400252
1.09611
0.11484
1.17323
0.251098
0.693196
0.365805
0.0387647
1.17323
0.551139
1.17323
0.708101
0.468097
0.0184905
1.07335
0.817244
0.810639
0.886498
1.17323
0.9314
0.941376
1.03047
1.3325
0.215683
0.046745
0.198872
0.522805
0.0167865
0.0856154
0.473069
0.326311
0.985729
1.05977
1.17639
0.344921
0.497947
0.00745368
0.907553
1.3325
0.88382
0.262018
0.251495
0.402053
1.00462
0.600136
0.294244
0.54264
0.633017
0.861499
0.920106
0.896448
0.631372
1.05752
0.607904
0.236221
0.234167
0.943343
0.0451091
0.530096
0.396545
0.0555965
1.01034
0.169787
0.0414631
0.753801
0.85936
0.748559
0.267374
0.866353
0.347566
0.18606
0.466832
1.02415
0.0538487
1.3325
0.689753
0.989984
1.06448
0.253395
0.540464
1.00879
0.0594098
1.3325
0.320673
0.818025
1.17323
0.0934866
0.937774
0.366037
0.00726721
0.216902
0.569284
0.685441
0.87836
0.960226
0.160689
0.12605
0.571389
1.01883
0.415219
0.898328
0.897704
0.0105507
0.742277
0.937917
0.457876
1.3325
0.209762
0.460744
1.15184
0.213396
0.294383
0.933479
0.252626
0.432888
0.376182
0.804243
0.697901
0.972207
1.10863
0.130479
0.0484752
0.276598
0.393575
1.01868
0.931281
0.971156
0.778532
0.876379
0.945928
0.208013
0.756098
0.888227
0.653677
0.934139
0.769212
0.28488
0.183746
1.3325
0.396871
0.667105
1.3325
0.690691
0.683013
1.3325
0.943673
0.444944
0.992187
1.17323
0.115568
1.3325
0.944365
1.3325
1.17323
1.17323
0.988523
0.729036
1.17323
0.231678
0.0632543
1.16481
0.675101
1.3325
0.142972
0.544357
0.27106
0.0591755
1.05751
0.748842
0.0119252
0.803357
0.204623
1.07401
0.416138
1.08472
0.0372238
1.07243
1.17323
0.623964
1.0351
0.758417
0.502957
1.3325
0.907839
0.193379
1.17323
0.782663
0.628165
0.944763
0.0354104
0.808081
0.691844
0.609244
0.211047
1.17323
0.103932
0.118905
0.928863
0.645859
0.116802
0.145762
0.921935
0.898197
0.0354019
0.284248
0.442634
0.819016
0.349926
0.748813
0.264949
0.923796
1.12529
0.903513
0.177834
0.21607
0.0281089
0.736421
0.273129
0.930401
1.3325
0.191862
0.587696
0.290653
0.939539
1.14871
0.361353
0.86487
1.07387
0.657418
0.705881
0.1336
1.17323
0.655619
0.680188
1.0104
1.17323
1.3325
0.102418
0.877517
0.185192
0.89316
1.3325
0.0203627
1.17323
1.16736
0.626519
0.433729
0.874607
0.153712
0.897776
0.319992
0.929438
1.3325
0.716088
0.964326
0.512656
0.185275
1.17323
1.15337
0.861321
0.933665
0.811168
1.118
0.68972
1.16106
0.945383
1.00975
0.0729983
0.761347
0.388189
0.922426
0.38857
0.229668
0.654237
1.08296
0.733822
0.471055
0.457019
1.3325
0.955494
0.742122
0.298475
0.768748
0.0609359
0.544272
0.226272
0.341377
0.867406
0.861115
0.448908
0.570965
0.255716
0.546438
1.3325
1.3325
1.1595
0.893162
0.800734
1.07537
0.66614
0.754055
1.04467
0.564827
1.17323
1.09223
1.09741
0.557109
0.862256
1.17323
0.0950496
1.1499
0.28965
0.0484647
1.11804
0.0472235
0.389447
0.946088
0.79617
0.406471
0.77863
0.158071
1.04947
1.11705
1.17323
0.711056
0.485064
0.309775
0.55149
1.3325
0.956962
0.919957
0.0348241
1.17323
1.3325
0.476264
1.3325
0.80766
0.810473
0.319118
1.3325
0.724934
0.189439
1.03531
0.859761
0.862904
0.549151
0.0325385
0.760809
0.3105
1.17323
0.863201
0.786045
0.560127
0.536479
0.169545
0.556648
1.17323
0.208141
0.498722
0.183265
1.3325
1.17323
0.449001
0.122203
0.545773
0.660871
0.278657
0.915961
0.529898
0.796351
1.0229
0.604179
0.869244
0.411564
0.467528
1.0947
1.17323
0.227219
0.764294
0.928644
0.912988
0.932696
0.20935
0.799336
1.11097
0.223696
0.993987
1.17323
0.875169
0.0818895
0.728035
1.127
0.683204
0.655222
0.656553
0.320932
0.324319
0.231029
1.00286
0.42402
0.364648
0.232083
1.07966
0.660622
0.873303
1.11827
0.876523
0.193774
0.182623
0.34623
0.50961
0.334676
0.939718
0.941601
1.3325
0.954457
0.280207
0.438181
1.3325
0.744801
0.429491
0.0277691
0.958089
0.284064
0.839005
0.0213404
0.929412
0.0342129
0.30049
1.17323
0.399383
0.173042
0.919287
0.324824
0.225134
0.756286
0.830648
0.415694
0.191637
0.276483
0.175481
0.612397
0.840822
0.128683
0.507079
0.925388
0.857494
0.255234
1.00263
0.563928
0.339785
1.12447
0.330076
0.573644
1.3325
0.841278
0.364726
1.17323
1.05334
1.06021
0.0312734
1.3325
1.3325
1.00247
1.19071
0.47582
0.988475
0.657561
1.17323
1.17323
0.352505
0.526358
0.278258
0.330735
0.0240105
0.690951
0.0662813
0.284493
0.349573
0.0576406
0.0535693
0.0619663
0.0581714
1.3325
0.941683
1.3325
0.130903
0.874297
1.3325
1.17323
0.0464333
1.09507
0.958759
0.0846598
0.397374
1.08225
0.830254
0.599366
1.14634
1.15566
0.539136
0.66684
0.0339101
0.534611
0.973993
0.670482
0.574385
0.719479
0.855131
0.0127907
0.962499
0.684707
0.810886
0.203375
0.924452
0.0456373
0.679828
1.3325
0.9121
0.958986
0.699011
0.905484
0.849183
0.396103
1.16142
0.892284
1.03497
0.938802
0.382991
1.17323
0.851708
0.176971
0.971926
0.237988
1.17323
0.179446
0.991628
0.10985
0.406973
1.15675
0.0162628
0.994008
0.795877
0.280134
0.792774
0.983872
0.189339
1.3325
0.708504
1.11478
1.17323
0.33673
0.605741
0.729704
1.03226
0.0604507
0.655718
1.03178
1.08049
1.3325
1.17323
0.283992
0.512374
0.663686
0.324559
0.48883
0.219025
0.837121
0.577967
1.08306
0.829719
1.17323
1.3325
0.513003
0.7381
1.3325
1.17323
0.539631
0.206056
1.3325
0.765742
0.0825348
1.17323
1.07479
0.0523818
1.07176
0.421641
0.0389706
0.979741
1.17323
0.46549
1.3325
1.09779
0.563703
0.465754
0.838223
0.681919
0.474621
1.17323
1.02014
1.0429
0.541457
0.0454882
1.17323
0.916127
0.880521
0.0230359
0.218553
0.687472
0.378849
0.509126
0.454178
1.11457
0.0224323
0.558698
0.220249
0.914155
1.01718
0.0110246
0.836418
0.950606
0.723649
0.830685
0.987978
0.0251543
1.3325
0.845822
0.972506
1.11067
0.0253335
1.01114
1.17323
0.826584
0.631299
1.17323
0.926249
0.958493
0.864626
0.500407
0.411556
0.888803
1.03438
0.143366
0.144166
1.17323
0.664715
0.486292
0.261499
1.3325
1.17323
0.837526
1.0864
0.122331
0.122866
0.525966
0.210739
1.03837
1.17323
1.15888
0.0335031
1.14427
0.161039
0.325851
1.17852
0.98861
0.258259
0.085713
0.489695
0.0938473
0.975158
0.187189
1.17323
0.0475234
0.698451
1.1158
0.837316
0.944943
0.682804
0.934662
1.3325
0.80889
0.929131
0.0625638
0.275871
0.401817
1.3325
1.02256
1.0484
0.737393
0.562667
0.879644
0.541399
0.685917
0.617266
1.09812
0.135059
0.28242
1.3325
0.0276049
0.384677
0.586229
1.19938
0.418132
0.754328
0.549985
0.906571
0.846748
0.848052
1.3325
0.370561
0.476199
1.17323
1.15724
0.134529
0.363912
0.238733
1.11466
1.04635
0.202231
0.991103
1.10714
0.712969
1.1141
0.184101
0.279117
0.798622
0.946301
0.582697
1.00895
1.17323
0.957379
0.296547
0.0396738
1.05756
1.1687
1.17323
0.159973
0.344153
0.664141
0.0272536
1.17323
0.300125
0.00922267
0.240979
1.17323
0.354102
1.17323
0.632397
0.112349
0.254644
0.0669181
0.395311
0.794607
0.609702
1.17379
0.193442
0.287836
0.959262
0.381477
0.693719
0.5764
0.235703
1.17323
0.226688
0.415835
1.09483
1.17323
0.828159
1.01475
0.428803
0.252234
0.462875
1.13295
0.925617
1.17323
0.228101
0.221343
0.548837
0.837726
0.729491
0.180547
0.850892
0.244278
0.800736
0.582587
0.620487
1.3325
0.852398
0.604474
0.93321
0.953551
0.376674
0.760427
1.17323
1.01307
0.670243
1.17323
1.09608
0.888566
0.0857627
0.834554
0.717467
0.793457
0.792865
1.01976
0.289454
0.902473
0.0300307
0.322298
0.527054
0.32158
0.185362
0.340862
1.17323
0.690009
0.541995
0.562502
1.17323
0.953603
0.784954
0.633364
0.618314
0.277609
0.0550613
0.0853629
0.25673
0.544473
0.23489
0.401551
0.44497
1.3325
0.655329
0.398172
1.3325
0.16417
1.17323
0.869088
1.05042
1.17323
0.911402
0.366861
0.935773
0.188441
1.17323
1.16043
1.3325
0.755246
0.0939448
0.988195
1.04429
1.17323
0.588548
0.281886
0.831033
0.543934
1.17323
0.183397
0.731404
1.17323
0.158891
0.888357
0.538098
1.3325
0.228154
0.581833
0.486876
0.50291
1.07879
0.537895
0.766488
1.02435
0.385361
1.17509
0.870062
0.204578
0.448138
1.17323
0.0809402
0.0271455
0.981695
1.17323
1.01009
1.3325
0.418317
0.885555
0.17857
0.227341
0.605466
0.864537
0.593163
0.344842
0.181525
0.619772
1.17323
0.269692
0.305877
0.0222381
0.312887
0.959543
0.892311
1.05362
0.868117
0.708401
1.00556
0.195614
0.954323
1.3325
0.896852
0.560933
0.222178
0.666449
0.32324
0.66526
0.277134
0.583394
0.652671
0.619379
0.912311
0.403529
0.98853
0.824835
1.02728
1.08233
1.17323
0.742252
0.0175936
1.18474
0.849644
0.952568
1.17323
0.0999767
0.445336
1.17323
0.912465
0.917838
0.505632
0.785827
1.17323
0.789477
0.701007
0.0254799
0.139996
0.16713
0.0667233
0.164855
1.08068
0.617016
1.1095
0.697019
0.699591
0.631977
1.3325
0.385007
1.13466
0.78779
1.00312
0.242002
1.17323
0.418812
0.060286
1.17323
0.713421
1.17323
0.842974
0.422289
0.795574
0.168619
0.0584389
0.524989
0.608838
1.17323
0.650012
1.17323
1.17323
1.14213
0.0747093
0.836276
0.834976
0.532794
0.583361
0.300102
0.776819
0.228294
0.955002
0.260781
0.0518169
1.3325
0.89654
0.794748
0.95151
1.3325
0.643777
1.17323
1.3325
1.17323
0.0135167
0.936568
0.799219
0.928427
0.792194
0.203516
0.21187
0.867932
1.00089
0.802216
0.455809
1.04355
0.931039
0.72448
0.396447
0.150804
0.238131
1.3325
0.91654
0.166637
0.0017879
0.783953
0.777639
1.06672
0.801986
1.3325
1.0185
0.914321
0.863917
0.242746
0.0376436
0.0432285
1.10774
1.3325
0.396121
1.17323
0.0350615
0.386065
0.378978
0.251757
1.15616
0.44788
0.256005
1.17323
0.226654
0.383466
0.506122
1.17323
0.0445657
0.263567
1.03423
0.393874
0.210336
0.255824
0.675746
1.17323
0.913128
0.0239933
0.893042
0.30625
1.02005
0.391668
0.00367451
1.16484
1.06359
0.148066
0.940318
1.01546
0.995485
0.184589
0.922464
0.780499
0.672113
0.555763
0.132009
0.952418
0.789461
0.169761
0.854473
0.510784
0.147616
1.17323
1.11771
0.10722
0.542583
0.943189
1.17323
0.812638
0.246531
0.102641
0.892111
0.959413
0.864954
1.03307
0.977555
0.109148
0.0549978
0.379912
0.00529201
0.0325325
0.758628
0.437626
0.987593
0.330982
0.939536
0.0620952
0.418239
0.827544
0.677355
0.855048
0.52762
0.964578
0.509313
1.17323
1.07366
0.0104944
0.897421
0.880481
0.536786
1.17323
0.212865
0.600082
0.206998
0.235826
0.466887
0.319639
0.0957083
0.303599
0.478841
0.314524
1.17323
1.3325
0.432112
1.04581
0.064634
1.17323
0.31235
0.72805
0.421178
0.184876
0.781398
1.3325
1.17323
0.117155
1.11437
1.17323
0.849769
1.3325
0.681882
0.76357
0.493371
0.0581472
0.566075
0.384392
1.15879
0.638835
1.01045
0.844701
1.111
0.159397
0.633149
0.123409
1.21896
0.0867718
0.512958
0.185919
1.00245
0.72694
1.02571
0.805997
0.708048
0.216185
1.00682
1.17323
1.09183
0.949701
0.334998
1.3325
0.297374
1.17323
0.237431
0.409793
0.0340835
0.714518
0.983673
0.972796
0.475509
0.283952
1.3325
0.390421
0.211269
0.637389
0.844441
0.117521
0.86463
0.0636688
0.754873
0.113717
1.17323
1.3325
0.250885
0.0537494
0.953745
0.791854
0.392474
0.471133
0.893969
0.551054
0.606396
0.986085
1.17323
0.117824
0.068756
0.296261
0.0792027
0.564266
1.3325
0.464574
0.933933
0.879212
0.289211
0.507777
1.0963
1.04515
0.410087
0.209681
0.867814
0.986575
0.702607
0.954012
1.0991
0.891584
0.523881
0.894639
0.115591
0.175806
1.09241
0.235137
1.00258
1.17323
0.786676
1.07413
0.597086
0.0724435
0.1903
0.532805
1.17482
0.941572
0.378848
0.0452467
0.139486
1.17323
1.06778
1.3325
0.566736
0.134815
1.17233
0.661797
0.897286
0.107135
1.00063
1.03948
0.783422
0.323187
0.0749087
0.780073
0.106968
0.594962
1.17323
0.904871
0.646028
0.364675
0.925938
0.699716
0.835136
1.17323
0.711955
0.482789
1.17323
0.394161
0.0689045
0.640859
0.37888
0.323525
0.561976
0.808017
0.32856
0.694276
0.219979
0.312555
0.588248
0.212231
0.521796
0.280944
1.05882
0.649625
0.254822
1.09564
0.915941
1.07717
0.775582
0.323345
1.05495
0.926135
1.01241
1.17323
0.913437
0.248402
1.3325
1.07111
1.17323
0.977451
0.133191
0.917999
0.217039
0.962236
1.07698
0.242935
0.588737
0.370487
0.266877
0.638801
0.970596
0.919273
0.865659
0.416854
0.555083
1.3325
0.543338
0.613098
0.436719
0.674009
0.989967
0.754445
0.559262
0.137671
0.705212
0.49943
1.12779
0.355033
1.3325
0.977582
0.597453
0.735982
0.601131
0.996963
0.495494
0.776812
0.671704
0.683744
0.466414
0.693314
0.0753255
0.200356
0.741522
0.784572
1.17323
0.661856
0.807577
1.0338
0.631908
0.74758
0.406876
0.615691
1.16061
0.869987
1.01968
0.152131
0.636972
0.932786
0.995514
0.948005
0.973004
0.558503
0.486938
1.17323
0.0888895
0.540316
0.304308
1.09846
0.846062
0.286645
0.0764595
1.3325
0.101376
0.00931924
0.552731
0.685457
0.864387
1.09894
0.409042
0.297548
0.64962
0.0175513
0.0334586
0.388661
0.632681
1.1075
1.03165
0.518036
0.0516694
0.615149
0.943886
0.939617
1.08987
0.112751
0.268061
1.08873
1.17323
1.17323
1.1581
0.0914364
1.3325
0.736208
0.151897
1.11426
0.954817
0.171512
0.0473226
0.989911
0.948524
0.483824
0.225523
1.3325
0.54497
0.575322
0.544808
1.19596
0.307784
0.841349
0.349482
1.10653
0.128389
0.994531
0.895025
1.3325
0.314412
0.270222
0.997503
0.956229
0.723068
1.09994
0.908063
0.0731821
0.888759
0.762368
0.840328
0.0142891
0.73541
0.0851416
0.797082
0.0225371
1.3325
1.06524
0.713943
0.396817
0.518675
1.3325
0.118069
0.408399
0.854655
1.17323
0.314476
0.15559
0.676071
0.916172
0.626574
1.11256
0.307601
0.0682554
0.975889
1.17323
0.0696399
0.164075
0.457486
1.17323
0.820485
0.199541
1.17323
1.3325
0.919108
0.860831
0.382307
0.0674351
0.933561
0.800321
1.3325
0.235508
1.17323
1.3325
0.629453
0.487989
0.173663
0.445688
0.521875
0.886998
0.918117
1.17323
0.246705
0.00435357
1.17323
1.11093
1.17323
0.47572
0.91218
0.442166
0.0980852
0.508499
0.912428
0.603026
0.14033
0.440801
0.928343
0.569355
0.935266
0.468316
1.3325
0.954374
0.385714
1.17323
0.406968
1.13838
0.856952
0.148943
0.213263
1.3325
0.0977594
0.437949
0.683047
0.440268
0.00809543
0.411166
0.0498149
0.144963
0.0366957
0.702997
1.06396
0.413207
0.129858
0.195229
0.957926
0.0644148
1.3325
1.0333
0.139353
0.63293
1.3325
0.611458
0.426791
0.361077
0.365457
1.17323
0.0266057
0.359717
0.998038
0.0119372
0.488975
1.3325
0.292618
1.0401
0.668511
0.0602059
0.904241
1.3325
0.484143
1.0896
0.794859
0.157742
1.10561
0.0751095
0.734032
0.130646
0.291262
0.881055
1.17323
0.187332
0.795369
0.900461
0.445078
0.957707
0.769545
1.11172
0.507444
0.859849
0.492584
0.989037
0.50365
0.0551578
0.170488
0.984333
1.3325
0.725249
0.757777
0.804538
1.04416
0.461097
0.993073
1.17323
0.165866
1.15807
1.17323
1.17323
0.476049
0.00828499
0.456615
1.3325
0.205577
0.109322
0.080072
0.53445
0.693408
0.188853
0.784995
1.3325
0.23189
0.0898105
0.604767
1.17323
1.3325
0.133975
0.766183
1.03375
0.869558
0.906571
0.863668
0.576014
1.17323
0.738688
1.00366
0.0689403
0.3105
0.945913
0.471813
0.900654
0.540153
0.977023
0.124816
1.05281
0.328251
0.0801403
0.947769
0.0529467
1.3325
0.214853
1.17323
0.301607
0.306037
1.17323
1.3325
0.327102
0.960229
0.0133633
1.17323
1.17323
1.01075
0.819145
0.939927
0.189208
0.214513
0.87498
0.236818
1.17323
0.323214
0.151155
0.680705
0.678386
0.669534
1.17323
0.506418
1.17323
0.0733234
0.898811
0.573973
0.341326
1.16636
0.71584
0.713145
0.0576357
0.203977
0.278343
0.675363
0.865613
0.96186
0.332124
1.3325
1.3325
0.080017
0.490325
1.3325
0.372479
0.782732
1.17323
1.3325
0.271682
0.949381
1.06144
0.338992
0.993405
0.962543
1.04662
1.3325
0.8815
0.120935
0.17798
0.738878
0.46548
0.0499888
0.48184
0.172601
0.361595
0.927338
0.273189
0.111098
0.615878
0.349109
0.23039
0.15752
0.631
0.528516
1.09609
0.974641
0.596683
0.849521
0.94021
0.381911
0.95718
1.17323
0.654093
1.0969
0.220375
0.494732
1.10095
0.395383
0.725467
0.503343
1.11627
0.799285
1.17323
0.906249
0.422606
0.187649
1.09966
0.354417
1.3325
0.541545
0.124579
0.793747
0.428623
0.864307
0.0143265
0.39264
0.163271
0.990925
1.16951
0.0934793
0.459667
1.22543
0.58157
0.537602
0.482728
0.241171
0.255481
1.1998
0.695089
0.553684
1.17323
0.44912
1.05646
0.991584
0.102332
0.371003
0.103983
0.312995
1.17323
0.183668
0.136852
1.17323
0.0626107
0.62272
0.595365
0.991803
0.696032
0.954637
1.17323
0.17019
0.448352
1.01457
1.07799
1.09567
0.582578
0.323757
0.382171
1.17323
0.0538659
0.707427
0.202041
1.17323
0.863771
1.00254
0.0606813
0.395236
0.298802
0.87743
0.548212
0.538162
1.3325
1.04429
0.419069
1.01747
0.658354
0.957344
0.779013
0.933556
0.512688
0.64447
0.192229
0.415404
1.10266
0.364873
0.581903
0.609073
0.219743
0.651511
0.671248
0.105818
1.3325
1.00148
0.669001
0.687339
0.334333
0.870937
0.844377
0.730202
1.14297
1.14056
0.217956
0.623086
0.0100253
0.950429
0.967263
0.0755984
1.15509
1.12202
0.220875
0.777787
0.337571
0.175809
0.191128
0.238881
0.278747
1.3325
0.129305
1.17323
0.723277
0.412615
0.920918
0.0424538
0.932991
0.927349
0.311612
0.460205
0.185226
1.19354
0.133961
0.0541748
0.767612
0.168717
1.17323
0.988522
1.091
0.00471917
0.675621
0.182903
0.88472
0.77476
0.955132
0.372355
0.877708
0.337231
0.0601555
0.691463
0.0916844
1.17323
0.892985
0.524685
0.205989
0.782803
0.455282
0.156531
0.547978
0.880055
0.0220816
0.156949
1.03927
0.210197
0.588806
0.941901
0.733857
0.700386
0.349415
0.941876
1.3325
0.39512
0.825453
0.237359
1.3325
0.0397918
1.17323
0.127146
1.17323
1.0679
1.09922
1.06793
0.827223
1.3325
1.11876
0.27277
0.11488
0.749684
0.193053
1.03333
0.114099
0.959238
0.343164
0.424252
0.0143579
1.10774
1.05959
1.04378
0.5248
0.810275
0.597508
0.705548
1.17323
0.664904
0.359498
0.177102
0.0367543
1.07073
0.461132
1.17323
0.843949
0.194941
1.02902
0.0013633
0.645316
0.75758
1.08988
0.225293
1.05018
0.238562
0.914104
0.350687
1.17323
0.872818
0.109824
1.17323
0.265677
0.739792
0.015142
0.891443
0.449507
0.0562611
0.756559
0.895037
1.03445
0.661234
0.655558
1.17323
0.121899
0.666407
0.957072
1.17323
1.17323
0.0831
0.82769
0.0935453
0.0103212
0.886705
1.17323
0.59412
0.637397
0.0895106
1.3325
0.852856
0.368138
0.105328
0.933129
0.830868
0.96219
1.06793
0.831417
0.359555
0.415703
0.348708
1.0425
0.279481
0.245239
1.3325
0.91352
0.916535
0.631916
0.849604
0.957806
0.102798
0.573437
0.475558
0.94489
0.310095
0.49689
0.237416
1.17323
1.17323
1.3325
0.758324
0.957915
0.2784
0.171488
0.843725
1.17323
0.00531395
0.044257
0.0366235
0.474528
0.972292
0.670983
0.918311
0.108771
0.514567
0.115339
0.204462
1.17323
0.106888
0.989281
0.994222
1.3325
0.393745
0.205115
0.859047
1.09722
0.831564
0.809296
0.736612
0.202658
0.388495
0.0818488
0.474863
1.17323
1.08833
0.589567
0.80784
1.17323
1.17323
0.971419
0.920159
1.3325
0.290324
0.0787264
0.0240754
0.310603
0.931139
1.17323
0.833599
1.00831
0.897344
0.973284
1.3325
0.411507
0.199644
0.459144
0.0476252
1.17323
1.17323
0.780884
1.17323
0.90799
0.479241
0.33507
0.828705
0.516757
1.3325
1.17323
0.465418
0.631743
1.02485
0.923922
1.04869
1.17323
0.0394231
0.955609
0.726623
1.0725
0.136518
0.100914
0.9366
0.934642
1.00879
0.558447
1.17323
0.878449
0.5069
0.157574
0.436984
0.210919
0.316918
0.230279
1.3325
0.74298
0.496992
0.95538
1.11402
0.675914
1.17323
0.292385
0.950798
0.0700679
0.0746504
0.367862
1.06618
0.0358883
1.17323
0.940046
0.575388
0.0950402
0.908459
1.03511
0.859297
1.08391
1.17323
0.0568324
0.961736
0.833542
1.00965
0.949915
0.807589
1.00912
0.845116
0.308627
1.17323
0.646561
0.740661
0.938847
1.3325
1.17323
0.85294
1.3325
0.129624
0.797758
1.17323
0.455964
0.896573
0.563815
0.0207086
0.59979
0.932354
0.961878
0.471903
0.487348
0.437313
0.547873
0.3105
0.0288963
0.170155
0.959845
0.918271
0.885284
0.546001
0.931517
0.505049
0.981793
0.381792
0.181924
0.999313
0.337672
0.497031
0.653384
0.551736
0.952741
0.398404
0.701745
1.1166
0.620764
1.00024
0.681471
1.3325
1.01632
0.780538
0.444989
0.603211
1.3325
0.388771
0.299847
0.990907
1.3325
0.110274
0.70853
0.390971
0.931051
1.15587
0.184078
1.10882
0.987104
0.641943
1.17323
0.422917
0.841662
0.862129
1.1071
1.05349
0.625577
0.875795
0.977955
0.0580557
1.05342
1.17323
0.179783
0.293217
1.3325
1.17323
0.861615
0.103548
0.276789
0.689423
1.17323
0.272307
0.559698
0.426435
1.17323
0.851455
0.358316
0.586518
0.208909
0.809762
0.243115
0.573005
1.17323
1.1095
1.3325
0.0154846
0.603019
1.17323
0.252859
1.14246
0.907906
0.426329
0.618632
0.786349
0.878506
0.786109
0.54096
1.3325
0.57546
0.0271715
1.17323
0.864275
0.91254
0.819721
0.600086
0.0184871
0.781866
1.04629
1.03087
1.17323
0.804526
0.878234
0.458912
0.403735
0.690246
0.974814
0.706561
1.18942
0.114563
1.09897
0.191649
1.12314
0.300298
1.3325
0.63524
0.0159051
0.898452
0.154844
1.07095
0.352874
0.841546
0.663755
0.784421
0.880091
0.746296
0.993871
1.07892
0.347964
0.186655
0.436609
0.220372
0.00886814
0.0870528
1.17323
0.8526
1.17323
0.0865955
0.300221
1.17323
1.09014
0.405674
0.637905
1.08816
0.140849
0.933287
0.749417
0.685422
0.734148
1.17323
0.728694
0.39304
1.17323
0.995371
1.3325
0.143183
1.3325
0.48255
1.17323
1.3325
1.05857
1.0906
0.0507745
0.878084
0.885718
1.17323
0.365768
0.352214
0.78672
1.15712
0.469067
0.0343851
0.0871366
1.01516
0.168964
0.448236
0.562861
0.0835901
0.0495807
0.408118
0.0496978
0.0602552
0.906722
1.17323
0.226452
1.3325
0.583927
0.521878
0.462089
0.653952
0.589105
0.893843
0.781284
0.239159
0.210922
0.848571
0.443197
0.0916123
1.3325
0.363972
0.945933
0.190638
0.810732
0.0229382
1.13039
0.990504
0.142605
1.3325
0.774371
0.96213
0.0152811
0.953081
0.876022
0.273593
1.07078
1.06907
1.17323
1.3325
0.465213
0.403049
0.779054
0.916671
1.3325
0.934399
0.289629
0.832017
0.929631
1.17323
0.952006
0.559921
0.236868
0.839915
0.373729
1.21344
0.197835
0.837162
1.17323
0.843609
0.139973
0.673177
0.92503
1.17323
0.942554
0.978819
0.0348322
0.0168629
0.972477
0.00546877
0.530739
1.02811
0.844903
0.928425
0.0633547
0.881995
0.758717
0.166566
0.626909
0.561249
0.641716
0.0884117
0.326482
0.303771
1.17323
0.000750486
0.234134
0.0952267
0.78618
0.624662
0.830101
0.943109
0.586664
0.188581
0.860565
0.178885
1.3325
0.427158
0.959748
0.949316
0.729166
1.3325
0.953898
0.122796
0.453408
1.20702
0.910498
0.127157
1.17323
0.0131157
0.701122
0.173247
0.101194
0.947749
1.3325
0.074855
0.0435148
1.11061
0.701205
0.235183
1.06063
0.665671
0.181898
1.05228
0.0119079
0.623617
0.135889
0.699358
0.993622
0.813042
0.172686
0.305109
0.198839
0.0536604
0.958363
0.929198
0.58018
1.11648
0.120222
0.442003
1.08216
0.352395
0.134903
0.417212
0.939644
0.972481
1.17323
0.184648
0.42042
0.255546
0.0166139
0.911468
1.3325
1.16457
1.17323
1.3325
0.193082
1.17323
0.588841
0.0976112
1.17323
0.102426
1.13774
0.997097
1.1107
0.149948
1.10423
0.864006
1.09117
1.00763
0.860833
0.174834
0.432553
0.892292
0.903852
1.02544
1.17323
0.199737
0.121113
0.241646
0.066052
0.948886
0.661317
0.750024
0.687024
1.08856
0.927318
0.421397
0.783955
0.837563
0.311991
0.0254192
1.17323
0.00852291
0.564489
0.230182
0.948134
1.19649
0.687543
0.0110178
0.827416
1.3325
0.583526
0.532833
0.808845
1.09834
0.794957
0.269821
0.275485
0.607303
0.229539
0.815508
0.0350376
1.10869
1.17323
1.13346
0.107204
1.3325
0.211846
0.415037
0.424258
0.748544
0.732072
0.382028
0.587374
0.446362
1.17323
1.17323
0.430831
0.0443591
1.10998
1.04915
0.610638
0.710348
0.924883
1.17323
0.764193
0.231082
0.602144
0.218168
1.3325
1.3325
0.606636
0.331879
0.898019
0.932904
0.699486
0.0857132
1.17323
1.17323
0.891639
0.16024
0.862928
0.576829
1.3325
0.231976
0.505268
