0.3442
0.3442
0.176107
0.3442
0.0150809
0.178322
0.3442
0.0172052
0.132288
0.3442
0.0794323
0.3442
0.0744468
0.105181
0.170858
0.195793
0.0601482
0.3442
0.183464
0.3442
0.3442
0.0568894
0.127028
0.3442
0.3442
0.3442
0.3442
0.3442
0.3442
0.136719
0.155132
0.3442
0.0587155
0.114991
0.3442
0.137446
0.178822
0.156687
0.15445
0.171558
0.193816
0.112797
0.3442
0.3442
0.3442
0.218141
0.00340406
0.116578
0.205192
0.3442
0.3442
0.205592
0.191843
0.3442
0.206745
0.156267
0.3442
0.013798
0.176734
0.177919
0.3442
0.187985
0.3442
0.3442
0.0473808
0.3442
0.0271046
0.0173703
0.0308845
0.3442
0.227009
0.3442
0.116821
0.141076
0.225664
0.3442
0.225318
0.3442
0.0029924
0.136457
0.3442
0.0604631
0.135347
0.183685
0.3442
0.171972
0.3442
0.177156
0.0112162
0.18145
0.138159
0.3442
0.3442
0.119438
0.3442
0.208894
0.0704978
0.3442
0.0172553
0.3442
0.3442
0.0440781
0.0626356
0.180562
0.3442
0.3442
0.115088
0.3442
0.0962771
0.01802
0.18355
0.3442
0.3442
0.152738
0.108835
0.0917978
0.164605
0.3442
0.0372237
0.0172636
0.0597545
0.3442
0.081976
0.214668
0.0481065
0.0782944
0.3442
0.037726
0.191843
0.0276716
0.3442
0.207334
0.0347182
0.3442
0.203552
0.0180636
0.0456438
0.3442
0.191717
0.3442
0.0558411
0.3442
0.150022
0.0146832
0.3442
0.3442
0.0485371
0.179998
0.3442
0.0498306
0.0850672
0.213314
0.012238
0.3442
0.3442
0.154328
0.0204348
0.0896617
0.3442
0.3442
0.3442
0.3442
0.3442
0.3442
0.3442
0.119767
0.3442
0.3442
0.121615
0.3442
0.196389
0.3442
0.0420504
0.177733
0.155836
0.137993
0.3442
0.3442
0.100171
0.0711155
0.3442
0.3442
0.3442
0.154597
0.3442
0.0113063
0.197086
0.186764
0.00689626
0.150795
0.3442
0.3442
0.102
0.3442
0.3442
0.3442
0.0103245
0.3442
0.3442
0.3442
0.00977646
0.18974
0.3442
0.3442
0.175652
0.3442
0.0882954
0.3442
0.12361
0.0800953
0.3442
0.3442
0.3442
0.159024
0.0646977
0.159112
0.0172675
0.3442
0.3442
0.3442
0.118182
0.0102789
0.0401837
0.133054
0.157255
0.3442
0.020433
0.18762
0.00473865
0.3442
0.180191
0.00722541
0.197587
0.094671
0.3442
0.0449556
0.3442
0.15068
0.154904
0.3442
0.225833
0.3442
0.183871
0.166351
0.0786081
0.0817088
0.0240935
0.109131
0.194618
0.113632
0.3442
0.0298576
0.0832222
0.151238
0.3442
0.126817
0.3442
0.0346329
0.140751
0.057837
0.173671
0.155506
0.187466
0.287789
0.3442
0.000725142
0.3442
0.3442
0.3442
0.00967178
0.3442
0.0483828
0.00369395
0.172567
0.3442
0.196063
0.3442
0.220049
0.3442
0.119312
0.3442
0.151723
0.3442
0.146783
0.085805
0.0150246
0.3442
0.0549358
0.0189391
0.3442
0.0609434
0.148969
0.151806
0.0783998
0.232265
0.3442
0.20574
0.141323
0.3442
0.10491
0.3442
0.03564
0.18084
0.0883063
0.3442
0.3442
0.174696
0.0380674
0.184178
0.175219
0.175445
0.191526
0.0910222
0.117846
0.122515
0.0807411
0.135317
0.0231038
0.3442
0.3442
0.105926
0.3442
0.3442
0.131084
0.138078
0.3442
0.3442
0.3442
0.214058
0.3442
0.136543
0.189288
0.3442
0.3442
0.3442
0.117647
0.000895198
0.3442
0.169805
0.00693526
0.3442
0.3442
0.0987933
0.3442
0.011787
0.200372
0.3442
0.3442
0.3442
0.0269873
0.3442
0.3442
0.0235846
0.3442
0.3442
0.3442
0.106756
0.3442
0.3442
0.101172
0.204461
0.00821069
0.0507019
0.3442
0.0863242
0.3442
0.110912
0.3442
0.175171
0.3442
0.3442
0.3442
0.192248
0.3442
0.156936
0.3442
0.3442
0.151173
0.00651496
0.3442
0.0301418
0.06355
0.3442
0.3442
0.0316871
0.3442
0.3442
0.3442
0.179267
0.3442
0.0826176
0.0827148
0.3442
0.3442
0.014849
0.3442
0.3442
0.3442
0.113622
0.00646234
0.3442
0.129445
0.3442
0.0498568
0.122268
0.3442
0.0499649
0.0116131
0.0530412
0.3442
0.3442
0.0595458
0.1507
0.3442
0.21942
0.15491
0.3442
0.0147795
0.3442
0.3442
0.00904787
0.3442
0.3442
0.0719941
0.175559
0.0183706
0.0261028
0.0890326
0.189796
0.112084
0.3442
0.3442
0.100515
0.179048
0.3442
0.063328
0.146367
0.3442
0.103227
0.3442
0.171846
0.04386
0.102113
0.0448174
0.186532
0.3442
0.00163216
0.1545
0.0983711
0.0121947
0.3442
0.0242149
0.3442
0.130726
0.3442
0.0197904
0.3442
0.3442
0.3442
0.189089
0.187134
0.221443
0.00929396
0.3442
0.164969
0.188248
0.162089
0.3442
0.0242784
0.3442
0.0986265
0.0252348
0.3442
0.077608
0.129551
0.213372
0.0610387
0.3442
0.3442
0.3442
0.191329
0.3442
0.169743
0.3442
0.0533522
0.167349
0.3442
0.0958649
0.3442
0.177315
0.0588136
0.08015
0.3442
0.3442
0.229693
0.3442
0.3442
0.3442
0.0872695
0.136247
0.3442
0.140689
0.3442
0.105818
0.3442
0.3442
0.0472792
0.0700664
0.3442
0.3442
0.0734644
0.188512
0.100959
0.151946
0.0887159
0.0896328
0.146582
0.021861
0.188994
0.225948
0.3442
0.3442
0.177994
0.0165201
0.3442
0.3442
0.142062
0.16246
0.3442
0.00166531
0.041323
0.110857
0.0117456
0.186162
0.185881
0.144715
0.020563
0.228411
0.3442
0.3442
0.3442
0.086909
0.3442
0.0191697
0.163396
0.0400587
0.3442
0.177702
0.189844
0.0629257
0.170954
0.0858059
0.3442
0.194715
0.3442
0.131219
0.0212634
0.0804176
0.3442
0.3442
0.3442
0.3442
0.17262
0.0248988
0.3442
0.0622905
0.00573636
0.3442
0.3442
0.115761
0.3442
0.3442
0.0970792
0.3442
0.139419
0.0106046
0.14005
0.0957413
0.3442
0.063342
0.3442
0.0746226
0.0446319
0.184296
0.3442
0.0938932
0.0109117
0.00872439
0.100733
0.3442
0.189616
0.158941
0.0292641
0.0933485
0.239851
0.3442
0.0365945
0.3442
0.196281
0.0687993
0.012785
0.212304
0.3442
0.0957715
0.3442
0.3442
0.189884
0.223652
0.00499928
0.132746
0.3442
0.0422801
0.155739
0.18524
0.3442
0.3442
0.0600801
0.3442
0.143998
0.0675429
0.1703
0.3442
0.199953
0.3442
0.167801
0.3442
0.0368999
0.175008
0.3442
0.3442
0.173352
0.0568206
0.095148
0.196856
0.0761151
0.0636494
0.0153455
0.0552174
0.0194805
0.0277054
0.3442
0.3442
0.100485
0.0376088
0.3442
0.3442
0.112132
0.00491092
0.125465
0.0925979
0.3442
0.3442
0.3442
0.179524
0.3442
0.16363
0.3442
0.114739
0.3442
0.186054
0.3442
0.3442
0.3442
0.0705374
0.3442
0.3442
0.186579
0.3442
0.0984232
0.0304901
0.124085
0.3442
0.3442
0.0472007
0.190527
0.3442
0.0651275
0.3442
0.3442
0.0912719
0.3442
0.218888
0.3442
0.3442
0.160409
0.196178
0.3442
0.0367545
0.155031
0.3442
0.3442
0.3442
0.048947
0.3442
0.230034
0.159087
0.201911
0.3442
0.185542
0.168788
0.195515
0.139353
0.3442
0.3442
0.3442
0.3442
0.0574927
0.158865
0.3442
0.3442
0.206107
0.0303824
0.160363
0.3442
0.3442
0.3442
0.110972
0.0168642
0.3442
0.203018
0.0464956
0.3442
0.0242002
7.25781e-05
0.0995859
0.3442
0.174639
0.0776199
0.3442
0.3442
0.3442
0.3442
0.3442
0.195599
0.3442
0.3442
0.145846
0.0703729
0.3442
0.0108651
0.3442
0.189521
0.1835
0.0949789
0.00670832
0.3442
0.3442
0.111346
0.3442
0.0539815
0.0501033
0.3442
0.285572
0.212739
0.133297
0.3442
0.0695155
0.3442
0.163776
0.0567905
0.3442
0.152216
0.105392
0.0925465
0.0951453
0.288977
0.0925598
0.3442
0.3442
0.127419
0.0369107
0.3442
0.0104455
0.0743331
0.0478949
0.0704756
0.3442
0.151594
0.203674
0.151896
0.235319
0.169699
0.0381172
0.119521
0.3442
0.146275
0.3442
0.194689
0.3442
0.3442
0.188464
0.178442
0.157266
0.190154
0.3442
0.3442
0.022141
0.0126824
0.196233
0.00855513
0.200165
0.3442
0.3442
0.3442
0.0957243
0.3442
0.3442
0.0612558
0.00741228
0.185979
0.233002
0.113727
0.177962
0.200312
0.3442
0.197367
0.207367
0.15212
0.194667
0.197034
0.0587774
0.042639
0.3442
0.3442
0.00328647
0.280392
0.0811183
0.134708
0.3442
0.228865
0.17435
0.188774
0.00160334
0.10273
0.184592
0.3442
0.3442
0.3442
0.103233
0.0390403
0.3442
0.3442
0.144863
0.179494
0.0325242
0.3442
0.0155999
0.3442
0.3442
0.3442
0.220644
0.151594
0.3442
0.0798297
0.3442
0.0475465
0.0385281
0.175456
0.3442
0.3442
0.3442
0.05331
0.190249
0.047235
0.0105257
0.3442
0.3442
0.0627419
0.00467257
0.189308
0.186004
0.0684504
0.238335
0.12444
0.152573
0.162846
0.3442
0.3442
0.157946
0.3442
0.0542976
0.143682
0.14587
0.3442
0.172744
0.3442
0.258137
0.0144287
0.179083
0.194985
0.174597
0.3442
0.155192
0.3442
0.0595154
0.171734
0.177906
0.3442
0.3442
0.3442
0.0889075
0.176554
0.167211
0.3442
0.06156
0.201918
0.142153
0.163483
0.3442
0.3442
0.3442
0.3442
0.0880782
0.211496
0.0901727
0.0647948
0.121672
0.00581589
0.187632
0.152499
0.3442
0.175513
0.3442
0.3442
0.189569
0.214602
0.3442
0.00505917
0.0701189
0.3442
0.3442
0.3442
0.3442
0.0669285
0.253039
0.169426
0.0437233
0.0335772
0.00316026
0.3442
0.178945
0.122111
0.3442
0.0700454
0.151875
0.3442
0.0693404
0.115025
0.3442
0.3442
0.182287
0.166833
0.3442
0.0241602
0.00457785
0.310298
0.3442
0.172687
0.3442
0.276564
0.216453
0.3442
0.178537
0.3442
0.0186518
0.226146
0.231491
0.3442
0.3442
0.127794
0.3442
0.170409
0.0965822
0.160154
0.3442
0.0471777
0.111748
0.240322
0.193728
0.0949915
0.3442
0.3442
0.0938457
0.19102
0.131326
0.138715
0.3442
0.3442
0.168277
0.198136
0.0157475
0.0317494
0.0214315
0.3442
0.117807
0.198574
0.193295
0.169621
0.3442
0.255776
0.3442
0.3442
0.138202
0.194044
0.3442
0.19035
0.193471
0.165114
0.244265
0.3442
0.3442
0.0463998
0.148678
0.3442
0.156178
0.3442
0.0708216
0.3442
0.094234
0.183392
0.197292
0.3442
0.3442
0.06473
0.0850972
0.3442
0.0411016
0.3442
0.3442
0.0457885
0.3442
0.3442
0.150775
0.0845152
0.0576512
0.3442
0.0572175
0.23306
0.209819
0.3442
0.3442
0.105106
0.3442
0.147143
0.124045
0.1782
0.3442
0.3442
0.0332682
0.0498514
0.3442
0.190465
0.178271
0.0377954
0.0165632
0.0226721
0.203119
0.239136
0.3442
0.3442
0.3442
0.3442
0.0440139
0.0214104
0.3442
0.0810186
0.3442
0.0168453
0.0389002
0.0275136
0.0715356
0.3442
0.3442
0.187513
0.161751
0.149978
0.129426
0.3442
0.116231
0.3442
0.127493
0.0733655
0.17949
0.3442
0.151646
0.3442
0.0828104
0.0546767
0.0302182
0.0447907
0.175297
0.00591052
0.0115684
0.3442
0.0487157
0.0480285
0.177134
0.085327
0.3442
0.3442
0.3442
0.189373
0.3442
0.204813
0.3442
0.3442
0.196446
0.172222
0.02756
0.228515
0.0889344
0.3442
0.174077
0.0354453
0.3442
0.3442
0.200438
0.0678204
0.177678
0.0886281
0.3442
0.168026
0.15595
0.148185
0.0742241
0.3442
0.0341858
0.3442
0.3442
0.3442
0.171879
0.125809
0.0168834
0.186838
0.194729
0.201781
0.203184
0.0988199
0.3442
0.3442
0.080757
0.0517837
0.0768813
0.0978022
0.159775
0.3442
0.074677
0.163634
0.00978179
0.3442
0.3442
0.185911
0.0755328
0.225958
0.206111
0.3442
0.3442
0.3442
0.000884393
0.0415044
0.0596928
0.16145
0.0245545
0.183958
0.171467
0.3442
0.218393
0.0614001
0.115744
0.0192577
0.3442
0.3442
0.0496995
0.3442
0.3442
0.3442
0.167993
0.11273
0.082936
0.134036
0.101642
0.3442
0.3442
0.3442
0.189385
0.196042
0.0124048
0.17131
0.154931
0.0696141
0.0738504
0.00355258
0.0539032
0.3442
0.3442
0.3442
0.3442
0.3442
0.194331
0.123748
0.0296246
0.180378
0.0350403
0.3442
0.0647974
0.3442
0.207551
0.3442
0.163962
0.3442
0.0265316
0.3442
0.3442
0.3442
0.3442
0.3442
0.138136
0.0958162
0.0262071
0.3442
0.3442
0.112921
0.202499
0.027877
0.123526
0.3442
0.213139
0.0587086
0.000355106
0.133262
0.0563123
0.126686
0.3442
0.3442
0.0479705
0.0352002
0.3442
0.0288928
0.0103428
0.180704
0.0438835
0.116959
0.177556
0.0524965
0.3442
0.3442
0.3442
0.0317767
0.3442
0.3442
0.00923722
0.197016
0.153714
0.190987
0.3442
0.00726898
0.3442
0.193378
0.15063
0.0419062
0.130907
0.3442
0.0812633
0.3442
0.3442
0.158057
0.0669825
0.126555
0.3442
0.3442
0.0206321
0.152038
0.211381
0.3442
0.3442
0.3442
0.152048
0.147647
0.3442
0.186971
0.3442
0.0806422
0.242623
0.0557846
0.099653
0.3442
0.3442
0.1908
0.3442
0.0621891
0.125863
0.192965
0.124175
0.0638762
0.3442
0.270738
0.134078
0.174525
0.176376
0.0119361
0.3442
0.0625895
0.170386
0.3442
0.170004
0.17654
0.3442
0.157305
0.1338
0.3442
0.106744
0.134733
0.0458982
0.127372
0.3442
0.181704
0.043527
0.3442
0.3442
0.3442
0.194656
0.0725104
0.3442
0.3442
0.3442
0.3442
0.218917
0.126671
0.125592
0.203861
0.3442
0.3442
0.3442
0.0970222
0.3442
0.3442
0.116284
0.3442
0.0797734
0.0491527
0.3442
0.0346812
0.3442
0.3442
0.00982207
0.0180574
0.3442
0.3442
0.228213
0.3442
0.0250514
0.0146679
0.0476826
0.187165
0.0120765
0.208885
0.101036
0.0916009
0.129993
0.188584
0.3442
0.183195
0.0186757
0.087706
0.151379
0.15572
0.323822
0.3442
0.3442
0.0239972
0.0372032
0.105154
0.3442
0.110426
0.3442
0.3442
0.0882786
0.0625155
0.181717
0.3442
0.131871
0.3442
0.3442
0.0706961
0.3442
0.0789501
0.3442
0.106725
0.120906
0.3442
0.3442
0.108035
0.0174321
0.157859
0.132197
0.193465
0.3442
0.188672
0.175602
0.166731
0.3442
0.0207038
0.174049
0.0312017
0.181704
0.0819738
0.179433
0.0422639
0.3442
0.0968891
0.3442
0.3442
0.3442
0.3442
0.161675
0.210847
0.216774
0.16601
0.3442
0.3442
0.0821022
0.0406409
0.191951
0.0229526
0.151076
0.3442
0.3442
0.101542
0.3442
0.3442
0.3442
0.0881109
0.0117576
0.223566
0.0762143
0.0359338
0.0226056
0.0504388
0.3442
0.276805
0.3442
0.152488
0.3442
0.132053
0.171792
0.3442
0.3442
0.210003
0.3442
0.203797
0.3442
0.108499
0.3442
0.3442
0.188596
0.3442
0.3442
0.3442
0.3442
0.3442
0.0191886
0.0310757
0.156936
0.194176
0.3442
0.3442
0.0556361
0.241371
0.3442
0.195288
0.3442
0.14153
0.044852
0.118948
0.0644884
0.268561
0.143111
0.051416
0.3442
0.0255628
0.0447101
0.18295
0.0803696
0.33722
0.0486419
0.1677
0.3442
0.3442
0.3442
0.223548
0.123484
0.3442
0.3442
0.3442
0.113796
0.104755
0.143498
0.156806
0.0302884
0.3442
0.0853337
0.131237
0.0849591
0.172451
0.132917
0.137803
0.139799
0.117954
0.0458227
0.19563
0.15455
0.137308
0.3442
0.3442
0.193184
0.00721971
0.3442
0.20349
0.3442
0.0704308
0.3442
0.0449984
0.3442
0.3442
0.20385
0.3442
0.113132
0.3442
0.100006
0.194025
0.0133489
0.0490256
0.196428
0.3442
0.065382
0.3442
0.3442
0.168726
0.3442
0.3442
0.0932662
0.0652096
0.142366
0.0407311
0.15315
0.3442
0.3442
0.3442
0.0354159
0.106163
0.3442
0.3442
0.0327828
0.3442
0.0672429
0.3442
0.3442
0.169096
0.3442
0.3442
0.111599
0.126426
0.3442
0.038945
0.191612
0.105097
0.13926
0.0431673
0.3442
0.171239
0.107895
0.176479
0.216588
0.16094
0.3442
0.0243621
0.3442
0.099061
0.3442
0.3442
0.0270635
0.0309706
0.206986
0.3442
0.0651556
0.3442
0.196357
0.3442
0.0160559
0.3442
0.0895085
0.3442
0.189517
0.01039
0.3442
0.105289
0.3442
0.3442
0.3442
0.00864791
0.00816867
0.00109974
0.3442
0.0210538
0.3442
0.144635
0.113624
0.0138766
0.3442
0.159962
0.0212006
0.3442
0.068051
0.150504
0.0562347
0.0626492
0.0650239
0.3442
0.174269
0.169658
0.3442
0.241237
0.0874186
0.3442
0.0101753
0.142735
0.156033
0.3442
0.150683
0.0498326
0.147427
0.3442
0.0897938
0.175867
0.192105
0.114237
0.13041
0.3442
0.165023
0.193374
0.3442
0.218086
0.3442
0.3442
0.3442
0.3442
0.3442
0.0211978
0.3442
0.3442
0.0995956
0.3442
0.0516959
0.0509059
0.225328
0.189113
0.153574
0.0524129
0.123829
0.173815
0.0937115
0.0449684
0.064221
0.0229321
0.3442
0.3442
0.3442
0.0227044
0.110786
0.023854
0.00516345
0.107696
0.11812
0.3442
0.3442
0.112829
0.3442
0.3442
0.19384
0.183736
0.164586
0.3442
0.10762
0.176976
0.129782
0.3442
0.182047
0.3442
0.3442
0.3442
0.0889644
0.0391151
0.109307
0.00526837
0.185461
0.3442
0.3442
0.0545398
0.0538867
0.151401
0.3442
0.000307766
0.3442
0.3442
0.0449344
0.3442
0.0179064
0.0326343
0.250537
0.3442
0.3442
0.00586384
0.3442
0.3442
0.0516195
0.196945
0.341252
0.105008
0.3442
0.0912758
0.324166
0.0746696
0.3442
0.19344
0.0111282
0.3442
0.3442
0.3442
0.125316
0.3442
0.182972
0.119839
0.0660328
0.162224
0.3442
0.3442
0.161773
0.0935581
0.3442
0.105148
0.0781438
0.172794
0.0125928
0.3442
0.3442
0.3442
0.166588
0.0125728
0.160331
0.21649
0.3442
0.19051
0.137018
0.0683066
0.3442
0.3442
0.204529
0.134534
0.184278
0.3442
0.3442
0.113632
0.3442
0.0229754
0.3442
0.3442
0.3442
0.100928
0.3442
0.0203968
0.106095
0.180416
0.211228
0.3442
0.11819
0.181349
0.177225
0.0870621
0.088617
0.167596
0.3442
0.0776043
0.0219937
0.0260949
0.114301
0.3442
0.130214
0.3442
0.133223
0.3442
0.137371
0.3442
0.0624681
0.0796464
0.00451051
0.3442
0.3442
0.00496098
0.162693
0.132756
0.3442
0.0308843
0.138247
0.0384
0.3442
0.3442
0.0791509
0.185023
0.0594801
0.202514
0.0763426
0.0711668
0.0451837
0.12484
0.3442
0.00462773
0.3442
0.165044
0.192004
0.0830096
0.0756596
0.141015
0.0322014
0.3442
0.3442
0.0108987
0.206591
0.0178681
0.3442
0.3442
0.3442
0.0355395
0.159879
0.3442
0.3442
0.0135486
0.0644337
0.159376
0.3442
0.0696962
0.0366615
0.00465132
0.3442
0.168964
0.00971
0.3442
0.3442
0.016059
0.161005
0.3442
0.18821
0.210272
0.00542703
0.3442
0.3442
0.0830539
0.178627
0.0253814
0.3442
0.022
0.0738126
0.3442
0.0496146
0.3442
0.102066
0.3442
0.0558435
0.178717
0.129042
0.3442
0.057138
0.3442
0.188061
0.0377418
0.3442
0.15639
0.163131
0.155892
0.145659
0.129369
0.3442
0.3442
0.00309274
0.183873
0.3442
0.190542
0.01467
0.181556
0.3442
0.0621295
0.104442
0.172206
0.0234418
0.3442
0.187203
0.172889
0.3442
0.0326077
0.178397
0.3442
0.0943952
0.3442
0.185451
0.015758
0.3442
0.147374
0.3442
0.3442
0.3442
0.274082
0.0949319
0.0499398
0.119862
0.055829
0.117917
0.3442
0.112067
0.107091
0.3442
0.00704038
0.0537837
0.0885726
0.141261
0.0202567
0.12286
0.3442
0.3442
0.0574331
0.3442
0.3442
0.3442
0.0324623
0.197534
0.3442
0.161496
0.3442
0.3442
0.3442
0.032188
0.0463832
0.195095
0.118934
0.156011
0.199013
0.3442
0.076745
0.168387
0.0544618
0.0149377
0.00220508
0.3442
0.0493832
0.163487
0.0488243
0.161821
0.0154657
0.178252
0.171949
0.291608
0.3442
0.147327
0.0676512
0.3442
0.0781934
0.195186
0.119131
0.0170341
0.00270771
0.3442
0.0750785
0.0556363
0.3442
0.0728206
0.172079
0.3442
0.232266
0.3442
0.0245185
0.013718
0.3442
0.3442
0.1794
0.0832639
0.3442
0.0754254
0.3442
0.3442
0.019025
0.202135
0.0930163
0.3442
0.110339
0.0559829
0.3442
0.191408
0.160672
0.143458
0.308607
0.064373
0.3442
0.3442
0.193842
0.169846
0.200278
0.00574912
0.3442
0.3442
0.185995
0.191169
0.0909431
0.183738
0.3442
0.3442
0.214103
0.0906091
0.3442
0.3442
0.171987
0.116113
0.145016
0.3442
0.3442
0.090479
0.148299
0.0704805
0.3442
0.0748932
0.143539
0.3442
0.0765343
0.00324902
0.125104
0.152804
0.197978
0.3442
0.0824705
0.3442
0.0403498
0.0958881
0.179648
0.171913
0.141343
0.3442
0.142918
0.169276
0.3442
0.3442
0.3442
0.3442
0.195827
0.187764
0.0134985
0.116381
0.3442
0.3442
0.161498
0.290702
0.115362
0.3442
0.129503
0.0881476
0.3442
0.151702
0.3442
0.0589458
0.3442
0.0384251
0.191096
0.3442
0.0390328
0.3442
0.0113703
0.161005
0.177008
0.181684
0.185157
0.00384036
0.0210372
0.3442
0.0730029
0.3442
0.3442
0.3442
0.0451894
0.3442
0.204978
0.0600196
0.00598506
0.3442
0.208679
0.3442
0.3442
0.3442
0.3442
0.110644
0.142218
0.17729
0.107851
0.3442
0.0254837
0.3442
0.18402
0.162929
0.200205
0.0148317
0.0939594
0.113539
0.3442
0.208765
0.3442
0.173289
0.3442
0.3442
0.3442
0.3442
0.3442
0.150929
0.0134421
0.3442
0.3442
0.0293296
0.188103
0.0953992
0.2574
0.00707764
0.0952955
0.3442
0.224238
0.150755
0.3442
0.243386
0.205888
0.142264
0.3442
0.3442
0.3442
0.3442
0.3442
0.3442
0.3442
0.201
0.0326474
0.3442
0.21243
0.163508
0.186367
0.3442
0.3442
0.107176
0.3442
0.0144025
0.180679
0.188939
0.3442
0.3442
0.3442
0.0343578
0.143336
0.3442
0.3442
0.3442
0.3442
0.3442
0.163538
0.0808729
0.3442
0.3442
0.0325772
0.0764431
0.3442
0.14893
0.0791934
0.3442
0.0630313
0.186482
0.0206419
0.0343086
0.3442
0.170174
0.00182364
0.00986446
0.3442
0.3442
0.3442
0.3442
0.168992
0.0879452
0.0797459
0.3442
0.3442
0.3442
0.3442
0.157414
0.3442
0.3442
0.0813193
0.3442
0.014335
0.00597638
0.140694
0.3442
0.0305509
0.221363
0.0309159
0.0507889
0.3442
0.0957243
0.189256
0.032762
0.162452
0.3442
0.0543768
0.0802009
0.119802
0.3442
0.3442
0.00934692
0.3442
0.3442
0.00234164
0.0360776
0.3442
0.0738791
0.0484173
0.0942816
0.110907
0.0260418
0.3442
0.190487
0.124123
0.121525
0.197072
0.3442
0.3442
0.3442
0.3442
0.0159378
0.1579
0.196861
0.3442
0.127985
0.3442
0.3442
0.0195137
0.177137
0.102973
0.170017
0.0693209
0.0805731
0.183793
0.3442
0.133099
0.3442
0.3442
0.3442
0.3442
0.1547
0.3442
0.0916188
0.0249941
0.3442
0.106941
0.0122518
0.142391
0.3442
0.3442
0.0536155
0.00345655
0.00990997
0.3442
0.3442
0.3442
0.165638
0.185758
0.270126
0.3442
0.113704
0.3442
0.150764
0.177684
0.11218
0.0502675
0.0941196
0.0680364
0.196094
0.3442
0.3442
0.0152867
0.0328206
0.212142
0.0982563
0.3442
0.101991
0.0323405
0.0315265
0.120438
0.049095
0.0390524
0.3442
0.230136
0.235302
0.138107
0.131653
0.00502288
0.0684866
0.158224
0.00719543
0.3442
0.204676
0.0639479
0.0143677
0.3442
0.0853358
0.3442
0.180246
0.0368972
0.143281
0.3442
0.0782849
0.220829
0.3442
0.104044
0.0161844
0.3442
0.150076
0.148585
0.3442
0.073048
0.191604
0.3442
0.0212155
0.187807
0.106254
0.121956
0.3442
0.0367488
0.0155177
0.3442
0.3442
0.0537864
0.175471
0.3442
0.126426
0.3442
0.19096
0.0192341
0.0172727
0.124261
0.3442
0.3442
0.3442
0.0170505
0.129054
0.3442
0.15639
0.106184
0.135441
0.174819
0.169327
0.145928
0.0695296
0.3442
0.3442
0.193164
0.3442
0.15627
0.3442
0.3442
0.140216
0.185653
0.0539142
0.0784442
0.153167
0.126826
0.161301
0.245342
0.289671
0.078404
0.0653957
0.3442
0.0864785
0.3442
0.131106
0.3442
0.193188
0.0221335
0.3442
0.181492
0.3442
0.3442
0.135237
0.0985282
0.00406333
0.0463996
0.133029
0.0461933
0.3442
0.139095
0.156541
0.3442
0.3442
0.3442
0.188067
0.0296586
0.3442
0.3442
0.137952
0.0549815
0.3442
0.201716
0.199592
0.182432
0.151821
0.158831
0.178918
0.3442
0.3442
0.3442
0.191031
0.0901104
0.188066
0.115063
0.3442
0.3442
0.156825
0.3442
0.193185
0.196106
0.00339556
0.181573
0.176363
0.3442
0.3442
0.153209
0.17952
0.3442
0.3442
0.190612
0.191923
0.111176
0.3442
0.162388
0.0531009
0.0210929
0.196101
0.3442
0.202369
0.3442
0.163619
0.221972
0.0858853
0.0539951
0.3442
0.0792834
0.3442
0.19223
0.0209934
0.0604142
0.3442
0.180209
0.0417598
0.0580113
0.0129946
0.0560527
0.193505
0.100391
0.3442
0.191069
0.155553
0.0868002
0.186535
0.185583
0.187889
0.3442
0.3442
0.3442
0.3442
0.195484
0.3442
0.3442
0.3442
0.3442
0.3442
0.155624
0.3442
0.060783
0.158764
0.0342923
0.0607617
0.162498
0.0347754
0.3442
0.172846
0.0159499
0.0632922
0.3442
0.11207
0.1177
0.148441
0.3442
0.00960134
0.127569
0.0801088
0.0741941
0.3442
0.185776
0.0851422
0.3442
0.134126
0.153371
0.0828486
0.134876
0.195173
0.200138
0.0727202
0.0611198
0.3442
0.0169283
0.0506511
0.3442
0.226339
0.3442
0.3442
0.0399068
0.02348
0.164937
0.160264
0.3442
0.0666302
0.0289369
0.111773
0.236067
0.166469
0.154115
0.0449937
0.0157277
0.3442
0.158224
0.209632
0.3442
0.18416
0.3442
0.111177
0.168517
0.3442
0.3442
0.3442
0.3442
0.3442
0.0951708
0.3442
0.00825725
0.0723432
0.0704123
0.166774
0.3442
0.3442
0.3442
0.3442
0.162052
0.0382101
0.0251761
0.206685
0.144505
0.133063
0.150995
0.240709
0.0133535
0.159498
0.3442
0.15407
0.0776285
0.3442
0.0696831
0.180967
0.3442
0.3442
0.3442
0.146573
0.162472
0.172407
0.3442
0.3442
0.3442
0.3442
0.0861385
0.3442
0.3442
0.3442
0.00915571
0.195129
0.182488
0.178825
0.133204
0.3442
0.172924
0.0602656
0.183953
0.3442
0.0202832
0.3442
0.3442
0.0331327
0.125149
0.3442
0.162776
0.168125
0.117864
0.183849
0.00411317
0.3442
0.0659579
0.117403
0.0282872
0.179555
0.3442
0.152332
0.3442
0.3442
0.19344
0.3442
0.0493566
0.3442
0.13163
0.3442
0.3442
0.3442
0.3442
0.107773
0.0933819
0.172394
0.0451359
0.186248
0.196391
0.0293545
0.186448
0.3442
0.0259457
0.0988442
0.0644658
0.0179637
0.0629281
0.0443663
0.166169
0.00886122
0.0719303
0.16593
0.3442
0.3442
0.0862678
0.3442
0.0356485
0.3442
0.0706793
0.0554157
0.3442
0.3442
0.3442
0.00220821
0.218623
0.3442
0.3442
0.0879156
0.0420598
0.189045
0.0459195
0.3442
0.070227
0.127929
0.162569
0.0657665
0.0398259
0.100236
0.3442
0.0388647
0.3442
0.168202
0.3442
0.0644913
0.0635019
0.169799
0.226406
0.0623232
0.3442
0.3442
0.195977
0.3442
0.3442
0.195925
0.196123
0.210168
0.00835253
0.0613163
0.00531291
0.3442
0.0337746
0.0574219
0.113369
0.0873774
0.16015
0.041258
0.3442
0.3442
0.3442
0.3442
0.0278759
0.0387486
0.3442
0.034181
0.134854
0.0966632
0.3442
0.3442
0.0673357
0.3442
0.0217675
0.196523
0.0416876
0.212058
0.0469234
0.3442
0.3442
0.3442
0.146335
0.0173684
0.3442
0.109575
0.0648596
0.161494
0.103482
0.3442
0.191099
0.3442
0.3442
0.0907976
0.3442
0.14477
0.025446
0.0325048
0.00458681
0.0506491
0.194064
0.112578
0.3442
0.3442
0.3442
0.3442
0.3442
0.163778
0.143879
0.0196281
0.0310654
0.0421921
0.3442
0.3442
0.3442
0.179956
0.3442
0.3442
0.3442
0.145155
0.3442
0.228348
0.3442
0.122483
0.3442
0.0833423
0.3442
0.00348706
0.3442
0.3442
0.184267
0.0767797
0.0847698
0.3442
0.3442
0.188495
0.177254
0.172821
0.190674
0.210722
0.00349191
0.00763166
0.3442
0.132497
0.0247086
0.3442
0.0166903
0.3442
0.195712
0.3442
0.176798
0.0492465
0.3442
0.3442
0.3442
0.0476261
0.0172761
0.0647392
0.0342971
0.213566
0.3442
0.3442
0.171118
0.3442
0.3442
0.3442
0.117955
0.3442
0.165009
0.3442
0.3442
0.3442
0.3442
0.188155
0.153877
0.3442
0.3442
0.0706098
0.3442
0.3442
0.3442
0.0541477
0.160564
0.0505966
0.3442
0.0746656
0.178523
0.3442
0.3442
0.3442
0.3442
0.17462
0.3442
0.3442
0.0792115
0.180821
0.149252
0.050137
0.0378946
0.155984
0.00876018
0.177895
0.0528792
0.120509
0.172085
0.103932
0.3442
0.118901
0.3442
0.276419
0.3442
0.3442
0.0883345
0.0564043
0.239471
0.0341613
0.0589275
0.3442
0.201639
0.0110643
0.141695
0.0474253
0.237312
0.033273
0.0535318
0.3442
0.0570167
0.3442
0.3442
0.197352
0.21336
0.106552
0.3442
0.3442
0.12371
0.214678
0.214033
0.3442
0.112571
0.3442
0.0875245
0.3442
0.093895
0.197228
0.12066
0.3442
0.3442
0.3442
0.3442
0.118869
0.3442
0.3442
0.3442
0.10239
0.0426202
0.3442
0.3442
0.239291
0.161779
0.010683
0.0283636
0.0213462
0.3442
0.3442
0.16404
0.3442
0.195754
0.226775
0.241325
0.3442
0.3442
0.3442
0.0133641
0.3442
0.3442
0.0267095
0.3442
0.3442
0.212832
0.188075
0.064174
0.0448833
0.124693
0.0384019
0.17325
0.184397
0.3442
0.3442
0.3442
0.3442
0.183227
0.0586392
0.3442
0.0698284
0.3442
0.00998468
0.11751
0.3442
0.212466
0.0577278
0.0492699
0.3442
0.3442
0.199111
0.120196
0.3442
0.041052
0.110516
0.117125
0.0115498
0.1919
0.0830925
0.3442
0.16314
0.3442
0.3442
0.00409685
0.214961
0.0176241
0.0778194
0.3442
0.3442
0.3442
0.225933
0.0910975
0.3442
0.203987
0.152902
0.3442
0.3442
0.191863
0.197373
0.215614
0.3442
0.176294
0.3442
0.249165
0.0329303
0.106345
0.3442
0.200228
0.156984
0.00918409
0.3442
0.3442
0.13702
0.3442
0.3442
0.126211
0.341551
0.3442
0.3442
0.3442
0.188362
0.3442
0.210953
0.00292205
0.3442
0.185606
0.3442
0.3442
0.167133
0.3442
0.22805
0.3442
0.104621
0.0344822
0.115343
0.3442
0.0476428
0.0883171
0.0169675
0.3442
0.111989
0.3442
0.3442
0.3442
0.0189728
0.0313434
0.207223
0.3442
0.0919695
0.19063
0.069572
0.0397295
0.0834916
0.1534
0.233153
0.0187947
0.3442
0.3442
0.3442
0.3442
0.0445739
0.165077
0.3442
0.0347464
0.147933
0.13155
0.3442
0.128976
0.0832955
0.3442
0.0316483
0.182028
0.177974
0.3442
0.0598787
0.3442
0.3442
0.0316511
0.0942228
0.3442
0.0634545
0.3442
0.196534
0.16499
0.160576
0.0442815
0.3442
0.0393649
0.0805342
0.179746
0.109004
0.128926
0.0156055
0.309448
0.3442
0.185686
0.00980761
0.280538
0.3442
0.3442
0.3442
0.3442
0.181261
0.3442
0.3442
0.118529
0.3442
0.108702
0.3442
0.3442
0.0589668
0.3442
0.0253034
0.0165849
0.0631266
0.3442
0.139444
0.183435
0.3442
0.082748
0.0179082
0.214558
0.0837048
0.15667
0.0999083
0.0760339
0.0483375
0.131459
0.17319
0.141981
0.238424
0.3442
0.233866
0.158433
0.189982
0.179962
0.046333
0.22245
0.0136256
0.00909647
0.3442
0.0251398
0.0283576
0.3442
0.000505644
0.0415837
0.133722
0.107625
0.0153254
0.176344
0.0899309
0.236917
0.3442
0.19506
0.11479
0.0318937
0.3442
0.133764
0.3442
0.0951397
0.136985
0.079367
0.225391
0.3442
0.3442
0.3442
0.3442
0.3442
0.3442
0.0694408
0.24571
0.0411321
0.3442
0.3442
0.0166783
0.3442
0.205766
0.0887303
0.3442
0.120894
0.121957
0.3442
0.0609214
0.3442
0.183867
0.3442
0.00644623
0.00500775
0.111703
0.157596
0.3442
0.3442
0.0972551
0.05994
0.3442
0.233995
0.0447614
0.3442
0.3442
0.0894872
0.3442
0.0154329
0.184913
0.3442
0.3442
0.104287
0.00921993
0.140409
0.0904457
0.104381
0.184125
0.3442
0.0195004
0.151989
0.149249
0.3442
0.147375
0.210329
0.165787
0.102328
0.0797369
0.18877
0.162171
0.3442
0.0186562
0.111378
0.0570618
0.3442
0.0943105
0.0963565
0.00868579
0.167208
0.3442
0.180377
0.3442
0.3442
0.3442
0.3442
0.118673
0.3442
0.112462
0.122511
0.159943
0.3442
0.3442
0.0501031
0.212861
0.3442
0.3442
0.0252363
0.187
0.3442
0.3442
0.183006
0.143668
0.171784
0.3442
0.3442
0.179418
0.183703
0.00893466
0.3442
0.3442
0.3442
0.102852
0.0446245
0.149898
0.3442
0.3442
0.192215
0.0178865
0.0428147
0.243211
0.0311566
0.0330183
0.3442
0.3442
0.3442
0.3442
0.184659
0.3442
0.186768
0.3442
0.0780624
0.0938523
0.197094
0.0724721
0.3442
0.200649
0.0113844
0.3442
0.3442
0.0623669
0.172759
0.227805
0.0479569
0.196616
0.177283
0.3442
0.231885
0.143962
0.3442
0.3442
0.3442
0.3442
0.3442
0.0538996
0.072386
0.206954
0.3442
0.0533
0.0693611
0.3442
0.3442
0.3442
0.3442
0.0998829
0.3442
0.112055
0.202472
0.225298
0.3442
0.0452512
0.258872
0.110435
0.130086
0.0514938
0.207257
0.0120877
0.3442
0.3442
0.0315947
0.3442
0.3442
0.3442
0.187763
0.3442
0.0677923
0.0546335
0.217826
0.3442
0.0436496
0.3442
0.3442
0.0610698
0.3442
0.3442
0.3442
0.3442
0.101014
0.3442
0.3442
0.184347
0.3442
0.3442
0.3442
0.110473
0.161003
0.3442
0.190377
0.152506
0.0378419
0.0751225
0.176796
0.0264697
0.19059
0.3442
0.117676
0.3442
0.3442
0.3442
0.3442
0.0798121
0.100178
0.0319648
0.204612
0.3442
0.012789
0.0591826
0.3442
0.3442
0.3442
0.0815558
0.232007
0.3442
0.3442
0.141332
0.3442
0.3442
0.133537
0.0286694
0.3442
0.152196
0.19394
0.3442
0.147852
0.0862396
0.180694
0.3442
0.128269
0.235322
0.3442
0.0100947
0.197736
0.3442
0.153007
0.0135217
0.0458281
0.186237
0.174913
0.3442
0.0109537
0.140245
0.3442
0.0253101
0.0382735
0.3442
0.3442
0.0892377
0.175693
0.122452
0.3442
0.173409
0.0590829
0.0973949
0.3442
0.3442
0.0529564
0.0875129
0.3442
0.107158
0.3442
0.194839
0.00545559
0.3442
0.0839919
0.3442
0.3442
0.0243319
0.0331771
0.3442
0.3442
0.241319
0.3442
0.3442
0.188405
0.3442
0.235217
0.3442
0.23968
0.169917
0.3442
0.176403
0.211108
0.3442
0.111822
0.3442
0.3442
0.15025
0.3442
0.3442
0.181003
0.0722518
0.3442
0.3442
0.19301
0.0799821
0.3442
0.228905
0.173595
0.178963
0.3442
0.0153484
0.3442
0.135708
0.3442
0.3442
0.3442
0.0245011
0.165934
0.179318
0.178627
0.192297
0.3442
0.116015
0.3442
0.216814
0.0161234
0.3442
0.3442
0.187173
0.0976527
0.156405
0.0676677
0.0564536
0.106988
0.179483
0.3442
0.0938431
0.161784
0.0816817
0.3442
0.3442
0.171258
0.176025
0.3442
0.0532037
0.3442
0.0133096
0.3442
0.192403
0.0222073
0.0905981
0.3442
0.191915
0.152238
0.0597281
0.239322
0.3442
0.3442
0.228904
0.3442
0.102752
0.3442
0.150511
0.3442
0.138828
0.0410381
0.124766
0.220745
0.3442
0.208956
0.3442
0.3442
0.164867
0.3442
0.136541
0.0771954
0.182135
0.3442
0.3442
0.3442
0.20514
0.3442
0.3442
0.3442
0.0442851
0.3442
0.3442
0.11733
0.0151798
0.189021
0.100793
0.0528286
0.0598806
0.0305657
0.3442
0.084521
0.3442
0.198887
0.3442
0.0553909
0.219803
0.193155
0.0166574
0.0243677
0.0535178
0.3442
0.3442
0.3442
0.0385909
0.00673304
0.0185007
0.3442
0.055225
0.100753
0.0280083
0.116383
0.3442
0.3442
0.3442
0.160641
0.11054
0.17048
0.3442
0.0433589
0.0474305
0.140927
0.0518318
0.3442
0.155335
0.0789581
0.3442
0.3442
0.3442
0.21826
0.3442
0.148613
0.117444
0.3442
0.3442
0.3442
0.115947
0.086252
0.0286414
0.3442
0.0352872
0.3442
0.0538698
0.3442
0.0248293
0.0942056
0.1099
0.117022
0.118451
0.165626
0.3442
0.0267959
0.191246
0.3442
0.188646
0.240017
0.3442
0.3442
0.0229054
0.0638748
0.3442
0.3442
0.0779444
0.151282
0.0279704
0.0244279
0.3442
0.3442
0.3442
0.121353
0.3442
0.3442
0.0714092
0.0880195
0.185284
0.3442
0.0159676
0.3442
0.26902
0.168573
0.3442
0.3442
0.171864
0.149011
0.3442
0.0262984
0.3442
0.3442
0.184905
0.189097
0.0867991
0.3442
0.167349
0.3442
0.00250609
0.12097
0.3442
0.3442
0.3442
0.242596
0.188535
0.3442
0.000778319
0.3442
0.3442
0.3442
0.3442
0.3442
0.0594772
0.3442
0.0602346
0.3442
0.133101
0.3442
0.0477007
0.0249203
0.3442
0.142839
0.3442
0.3442
0.3442
0.0698135
0.177036
0.121823
0.0131945
0.149044
0.3442
0.0404734
0.183271
0.0200226
0.3442
0.3442
0.3442
0.0433873
0.116108
0.3442
0.19331
0.0493741
0.3442
0.0537569
0.12819
0.3442
0.3442
0.011358
0.3442
0.132301
0.3442
0.3442
0.3442
0.0769289
0.3442
0.3442
0.0557904
0.3442
0.3442
0.3442
0.180734
0.102185
0.021117
0.0620439
0.0764621
0.193943
0.3442
0.3442
0.3442
0.3442
0.0913322
0.3442
0.181671
0.3442
0.3442
0.3442
0.151046
0.0724223
0.0716584
0.0370482
0.3442
0.164483
0.3442
0.0235685
0.3442
0.3442
0.14898
0.3442
0.120459
0.3442
0.150319
0.3442
0.3442
0.3442
0.108971
0.3442
0.128431
0.3442
0.0346334
0.3442
0.0546809
0.3442
0.3442
0.144312
0.0511556
0.00644932
0.0941448
0.1898
0.10096
0.172799
0.186921
0.00590682
0.0244465
0.145569
0.3442
0.196778
0.0842048
0.247164
0.14848
0.3442
0.3442
0.3442
0.3442
0.069
0.00665367
0.161867
0.0525684
0.165819
0.3442
0.0830226
0.252114
0.0750653
0.3442
0.0701041
0.185721
0.3442
0.0132909
0.3442
0.3442
0.027164
0.3442
0.0532087
0.3442
0.3442
0.159214
0.3442
0.3442
0.177214
0.3442
0.0228279
0.0765299
0.3442
0.0393581
0.3442
0.145217
0.0262209
0.3442
0.189887
0.0405311
0.186647
0.0425614
0.0188321
0.00576086
0.3442
0.0559195
0.0512217
0.3442
0.0524617
0.12404
0.0773113
0.159833
0.3442
0.0894197
0.3442
0.3442
0.014057
0.144064
0.3442
0.148846
0.3442
0.3442
0.0300532
0.127464
0.300539
0.0546071
0.3442
0.3442
0.197109
0.00190708
0.0487942
0.124678
0.3442
0.166522
0.187751
0.3442
0.3442
0.3442
0.00126151
0.3442
0.209034
0.0882788
0.3442
0.195254
0.3442
0.3442
0.234222
0.3442
0.3442
0.3442
0.3442
0.3442
0.3442
0.0981752
0.085617
0.3442
0.3442
0.174227
0.3442
0.3442
0.3442
0.000630087
0.3442
0.3442
0.3442
0.143499
0.0180004
0.0373178
0.0224351
0.0482282
0.3442
0.0595537
0.3442
0.3442
0.08947
0.172919
0.18952
0.3442
0.3442
0.0118933
0.0671501
0.3442
0.107648
0.00546373
0.0024213
0.0917502
0.0478383
0.0955762
0.147398
0.3442
0.0495004
0.3442
0.3442
0.3442
0.3442
0.191389
0.3442
0.170035
0.3442
0.3442
0.00615356
0.0985822
0.3442
0.3442
0.150813
0.0633691
0.3442
0.0935149
0.0845234
0.164963
0.3442
0.00145502
0.3442
0.3442
0.3442
0.168621
0.206495
0.0441703
0.0908193
0.138659
0.125999
0.204288
0.3442
0.0428188
0.172642
0.3442
0.159291
0.3442
0.3442
0.120403
0.186965
0.3442
0.3442
0.3442
0.17572
0.3442
0.195962
0.116507
0.3442
0.0204965
0.00685397
0.3442
0.3442
0.3442
0.0496553
0.3442
0.0260222
0.195512
0.110398
0.256133
0.00829872
0.07106
0.3442
0.3442
0.203402
0.0326927
0.3442
0.0215927
0.3442
0.0572188
0.037186
0.3442
0.14732
0.193921
0.217843
0.0840843
0.3442
0.154838
0.113323
0.3442
0.0520321
0.104312
0.3442
0.145988
0.3442
0.3442
0.0944643
0.3442
0.0303292
0.192488
0.3442
0.0878115
0.0621173
0.189908
0.3442
0.165919
0.023755
0.140015
0.3442
0.24545
0.183178
0.151246
0.3442
0.0993141
0.112388
0.00132348
0.3442
0.3442
0.3442
0.0543372
0.0931561
0.0145324
0.0197134
0.3442
0.146921
0.3442
0.3442
0.186352
0.177309
0.0152725
0.0641082
0.171578
0.3442
0.3442
0.0812204
0.145352
0.185981
0.0405318
0.19353
0.3442
0.3442
0.168083
0.170192
0.194857
0.3442
0.3442
0.129043
0.3442
0.132055
0.111123
0.000114753
0.3442
0.0773552
0.155176
0.0292904
0.0636781
0.0112167
0.256901
0.101521
0.00120387
0.3442
0.0749461
0.0562011
0.0145088
0.186058
0.3442
0.3442
0.1256
0.141162
0.3442
0.131145
0.3442
0.0404698
0.0366007
0.3442
0.3442
0.3442
0.3442
0.3442
0.168454
0.3442
0.19729
0.3442
0.3442
0.3442
0.0771013
0.170356
0.3442
0.0707298
0.3442
0.101243
0.245878
0.0261151
0.3442
0.3442
0.3442
0.3442
0.0382472
0.0163442
0.139234
0.163392
0.194125
0.195944
0.0770801
0.113479
0.0462205
0.10898
0.3442
0.3442
0.15258
0.0685858
0.115188
0.3442
0.3442
0.3442
0.3442
0.3442
0.3442
0.3442
0.162125
0.3442
0.3442
0.3442
0.3442
0.188435
0.3442
0.00993242
0.3442
0.099978
0.3442
0.190428
0.0453149
0.00449981
0.3442
0.3442
0.118599
0.3442
0.0334893
0.3442
0.214912
0.3442
0.3442
0.3442
0.3442
0.219565
0.186918
0.179191
0.176508
0.3442
0.3442
0.3442
0.00662388
0.25583
0.0349493
0.3442
0.111481
0.00564414
0.115525
0.196235
0.186734
0.3442
0.3442
0.171109
0.0090931
0.3442
0.3442
0.0750478
0.0842873
0.3442
0.3442
0.3442
0.14768
0.3442
0.192475
0.3442
0.113798
0.126271
0.229886
0.3442
0.00125926
0.3442
0.0202698
0.3442
0.3442
0.118963
0.3442
0.0385532
0.3442
0.3442
0.0469586
0.175638
0.179013
0.3442
0.157873
0.3442
0.3442
0.177453
0.3442
0.1838
0.3442
0.14317
0.3442
0.031799
0.0336964
0.0338696
0.0652855
0.3442
0.213471
0.3442
0.3442
0.148812
0.0543038
0.134771
0.150107
0.3442
0.0350746
0.0513347
0.0619154
0.3442
0.3442
0.00485328
0.0185095
0.110832
0.3442
0.0958627
0.0232959
0.3442
0.010989
0.035864
0.10412
0.3442
0.3442
0.101244
0.3442
0.141548
0.146697
0.181236
0.3442
0.0710007
0.0277866
0.0353355
0.0391053
0.3442
0.164956
0.3442
0.3442
0.3442
0.257117
0.3442
0.188907
0.21111
0.22858
0.00579257
0.3442
0.0265385
0.3442
0.098916
0.0575932
0.0340992
0.000998927
0.3442
0.019769
0.3442
0.0550618
0.3442
0.087555
0.3442
0.0114545
0.0513071
0.3442
0.104844
0.3442
0.3442
0.3442
0.3442
0.3442
0.3442
0.3442
0.0997492
0.203719
0.254999
0.3442
0.00939239
0.3442
0.110032
0.0294477
0.3442
0.187137
0.188938
0.152938
0.3442
0.3442
0.0696751
0.0424144
0.3442
0.208704
0.230965
0.3442
0.0565985
0.0320944
0.131072
0.137869
0.3442
0.177514
0.3442
0.3442
0.0641846
0.3442
0.3442
0.0643027
0.0906727
0.3442
0.3442
0.3442
0.0721535
0.3442
0.00754791
0.3442
0.3442
0.3442
0.123736
0.0649276
0.3442
0.182484
0.0336653
0.016511
0.0847512
0.0888372
0.165247
0.151342
0.174941
0.3442
0.037183
0.100912
0.0802087
0.231701
0.169684
0.192898
0.277461
0.206866
0.3442
0.189412
0.3442
0.3442
0.3442
0.3442
0.3442
0.190882
0.3442
0.3442
0.3442
0.0504159
0.17315
0.197361
0.164931
0.102133
0.3442
0.207798
0.3442
0.173692
0.3442
0.129434
0.3442
0.098831
0.076144
0.0667686
0.0788261
0.0736308
0.183539
0.3442
0.0862243
0.200632
0.3442
0.114173
0.0937957
0.0523749
0.0529178
0.21911
0.116526
0.192049
0.0278347
0.191536
0.121299
0.00245595
0.122511
0.112166
0.3442
0.3442
0.3442
0.3442
0.0826882
0.3442
0.12898
0.130179
0.10357
0.3442
0.0198956
0.013747
0.3442
0.176852
0.3442
0.0417754
0.264453
0.0406701
0.144612
0.3442
0.3442
0.3442
0.0791025
0.0226195
0.3442
0.3442
0.156795
0.0363202
0.3442
0.0354456
0.017002
0.146485
0.125706
0.193126
0.0306511
0.0335154
0.0957988
0.0436777
0.3442
0.3442
0.3442
0.3442
0.3442
0.3442
0.0359846
0.000690024
0.073102
0.3442
0.3442
0.211329
0.3442
0.0590077
0.186125
0.3442
0.3442
0.0201001
0.3442
0.157573
0.00127965
0.0433727
0.3442
0.195332
0.151841
0.0374146
0.0965761
0.3442
0.3442
0.093765
0.163275
0.3442
0.0674305
0.3442
0.3442
0.0292323
0.3442
0.3442
0.189266
0.193027
0.0739767
0.0466822
0.14574
0.066929
0.0336455
0.0249023
0.3442
0.183837
0.153556
0.0620726
0.0889477
0.078131
0.0708537
0.3442
0.125813
0.16804
0.182309
0.0705693
0.00121178
0.3442
0.0113196
0.0858402
0.0959348
0.0711215
0.153135
0.3442
0.0709705
0.0942489
0.156231
0.197158
0.227302
0.175236
0.3442
0.0439385
0.171825
0.3442
0.3442
0.140753
0.3442
0.3442
0.3442
0.197239
0.0522079
0.157212
0.3442
0.0284429
0.123236
0.013186
0.141041
0.0665932
0.3442
0.3442
0.3442
0.3442
0.175986
0.0559083
0.111374
0.179265
0.074042
0.117471
0.3442
0.126894
0.169211
0.0799499
0.3442
0.106038
0.136293
0.0139289
0.181813
0.165043
0.3442
0.0411476
0.0152951
0.185322
0.18138
0.169691
0.3442
0.3442
0.0213019
0.182161
0.3442
0.3442
0.3442
0.3442
0.165791
0.268612
0.3442
0.3442
0.3442
0.182102
0.168417
0.3442
0.160806
0.3442
0.0637678
0.0783872
0.192013
0.0524614
0.3442
0.3442
0.0967716
0.3442
0.3442
0.130014
0.3442
0.3442
0.3442
0.19656
0.3442
0.00841677
0.3442
0.3442
0.0744296
0.3442
0.16495
0.166992
0.3442
0.15282
0.102739
0.3442
0.3442
0.135687
0.239761
0.198289
0.14003
0.3442
0.3442
0.078876
0.089562
0.3442
0.0997817
0.3442
0.3442
0.0445849
0.3442
0.3442
0.3442
0.3442
0.3442
0.00113401
0.3442
0.182078
0.0746774
0.115518
0.3442
0.210134
0.108487
0.185484
0.0565001
0.3442
0.107773
0.3442
0.3442
0.3442
0.3442
0.3442
0.0304023
0.3442
0.218891
0.181687
0.0113605
0.0240158
0.3442
0.3442
0.3442
0.149258
0.3442
0.0770777
0.3442
0.117383
0.148041
0.3442
0.3442
0.130788
0.0952783
0.170655
0.3442
0.105974
0.134067
0.0283973
0.177993
0.3442
0.0141752
0.3442
0.0266996
0.3442
0.0336335
0.191449
0.3442
0.0931714
0.3442
0.0331456
0.3442
0.3442
0.151724
0.0275888
0.0258275
0.0564361
0.0139552
0.3442
0.3442
0.163305
0.269156
0.3442
0.0593517
0.203848
0.0972618
0.0292813
0.3442
0.3442
0.3442
0.3442
0.00484667
0.185055
0.3442
0.205426
0.0266643
0.154977
0.3442
0.0427093
0.3442
0.0674248
0.3442
0.226129
0.3442
0.112855
0.3442
0.161857
0.3442
0.3442
0.210702
0.3442
0.3442
0.0688233
0.197007
0.3442
0.0608961
0.3442
0.3442
0.106244
0.148396
0.3442
0.3442
0.0225371
0.146681
0.162851
0.3442
0.176762
0.3442
0.3442
0.3442
0.18146
0.0954459
0.194124
0.3442
0.3442
0.3442
0.150019
0.0777348
0.164951
0.164394
0.111764
0.00891857
0.145842
0.0644698
0.194525
0.0961414
0.156289
0.0893625
0.0777085
0.14135
0.0161173
0.0428704
0.3442
0.3442
0.13505
0.3442
0.3442
0.3442
0.0971295
0.3442
0.000677244
0.3442
0.0753777
0.184756
0.170396
0.17503
0.142458
0.3442
0.174664
0.168091
0.00575746
0.134666
0.134284
0.0111813
0.0899411
0.186462
0.3442
0.3442
0.19068
0.193914
0.3442
0.0660179
0.037393
0.3442
0.128404
0.167532
0.157801
0.043365
0.3442
0.0837423
0.107718
0.147094
0.3442
0.3442
0.0849396
0.0167624
0.125797
0.141229
0.0876375
0.186316
0.135526
0.128049
0.0861953
0.213225
0.3442
0.3442
0.146284
0.3442
0.3442
0.3442
0.3442
0.00842642
0.3442
0.109462
0.0556672
0.0701911
0.193594
0.3442
0.3442
0.102327
0.3442
0.199249
0.101198
0.172201
0.3442
0.3442
0.3442
0.3442
0.17938
0.0729173
0.202216
0.166551
0.0726077
0.3442
0.215429
0.0111557
0.0155768
0.0271441
0.191683
0.11872
0.292301
0.3442
0.0477698
0.0241108
0.100964
0.0481639
0.0251011
0.3442
0.127055
0.0568528
0.3442
0.3442
0.3442
0.122328
0.102894
0.109854
0.214948
0.3442
0.182527
0.3442
0.12332
0.3442
0.3442
0.0309349
0.0322317
0.3442
0.0110936
0.0146763
0.0748644
0.018487
0.3442
0.3442
0.0464324
0.3442
0.3442
0.0913216
0.3442
0.128127
0.3442
0.0777948
0.243226
0.158293
0.3442
0.3442
0.3442
0.00151892
0.3442
0.191548
0.0513151
0.153953
0.166772
0.184714
0.3442
0.3442
0.131861
0.192556
0.0795482
0.243652
0.184959
0.3442
0.3442
0.0740486
0.3442
0.3442
0.3442
0.124325
0.0327935
0.3442
0.211657
0.295766
0.3442
0.177502
0.00581443
0.0394291
0.124979
0.3442
0.3442
0.3442
0.142266
0.0636369
0.232562
0.3442
0.3442
0.073154
0.189047
0.3442
0.256199
0.00476432
0.14372
0.0809864
0.0222742
0.3442
0.3442
0.00673947
0.3442
0.113274
0.193195
0.3442
0.100368
0.110032
0.127179
0.196063
0.3442
0.192418
0.202788
0.0921215
0.157997
0.239488
0.179242
0.216268
0.3442
0.160199
0.0325427
0.163981
0.0291521
0.0278939
0.3442
0.3442
0.032594
0.0603544
0.3442
0.0357566
0.0359118
0.0680914
0.3442
0.3442
0.0429448
0.3442
0.0462446
0.12393
0.3442
0.166318
0.237017
0.3442
0.0371002
0.0791905
0.3442
0.3442
0.0279893
0.055431
0.0406964
0.0719886
0.090281
0.0657374
0.3442
0.3442
0.140752
0.0576258
0.188818
0.191897
0.0241853
0.07145
0.3442
0.0649323
0.3442
0.112833
0.168053
0.0924732
0.128332
0.3442
0.140942
0.124104
0.0767295
0.3442
0.051675
0.0636175
0.3442
0.143357
0.0282963
0.3442
0.00819289
0.3442
0.1173
0.3442
0.3442
0.0893981
0.00568222
0.0775736
0.164257
0.0574105
0.3442
0.176035
0.125234
0.3442
0.3442
0.157308
0.3442
0.196672
0.182913
0.1271
0.240127
0.195562
0.3442
0.3442
0.142204
0.0124976
0.3442
0.0523612
0.3442
0.3442
0.0376458
0.0110755
0.3442
0.185016
0.3442
0.151734
0.169872
0.0296007
0.3442
0.3442
0.3442
0.139657
0.126198
0.185637
0.3442
0.3442
0.3442
0.00576655
0.3442
0.0089922
0.160553
0.180201
0.0799428
0.156047
0.3442
0.0370593
0.3442
0.0307024
0.0928777
0.3442
0.147566
0.3442
0.3442
0.0105138
0.17288
0.133551
0.3442
0.3442
0.3442
0.3442
0.195786
0.3442
0.148672
0.3442
0.3442
0.3442
0.00235
0.0551096
0.178517
0.0389027
0.138428
0.114701
0.0397198
0.3442
0.0977199
0.137108
0.3442
0.0760696
0.169607
0.0944997
0.3442
0.3442
0.168238
0.0806486
0.121665
0.3442
0.0912397
0.199467
0.261497
0.0535144
0.3442
0.039478
0.3442
0.3442
0.3442
0.0867311
0.3442
0.150462
0.174112
0.103787
0.3442
0.130955
0.3442
0.169694
0.3442
0.3442
0.00478186
0.187495
0.3442
0.189924
0.175663
0.3442
0.173406
0.068368
0.3442
0.3442
0.161001
0.3442
0.0561801
0.3442
0.3442
0.3442
0.3442
0.3442
0.3442
0.3442
0.233577
0.172204
0.3442
0.0299298
0.3442
0.202678
0.111306
0.3442
0.0488171
0.0197006
0.3442
0.3442
0.190812
0.3442
0.0773218
0.0542602
0.3442
0.0201352
0.185049
0.0297165
0.197081
0.3442
0.17355
0.3442
0.3442
0.0658857
0.3442
0.3442
0.244948
0.3442
0.194395
0.0855387
0.0291662
0.191438
0.00786826
0.0170049
0.0469475
0.330573
0.165444
0.0331491
0.3442
0.3442
0.3442
0.3442
0.133956
0.193297
0.0666474
0.3442
0.0102141
0.198512
0.3442
0.3442
0.093715
0.3442
0.043824
0.132559
0.3442
0.0257437
0.00299119
0.3442
0.228733
0.0227261
0.278582
0.177533
0.3442
0.3442
0.0974281
0.116694
0.3442
0.0979574
0.3442
0.3442
0.3442
0.000677471
0.3442
0.136925
0.3442
0.3442
0.3442
0.0398321
0.0958488
0.123062
0.3442
0.0571449
0.3442
0.3442
0.3442
0.3442
0.3442
0.3442
0.0566893
0.183139
0.3442
0.15099
0.3442
0.156289
0.3442
0.185338
0.0113477
0.3442
0.3442
0.133113
0.173534
0.3442
0.17421
0.0740975
0.115222
0.151262
0.0344551
0.3442
0.304404
0.3442
0.148375
0.159938
0.0745137
0.0906228
0.3442
0.0767763
0.0196993
0.111533
0.3442
0.223811
0.3442
0.100003
0.139679
0.3442
0.193609
0.3442
0.3442
0.0985038
0.3442
0.171333
0.170584
0.0996613
0.3442
0.175042
0.161501
0.3442
0.3442
0.22301
0.3442
0.196972
0.3442
0.0425239
0.00816363
0.0766311
0.0836062
0.3442
0.191391
0.192318
0.3442
0.3442
0.0824923
0.3442
0.0154964
0.3442
0.164149
0.164891
0.20683
0.0440744
0.0195198
0.163021
0.0464557
0.199292
0.3442
0.147551
0.3442
0.17116
0.3442
0.101795
0.0535221
0.0307016
0.0509454
0.043708
0.128175
0.108736
0.143857
0.0242287
0.195611
0.132832
0.3442
0.141802
0.0681589
0.3442
0.3442
0.0796971
0.3442
0.3442
0.0276251
0.00910602
0.00899881
0.3442
0.3442
0.0297695
0.3442
0.3442
0.131477
0.3442
0.00339809
0.0927855
0.130101
0.3442
0.154426
0.207298
0.3442
0.20714
0.3442
0.134735
0.0219011
0.3442
0.166366
0.3442
0.156421
0.101183
0.3442
0.3442
0.0318103
0.184263
0.0504278
0.3442
0.152121
0.0633387
0.209164
0.0534149
0.3442
0.3442
0.128415
0.3442
0.0431958
0.0741285
0.135069
0.100248
0.3442
0.3442
0.118888
0.3442
0.111692
0.120929
0.104693
0.3442
0.190289
0.183431
0.12729
0.181798
0.3442
0.0664703
0.228398
0.3442
0.0551891
0.0216046
0.3442
0.3442
0.0106841
0.149201
0.114511
0.3442
0.0921494
0.00362488
0.3442
0.0377373
0.00957648
0.04786
0.3442
0.3442
0.151084
0.174542
0.3442
0.3442
0.0461256
0.0147332
0.0800315
0.133
0.046579
0.3442
0.0551719
0.3442
0.3442
0.0153755
0.0191331
0.3442
0.111945
0.3442
0.0299167
0.185775
0.0378593
0.135463
0.174545
0.3442
0.240678
0.0369984
0.3442
0.190764
0.0216301
0.3442
0.254973
0.3442
0.0883593
0.3442
0.101268
0.3442
0.3442
0.174732
0.3442
0.220148
0.196213
0.182692
0.3442
0.3442
0.173885
0.109395
0.0170575
0.3442
0.3442
0.178503
0.163869
0.118108
0.0169141
0.295284
0.3442
0.0208943
0.131482
0.0822581
0.139561
0.3442
0.18088
0.3442
0.3442
0.3442
0.147433
0.0732147
0.3442
0.15794
0.3442
0.3442
0.3442
0.3442
0.16492
0.3442
0.3442
0.152375
0.175399
0.0955805
0.167387
0.3442
0.173774
0.184807
0.111243
0.3442
0.0914816
0.3442
0.151565
0.00127112
0.0726757
0.0812797
0.3442
0.026069
0.3442
0.3442
0.3442
0.0918842
0.3442
0.199202
0.0134847
0.3442
0.0356954
0.3442
0.0429912
0.0340611
0.3442
0.257155
0.3442
0.0397711
0.3442
0.0163409
0.3442
0.00244011
0.3442
0.162466
0.3442
0.215527
0.216955
0.3442
0.187607
0.3442
0.154457
0.0630117
0.190588
0.3442
0.3442
0.3442
0.156923
0.0297434
0.3442
0.3442
0.3442
0.11743
0.183596
0.194274
0.150794
0.0869864
0.0262965
0.178684
0.197461
0.3442
0.3442
0.0199243
0.0556812
0.245264
0.3442
0.3442
0.3442
0.3442
0.3442
0.0471131
0.18892
0.10045
0.3442
0.008912
0.3442
0.0935731
0.099245
0.3442
0.182579
0.3442
0.3442
0.3442
0.3442
0.0593477
0.0431408
0.122613
0.187647
0.196242
0.3442
0.0906507
0.3442
0.3442
0.0987514
0.3442
0.0719573
0.044436
0.0193867
0.166029
0.0954902
0.121818
0.3442
0.0197595
0.0222459
0.0434976
0.3442
0.0223306
0.3442
0.00143533
0.182274
0.3442
0.3442
0.183277
0.3442
0.159779
0.3442
0.06985
0.3442
0.091646
0.3442
0.3442
0.3442
0.3442
0.3442
0.14587
0.0934157
0.3442
0.0431578
0.0106826
0.121786
0.3442
0.3442
0.0433196
0.0314963
0.0845611
0.155266
0.103205
0.0683443
0.0725156
0.0814353
0.3442
0.3442
0.3442
0.188256
0.0383358
0.3442
0.184649
0.3442
0.181846
0.0867891
0.3442
0.3442
0.3442
0.0869266
0.3442
0.3442
0.053863
0.0276272
0.163707
0.3442
0.3442
0.118371
0.163339
0.3442
0.3442
0.3442
0.132703
0.107147
0.18676
0.180445
0.3442
0.154421
0.190823
0.16333
0.168735
0.0405012
0.3442
0.215254
0.3442
0.160113
0.224082
0.0611413
0.3442
0.11891
0.0426167
0.3442
0.3442
0.042441
0.0247971
0.3442
0.3442
0.186174
0.3442
0.3442
0.0784251
0.0869535
0.104367
0.0879536
0.28495
0.19578
0.141986
0.0309614
0.3442
0.3442
0.0046691
0.0527496
0.0472184
0.00190469
0.00957122
0.163144
0.3442
0.3442
0.173478
0.194796
0.0889566
0.3442
0.3442
0.0731454
0.0942016
0.0348339
0.3442
0.3442
0.189433
0.152836
0.107162
0.0351263
0.3442
0.136729
0.3442
0.3442
0.000502852
0.138229
0.3442
0.0341706
0.083255
0.187576
0.0622629
0.0863634
0.174301
0.0961618
0.3442
0.0792502
0.0572355
0.129319
0.00308779
0.181066
0.3442
0.3442
0.3442
0.3442
0.3442
0.0567249
0.122991
0.126743
0.139334
0.3442
0.3442
0.0877374
0.214694
0.0389777
0.165415
0.123532
0.3442
0.3442
0.198878
0.114838
0.3442
0.3442
0.3442
0.3442
0.0315132
0.143262
0.3442
0.00497215
0.3442
0.172229
0.199061
0.3442
0.151111
0.087552
0.3442
0.3442
0.087607
0.0300795
0.17648
0.219838
0.122219
0.165528
0.0352453
0.3442
0.3442
0.10516
0.3442
0.019482
0.3442
0.3442
0.0452508
0.196105
0.150408
0.0602386
0.0430892
0.10339
0.0627838
0.3442
0.138458
0.196765
0.3442
0.111574
0.3442
0.3442
0.218925
0.0646813
0.101179
0.3442
0.180009
0.3442
0.00220327
0.3442
0.3442
0.164383
0.266214
0.0138076
0.3442
0.0908513
0.141103
0.194377
0.147741
0.0708799
0.175185
0.0122186
0.3442
0.212997
0.0438672
0.150938
0.168626
0.3442
0.3442
0.00217562
0.3442
0.053927
0.141082
0.3442
0.3442
0.3442
0.3442
0.193106
0.3442
0.3442
0.110527
0.0875384
0.3442
0.122938
0.00127826
0.3442
0.193513
0.0123002
0.3442
0.104834
0.3442
0.3442
0.3442
0.158478
0.0679136
0.129346
0.3442
0.3442
0.3442
0.3442
0.126291
0.224275
0.3442
0.0564453
0.0117871
0.3442
0.18848
0.263671
0.3442
0.3442
0.0582907
0.0622622
0.155776
0.3442
0.3442
0.3442
0.0556644
0.3442
0.163753
0.175327
0.3442
0.0211499
0.3442
0.3442
0.3442
0.3442
0.3442
0.3442
0.127189
0.3442
0.128269
0.157812
0.160768
0.0552692
0.0294354
0.182279
0.0754146
0.0646332
0.3442
0.0721114
0.3442
0.209779
0.0440955
0.0384443
0.187862
0.3442
0.3442
0.151228
0.00164101
0.3442
0.3442
0.3442
0.0529436
0.0383996
0.3442
0.0263072
0.3442
0.3442
0.114334
0.0663291
0.00666379
0.3442
0.163898
0.3442
0.3442
0.3442
0.0264237
0.0323094
0.134242
0.3442
0.0151346
0.133341
0.246651
0.151848
0.15612
0.0225205
0.152235
0.3442
0.3442
0.228669
0.3442
0.3442
0.0263597
0.15871
0.053693
0.3442
0.3442
0.0085232
0.3442
0.3442
0.0706676
0.3442
0.114647
0.3442
0.171033
0.0533188
0.3442
0.174082
0.149847
0.187814
0.3442
0.3442
0.3442
0.3442
0.3442
0.3442
0.3442
0.3442
0.0572678
0.3442
0.3442
0.0399821
0.213335
0.151032
0.00932833
0.3442
0.124166
0.0205395
0.117333
0.3442
0.127047
0.3442
0.166959
0.3442
0.0773615
0.3442
0.3442
0.0587799
0.0346224
0.0229165
0.3442
0.130115
0.0106749
0.3442
0.3442
0.3442
0.0374804
0.142765
0.184129
0.3442
0.0653439
0.0619115
0.010544
0.3442
0.3442
0.3442
0.3442
0.3442
0.108331
0.0232388
0.3442
0.0639443
0.3442
0.116727
0.0415463
0.0984947
0.3442
0.3442
0.08691
0.188722
0.3442
0.109353
0.138377
0.3442
0.3442
0.3442
0.3442
0.127639
0.3442
0.3442
0.0978809
0.181637
0.3442
0.0828627
0.0379106
0.0215757
0.176597
0.3442
0.3442
0.3442
0.3442
0.158113
0.3442
0.3442
0.160033
0.100524
0.0451651
0.0381451
0.3442
0.187412
0.3442
0.164428
0.3442
0.3442
0.107087
0.3442
0.10751
0.3442
0.0810849
0.00838358
0.3442
0.0509454
0.102176
0.16441
0.3442
0.3442
0.0577005
0.0264816
0.031914
0.3442
0.0998398
0.0403923
0.00612016
0.019101
0.3442
0.3442
0.3442
0.3442
0.3442
0.3442
0.3442
0.196177
0.3442
0.192411
0.175099
0.112795
0.0303809
0.229719
0.3442
0.3442
0.3442
0.00834472
0.18238
0.0553421
0.103036
0.3442
0.0149817
0.3442
0.193599
0.161702
0.0289575
0.17945
0.152063
0.3442
0.186505
0.23263
0.168665
0.175314
0.0869422
0.3442
0.112249
0.149315
0.3442
0.00354801
0.3442
0.3442
0.161644
0.3442
0.3442
0.0890655
0.1954
0.212787
0.185074
0.3442
0.3442
0.3442
0.3442
0.3442
0.187084
0.3442
0.3442
0.0273387
0.0522689
0.3442
0.177017
0.146128
0.3442
0.195493
0.3442
0.3442
0.3442
0.3442
0.189657
0.3442
0.3442
0.3442
0.170905
0.168618
0.152077
0.190394
0.154778
0.3442
0.0367503
0.3442
0.218407
0.300363
0.0109364
0.3442
0.168065
0.112065
0.143775
0.0266592
0.3442
0.105949
0.197322
0.3442
0.00666988
0.180912
0.0572694
0.3442
0.3442
0.136929
0.3442
0.3442
0.147567
0.3442
0.202699
0.3442
0.3442
0.174744
0.0231045
0.172749
0.191512
0.3442
0.3442
0.3442
0.0550583
0.197292
0.0329094
0.3442
0.0306341
0.00404451
0.0966708
0.3442
0.3442
0.3442
0.3442
0.126838
0.122809
0.0531991
0.3442
0.106889
0.157146
0.0912554
0.0196591
0.00169809
0.3442
0.159039
0.140539
0.146629
0.192409
0.3442
0.3442
0.164733
0.3442
0.178463
0.3442
0.140725
0.0592669
0.3442
0.0787866
0.268847
0.3442
0.3442
0.3442
0.00381077
0.116827
0.3442
0.167225
0.308014
0.304432
0.191657
0.127607
0.0960364
0.0941938
0.0769674
0.136967
0.3442
0.3442
0.0821068
0.3442
0.195844
0.00565658
0.3442
0.3442
0.0143886
0.3442
0.0947429
0.156106
0.0583488
0.3442
0.0394115
0.146508
0.3442
0.134698
0.3442
0.180951
0.233253
0.0117276
0.3442
0.3442
0.192136
0.171226
0.3442
0.189654
0.0409003
0.13798
0.189002
0.3442
0.3442
0.183224
0.3442
0.0988525
0.212184
0.3442
0.3004
0.184221
0.3442
0.0445833
0.3442
0.3442
0.3442
0.146173
0.00265488
0.124185
0.06561
0.183355
0.17558
0.3442
0.112924
0.0190586
0.3442
0.00961981
0.011009
0.3442
0.3442
0.3442
0.3442
0.3442
0.328432
0.19587
0.147761
0.216706
0.0323052
0.0603646
0.118981
0.175846
0.3442
0.3442
0.039639
0.208737
0.119485
0.3442
0.0931589
0.11486
0.194877
0.0987251
0.064229
0.114914
0.0366003
0.0252527
0.3442
0.3442
0.0882248
0.192951
0.0473555
0.3442
0.0476137
0.0628645
0.0250019
0.3442
0.3442
0.3442
0.3442
0.00989945
0.3442
0.3442
0.3442
0.3442
0.3442
0.083366
0.0666894
0.147189
0.0548899
0.142959
0.3442
0.117959
0.0582105
0.230036
0.3442
0.3442
0.3442
0.180017
0.0351185
0.18884
0.3442
0.325157
0.017181
0.15605
0.3442
0.00118122
0.3442
0.00527966
0.080688
0.0886006
0.184326
0.181386
0.127152
0.3442
0.109669
0.067425
0.3442
0.071731
0.3442
0.3442
0.180106
0.3442
0.3442
0.3442
0.3442
0.182232
0.3442
0.0663326
0.3442
0.165908
0.3442
0.3442
0.3442
0.0739068
0.3442
0.104136
0.3442
0.0609022
0.3442
0.3442
0.3442
0.110441
0.3442
0.159266
0.3442
0.3442
0.0268602
0.0116213
0.126089
0.3442
0.3442
0.3442
0.127109
0.150933
0.156717
0.3442
0.0520453
0.3442
0.3442
0.145614
0.3442
0.3442
0.0624066
0.232307
0.3442
0.0472227
0.3442
0.3442
0.3442
0.157661
0.3442
0.0271988
0.3442
0.3442
0.00440436
0.232382
0.0558691
0.3442
0.154095
0.3442
0.0263212
0.0996363
0.27824
0.3442
0.3442
0.0182501
0.3442
0.036352
0.3442
0.3442
0.0198216
0.3442
0.0683344
0.0171528
0.181088
0.3442
0.3442
0.165225
0.3442
0.0357204
0.0509181
0.121107
0.3442
0.3442
0.215744
0.129182
0.193272
0.3442
0.209487
0.0462195
0.3442
0.3442
0.0380101
0.202669
0.184872
0.0524363
0.3442
0.120687
0.176643
0.3442
0.0989181
0.190016
0.211338
0.0752713
0.3442
0.3442
0.0438576
0.3442
0.00696219
0.3442
0.00784003
0.3442
0.3442
0.135333
0.188014
0.3442
0.193209
0.3442
0.3442
0.156506
0.060892
0.3442
0.0448401
0.0627017
0.188911
0.3442
0.3442
0.176186
0.0561863
0.3442
0.176628
0.145084
0.3442
0.3442
0.00565653
0.184387
0.3442
0.266971
0.3442
0.110453
0.170144
0.3442
0.0648258
0.0529996
0.210539
0.3442
0.3442
0.138483
0.0310785
0.180463
0.3442
0.1196
0.207929
0.3442
0.0305509
0.3442
0.0429701
0.3442
0.3442
0.3442
0.3442
0.188934
0.0307062
0.131916
0.326753
0.0808353
0.047965
0.190561
0.3442
0.3442
0.3442
0.175242
0.179705
0.0430025
0.145849
0.3442
0.192851
0.104185
0.3442
0.194725
0.035029
0.3442
0.0892014
0.3442
0.000306708
0.0232602
0.196568
0.00584279
0.3442
0.3442
0.0810864
0.0768411
0.3442
0.3442
0.3442
0.190228
0.122681
0.3442
0.0211258
0.018067
0.199398
0.190999
0.0177578
0.0927147
0.0146111
0.0722097
0.0717402
0.3442
0.108472
0.0161321
0.0899686
0.222398
0.3442
0.3442
0.3442
0.0879222
0.0350264
0.112863
0.190212
0.162281
0.3442
0.104673
0.235217
0.247445
0.3442
0.0653705
0.148784
0.198175
0.0324447
0.143024
0.3442
0.3442
0.0233884
0.198023
0.0381293
0.0497223
0.170543
0.3442
0.00237702
0.147343
0.3442
0.0926854
0.3442
0.0443093
0.0189353
0.109614
0.062699
0.0179625
0.3442
0.3442
0.3442
0.0820015
0.0077807
0.0648375
0.3442
0.3442
0.0678976
0.157592
0.181966
0.3442
0.0710329
0.3442
0.0394957
0.3442
0.3442
0.0249458
0.194629
0.3442
0.3442
0.191107
0.162956
0.0214309
0.00971536
0.165947
0.00746487
0.3442
0.015265
0.3442
0.3442
0.3442
0.3442
0.190616
0.0421154
0.3442
0.0952914
0.00849062
0.110806
0.3442
0.0817444
0.0668374
0.0354092
0.3442
0.164307
0.0130188
0.131392
0.3442
0.0244671
0.00581165
0.149395
0.103583
0.122091
0.152965
0.033498
0.0424844
0.147302
0.186508
0.192726
0.3442
0.3442
0.3442
0.3442
0.142967
0.3442
0.3442
0.162781
0.0613378
0.3442
0.0185265
0.3442
0.3442
0.0230027
0.3442
0.0447191
0.0149147
0.3442
0.3442
0.207778
0.0344648
0.0513819
0.06265
0.121266
0.0795786
0.3442
0.3442
0.169735
0.197268
0.3442
0.3442
0.102179
0.17925
0.127767
0.00282433
0.3442
0.137666
0.176758
0.3442
0.128475
0.3442
0.3442
0.156209
0.0388833
0.3442
0.0662217
0.3442
0.011803
0.3442
0.155948
0.3442
0.115807
0.3442
0.3442
0.3442
0.00968458
0.0354407
0.0247179
0.308652
0.0930279
0.3442
0.127176
0.0378428
0.0515236
0.00352631
0.160397
0.0512932
0.3442
0.285024
0.190032
0.0794365
0.3442
0.3442
0.3442
0.3442
0.3442
0.3442
0.120843
0.187432
0.195515
0.238033
0.3442
0.3442
0.3442
0.10213
0.0667336
0.3442
0.0390446
0.3442
0.158239
0.119611
0.3442
0.3442
0.3442
0.3442
0.064953
0.112865
0.162142
0.225793
0.0615303
0.0240097
0.1687
0.173981
0.0188447
0.156738
0.0112478
0.128506
0.3442
0.3442
0.10549
0.3442
0.0830294
0.3442
0.0101094
0.175212
0.3442
0.0160306
0.152646
0.3442
0.0150286
0.169092
0.0371881
0.0585802
0.3442
0.152295
0.0436722
0.129166
0.181339
0.3442
0.0421919
0.0990308
0.3442
0.15888
0.3442
0.3442
0.190566
0.0510031
0.3442
0.103782
0.00503555
0.0931303
0.3442
0.3442
0.0233998
0.3442
0.0406855
0.0325112
0.3442
0.3442
0.0790887
0.221701
0.3442
0.3442
0.3442
0.161787
0.3442
0.000457205
0.3442
0.3442
0.282134
0.111559
0.220838
0.3442
0.3442
0.3442
0.196226
0.180189
0.0655262
0.3442
0.0954013
0.069425
0.168586
0.0701002
0.180654
0.223845
0.197354
0.126146
0.3442
0.148971
0.115335
0.050935
0.3442
0.196109
0.0837175
0.0570581
0.133538
0.177528
0.3442
0.133187
0.3442
0.3442
0.3442
0.158263
0.3442
0.3442
0.140583
0.0459836
0.3442
0.3442
0.0110208
0.167658
0.3442
0.3442
0.151652
0.3442
0.3442
0.210057
0.3442
0.0237629
0.3442
0.3442
0.201699
0.00848204
0.187299
0.3442
0.3442
0.3442
0.133079
0.114177
0.3442
0.3442
0.139364
0.0460655
0.3442
0.3442
0.0156303
0.0369602
0.00705736
0.185036
0.138351
0.0408051
0.3442
0.3442
0.17515
0.327447
0.105502
0.163076
0.171397
0.150052
0.176146
0.119186
0.3442
0.106682
0.3442
0.3442
0.3442
0.000297835
0.0392953
0.0993573
0.0342034
0.1884
0.0894223
0.125593
0.194528
0.3442
0.0765979
0.208142
0.157723
0.3442
0.143723
0.3442
0.3442
0.0038425
0.3442
0.3442
0.0505999
0.0109183
0.3442
0.0206824
0.0830758
0.3442
0.071501
0.3442
0.168443
0.0229025
0.3442
0.18473
0.3442
0.185222
0.0774671
0.00568139
0.3442
0.118541
0.3442
0.0346842
0.0147507
0.3442
0.3442
0.101832
0.194549
0.0713678
0.175158
0.0108346
0.078267
0.3442
0.3442
0.0493825
0.3442
0.3442
0.121222
0.3442
0.3442
0.3442
0.194155
0.179798
0.0229743
0.3442
0.3442
0.3442
0.0569305
0.186028
0.3442
0.3442
0.135825
0.138771
0.3442
0.124555
0.3442
0.3442
0.3442
0.0570304
0.3442
0.3442
0.00634246
0.3442
0.00802219
0.249977
0.00689841
0.3442
0.3442
0.187371
0.0859852
0.3442
0.184798
0.3442
0.17895
0.149482
0.0445564
0.1792
0.3442
0.0969873
0.3442
0.3442
0.201182
0.0613905
0.3442
0.3442
0.18377
0.15533
0.174742
0.204629
0.172761
0.0989824
0.3442
0.3442
0.3442
0.0796505
0.237628
0.0537129
0.3442
0.0701285
0.0820137
0.00692724
0.16411
0.178909
0.044774
0.0553282
0.201033
0.0388908
0.3442
0.0818584
0.152918
0.3442
0.0146049
0.3442
0.0881899
0.0594244
0.111531
0.0864578
0.125593
0.0864344
0.3442
0.3442
0.0112092
0.3442
0.139874
0.172575
0.3442
0.0140578
0.088267
0.0370392
0.0309277
0.12837
0.3442
0.326503
0.134305
0.109688
0.0924207
0.3442
0.0211928
0.0149665
0.3442
0.322583
0.189213
0.3442
0.190002
0.3442
0.153931
0.107817
0.334388
0.3442
0.0695855
0.0667358
0.3442
0.126174
0.0661374
0.0477375
0.3442
0.0137945
0.0580917
0.3442
0.3442
0.0502855
0.3442
0.3442
0.147115
0.0996235
0.00639215
0.121323
0.148363
0.0927482
0.106721
0.3442
0.0927444
0.3442
0.3442
0.146287
0.012057
0.153536
0.3442
0.246063
0.3442
0.0367431
0.193968
0.1821
0.3442
0.145849
0.05135
0.213815
0.167336
0.3442
0.127689
0.3442
0.3442
0.176641
0.112938
0.3442
0.175157
0.3442
0.3442
0.0573297
0.196568
0.17911
0.3442
0.3442
0.3442
0.3442
0.3442
0.182036
0.3442
0.0817455
0.0249286
0.0431403
0.3442
0.12903
0.0649206
0.0345232
0.0200055
0.27623
0.232973
0.186858
0.0953349
0.0886108
0.114468
0.3442
0.3442
0.179644
0.3442
0.3442
0.0778406
0.3442
0.3442
0.0198818
0.122407
0.3442
0.173086
0.3442
0.221531
0.3442
0.3442
0.3442
0.3442
0.3442
0.107523
0.0771358
0.250519
0.0127305
0.3442
0.3442
0.3442
0.3442
0.3442
0.3442
0.0587034
0.3442
0.221668
0.3442
0.0403708
0.3442
0.0161549
0.191396
0.116591
0.160431
0.3442
0.182791
0.120766
0.0726562
0.0057897
0.219612
0.3442
0.3442
0.111363
0.3442
0.025542
0.0174829
0.0180873
0.0356641
0.3442
0.3442
0.3442
0.180986
0.3442
0.186173
0.13801
0.3442
0.3442
0.148489
0.189301
0.169116
0.11955
0.3442
0.000286114
0.3442
0.179392
0.179953
0.126966
0.201738
0.3442
0.3442
0.3442
0.3442
0.0571753
0.3442
0.3442
0.3442
0.3442
0.3442
0.3442
0.163964
0.0309065
0.0838344
0.3442
0.116387
0.3442
0.202797
0.3442
0.214602
0.0750305
0.3442
0.3442
0.241708
0.00197257
0.186308
0.118143
0.0930663
0.00699184
0.3442
0.3442
0.194893
0.119279
0.3442
0.059173
0.111804
0.232404
0.0573473
0.0984934
0.180418
0.169504
0.3442
0.190668
0.3442
0.3442
0.132747
0.3442
0.3442
0.0785492
0.117406
0.18989
0.3442
0.100921
0.172335
0.3442
0.3442
0.203642
0.326093
0.119551
0.106871
0.234939
0.3442
0.3442
0.10877
0.116777
0.232719
0.3442
0.0877786
0.3442
0.0719793
0.3442
0.3442
0.3442
0.0694225
0.3442
0.184265
0.00641304
0.175478
0.3442
0.3442
0.3442
0.3442
0.3442
0.103771
0.3442
0.0329703
0.3442
0.166955
0.10816
0.3442
0.245006
0.3442
0.0980056
0.3442
0.017079
0.3442
0.3442
0.151886
0.099063
0.0140197
0.0336737
0.192545
0.12174
0.3442
0.3442
0.3442
0.0467583
0.0371145
0.3442
0.0919851
0.0770332
0.14808
0.3442
0.3442
0.3442
0.032841
0.0717288
0.3442
0.3442
0.217076
0.3442
0.0392056
0.0911453
0.0716469
0.0908709
0.154481
0.168628
0.282725
0.0366686
0.162272
0.122826
0.0154827
0.0144621
0.3442
0.279016
0.0388373
0.118077
0.0875358
0.233807
0.3442
0.3442
0.12897
0.3442
0.186664
0.0108019
0.00819899
0.0606315
0.0533474
0.3442
0.176062
0.0053432
0.0168967
0.3442
0.3442
0.184902
0.3442
0.00434268
0.3442
0.0141393
0.000265207
0.3442
0.164892
0.0547743
0.3442
0.0142571
0.176851
0.0548285
0.3442
0.193107
0.3442
0.148793
0.3442
0.0373565
0.153207
0.0434274
0.3442
0.065778
0.220495
0.211706
0.3442
0.06791
0.210847
0.3442
0.3442
0.227304
0.00499949
0.194137
0.016278
0.3442
0.3442
0.0719782
0.3442
0.3442
0.126953
0.00766761
0.3442
0.181882
0.3442
0.20022
0.3442
0.3442
0.3442
0.205535
0.3442
0.182191
0.192374
0.186106
0.0894595
0.15206
0.3442
0.0340715
0.3442
0.022457
0.3442
0.3442
0.118953
0.0269349
0.00395448
0.102992
0.0851405
0.3442
0.161902
0.148364
0.3442
0.159236
0.229511
0.167052
0.064843
0.3442
0.00621554
0.180129
0.176036
0.0790136
0.3442
0.060873
0.0675699
0.0714295
0.3442
0.3442
0.3442
0.3442
0.132653
0.169777
0.148675
0.3442
0.3442
0.0929589
0.0812521
0.3442
0.083739
0.3442
0.213595
0.3442
0.120287
0.0318854
0.183752
0.0834347
0.3442
0.3442
0.3442
0.3442
0.3442
0.189177
0.163439
0.041903
0.0194688
0.0418394
0.3442
0.3442
0.161697
0.00712128
0.087952
0.117229
0.3442
0.130236
0.216735
0.0990556
0.162867
0.3442
0.221075
0.3442
0.102346
0.181033
0.3442
0.0424408
0.3442
0.0544632
0.3442
0.3442
0.00244787
0.3442
0.000307468
0.0136832
0.3442
0.150847
0.0740539
0.3442
0.0434151
0.161708
0.0222528
0.3442
0.00581737
0.3442
0.3442
0.04415
0.3442
0.3442
0.201522
0.3442
0.3442
0.0501428
0.182363
0.3442
0.182022
0.0568897
0.3442
0.3442
0.186699
0.168521
0.3442
0.0877653
0.199521
0.247395
0.0849557
0.3442
0.270214
0.3442
0.155735
0.3442
0.3442
0.207113
0.3442
0.3442
0.0953646
0.1917
0.134353
0.161393
0.193304
0.3442
0.0780048
0.188281
0.0753975
0.3442
0.3442
0.040076
0.112995
0.3442
0.026694
0.0889286
0.162815
0.0411328
0.202963
0.0617492
0.0766326
0.3442
0.0838088
0.0187479
0.0895427
0.133689
0.0245401
0.109213
0.3442
0.09979
0.180439
0.3442
0.236351
0.3442
0.190107
0.3442
0.0539732
0.0832716
0.0555054
0.3442
0.3442
0.21346
0.3442
0.142898
0.146104
0.3442
0.18898
0.3442
0.0413376
0.3442
0.3442
0.3442
0.3442
0.3442
0.3442
0.122818
0.3442
0.018577
0.0973135
0.00325894
0.127888
0.02387
0.3442
0.0599202
0.3442
0.3442
0.289801
0.3442
0.3442
0.122963
0.3442
0.138676
0.3442
0.3442
0.3442
0.167892
0.0458364
0.3442
0.187329
0.3442
0.1569
0.151621
0.3442
0.195012
0.0633747
0.176009
0.130733
0.138951
0.0703211
0.193018
0.0534308
0.185745
0.3442
0.3442
0.3442
0.185496
0.039101
0.0623053
0.3442
0.0187195
0.166707
0.171319
0.201102
0.0888203
0.3442
0.3442
0.3442
0.3442
0.00259348
0.185623
0.3442
0.103831
0.3442
0.0345608
0.3442
0.3442
0.101247
0.3442
0.139553
0.0681336
0.0810337
0.112733
0.3442
0.164695
0.0706056
0.0595129
0.3442
0.20406
0.159034
0.155474
0.0197575
0.213667
0.126538
0.145019
0.0290811
0.0283263
0.0395801
0.183554
0.3442
0.20317
0.3442
0.00132908
0.104013
0.0965547
0.0281479
0.126218
0.3442
0.3442
0.0503677
0.14444
0.0909988
0.3442
0.129379
0.3442
0.08055
0.3442
0.3442
0.228041
0.3442
0.3442
0.3442
0.0631092
0.0462095
0.182956
0.3442
0.3442
0.271832
0.3442
0.0926575
0.108849
0.3442
0.188746
0.3442
0.3442
0.0764307
0.0174434
0.3442
0.3442
0.3442
0.3442
0.3442
0.0535601
0.118143
0.3442
0.215709
0.3442
0.3442
0.212364
0.111689
0.3442
0.188655
0.183489
0.0927845
0.3442
0.3442
0.0285536
0.0722561
0.189047
0.125774
0.0591004
0.3442
0.110777
0.0995876
0.3442
0.0902735
0.200951
0.3442
0.150874
0.155534
0.193048
0.0249262
0.3442
0.3442
0.3442
0.3442
0.228651
0.3442
0.3442
0.3442
0.189153
0.126822
0.3442
0.0187925
0.142574
0.3442
0.3442
0.0182192
0.3442
0.190923
0.19604
0.3442
0.3442
0.0196291
0.0263432
0.3442
0.3442
0.3442
0.3442
0.0883322
0.219607
0.0311874
0.3442
0.170588
0.188319
0.123239
0.144951
0.3442
0.3442
0.3442
0.130102
0.0447488
0.237194
0.0175971
0.3442
0.173848
0.0497558
0.3442
0.113077
0.079102
0.3442
0.0869958
0.190035
0.3442
0.3442
0.3442
0.3442
0.3442
0.3442
0.128135
0.3442
0.0483699
0.0796128
0.136864
0.116043
0.3442
0.00210167
0.3442
0.3442
0.3442
0.3442
0.3442
0.0753877
0.149852
0.126369
0.155553
0.221562
0.173574
0.25807
0.0209141
0.0862928
0.0673851
0.0137161
0.0504291
0.3442
0.135005
0.3442
0.0204578
0.00173978
0.0826166
0.0743303
0.3442
0.3442
0.0998332
0.227222
0.121387
0.0392881
0.184349
0.3442
0.3442
0.0132605
0.3442
0.0266884
0.3442
0.3442
0.3442
0.097005
0.3442
0.237607
0.00525412
0.3442
0.3442
0.3442
0.183701
0.3442
0.0151687
0.145336
0.3442
0.0632523
0.0450509
0.0475024
0.3442
0.0521843
0.0699072
0.0213474
0.3442
0.0784045
0.0499094
0.184554
0.160478
0.3442
0.3442
0.3442
0.0745956
0.135965
0.3442
0.0349441
0.3442
0.3442
0.148717
0.190679
0.225163
0.168068
0.3442
0.00444391
0.0442344
0.19362
0.0345986
0.3442
0.3442
0.130263
0.3442
0.101173
0.18144
0.232536
0.108769
0.3442
0.3442
0.0919044
0.119852
0.3442
0.3442
0.19079
0.3442
0.0660911
0.10765
0.3442
0.3442
0.3442
0.0548388
0.160203
0.3442
0.0244086
0.130383
0.0267887
0.3442
0.060894
0.298347
0.0850702
0.3442
0.194278
0.215317
0.068938
0.059457
0.3442
0.0792948
0.3442
0.3442
0.0815457
0.1614
0.148798
0.0986583
0.0462027
0.100814
0.3442
0.3442
0.0332076
0.0945851
0.139427
0.3442
0.302643
0.0206718
0.104739
0.3442
0.117337
0.19424
0.119426
0.3442
0.3442
0.3442
0.184855
0.3442
0.3442
0.0855444
0.3442
0.0273205
0.3442
0.3442
0.176649
0.3442
0.3442
0.158076
0.3442
0.3442
0.3442
0.11215
0.240035
0.3442
0.0295337
0.3442
0.3442
0.3442
0.184696
0.3442
0.3442
0.0796061
0.3442
0.0924822
0.171433
0.3442
0.198666
0.0303156
0.0163996
0.0337588
0.182634
0.115594
0.147706
0.125189
0.197064
0.177289
0.0890337
0.0489351
0.0967048
0.3442
0.0394265
0.3442
0.122039
0.111899
0.00623411
0.3442
0.043746
0.078252
0.193414
0.195578
0.0245246
0.0139202
0.132931
0.164897
0.0288922
0.112619
0.3442
0.0429364
0.0580638
0.3442
0.0130234
0.0173787
0.182903
0.233698
0.171763
0.0678586
0.3442
0.0234881
0.0319496
0.191298
0.195916
0.0485313
0.0138869
0.039387
0.0488829
0.0575172
0.3442
0.3442
0.197263
0.0897998
0.166272
0.119277
0.3442
0.173849
0.159466
0.3442
0.3442
0.168095
0.3442
0.0282936
0.154487
0.00514802
0.3442
0.3442
0.160988
0.0492546
0.3442
0.3442
0.00764458
0.030013
0.169817
0.130898
0.3442
0.0707026
0.3442
0.196268
0.112623
0.210221
0.110387
0.043659
0.070309
0.0900197
0.3442
0.3442
0.3442
0.161825
0.196457
0.169798
0.196357
0.3442
0.0327659
0.15643
0.0858842
0.0256509
0.0901656
0.187406
0.3442
0.0524618
0.130062
