0.1217
0.1217
0.1217
0.1217
0.1217
0.101132
0.0788234
0.1217
0.1217
0.1217
0.1217
0.1217
0.1217
0.1217
0.1217
0.1217
0.1217
0.1217
0.1217
0.1217
0.1217
0.0116456
0.1217
0.1217
0.1217
0.1217
0.1217
0.1217
0.1217
0.1217
0.1217
0.1217
0.1217
0.1217
0.1217
0.1217
0.1217
0.0120183
0.1217
0.1217
0.1217
0.1217
0.1217
0.1217
0.1217
0.1217
0.1217
0.1217
0.1217
0.0836433
0.1217
0.00307721
0.1217
0.1217
0.1217
0.1217
0.1217
0.1217
0.1217
0.1217
0.0908811
0.1217
0.1217
0.1217
0.1217
0.0850535
0.1217
0.0943241
0.1217
0.1217
0.1217
0.1217
0.1217
0.1217
0.1217
0.1217
0.1217
0.1217
0.0827709
0.1217
0.1217
0.1217
0.1217
0.1217
0.1217
0.1217
0.1217
0.0171861
0.1217
0.1217
0.1217
0.1217
0.1217
0.1217
0.1217
0.1217
0.1217
0.1217
0.1217
0.1217
0.1217
0.1217
0.1217
0.1217
0.1217
0.0346351
0.1217
0.1217
0.1217
0.1217
0.1217
0.1217
0.1217
0.1217
0.1217
0.1217
0.1217
0.1217
0.1217
0.1217
0.1217
0.1217
0.1217
0.108611
0.0940405
0.1217
0.1217
0.1217
0.1217
0.1217
0.1217
0.1217
0.0281368
0.1217
0.0884897
0.1217
0.1217
0.1217
0.1217
0.1217
0.1217
0.1217
0.1217
0.1217
0.10844
0.1217
0.1217
0.1217
0.1217
0.1217
0.1217
0.1217
0.1217
0.1217
0.1217
0.0859021
0.1217
0.1217
0.1217
0.1217
0.116378
0.1217
0.0265727
0.1217
0.1217
0.1217
0.1217
0.0379165
0.1217
0.1217
0.1217
0.1217
0.1217
0.1217
0.1217
0.1217
0.1217
0.1217
0.1217
0.1217
0.1217
0.1217
0.1217
0.1217
0.1217
0.1217
0.1217
0.1217
0.1217
0.1217
0.1217
0.1217
0.1217
0.1217
0.1217
0.1217
0.1217
0.1217
0.1217
0.0318686
0.1217
0.1217
0.1217
0.1217
0.1217
0.1217
0.1217
0.1217
0.1217
0.0523642
0.1217
0.1217
0.1217
0.1217
0.1217
0.1217
0.1217
0.1217
0.1217
0.1217
0.1217
0.1217
0.1217
0.1217
0.1217
0.1217
0.1217
0.1217
0.1217
0.1217
0.1217
0.1217
0.1217
0.1217
0.1217
0.1217
0.1217
0.0342418
0.0692118
0.1217
0.1217
0.1217
0.105871
0.1217
0.1217
0.1217
0.1217
0.1217
0.1217
0.1182
0.1217
0.1217
0.1217
0.1217
0.1217
0.1217
0.1217
0.1217
0.0387527
0.101942
0.1217
0.1217
0.0828322
0.1217
0.1217
0.1217
0.1217
0.1217
0.1217
0.1217
0.0862345
0.1217
0.1217
0.1217
0.1217
0.1217
0.1217
0.1217
0.1217
0.1217
0.1217
0.1217
0.1217
0.1217
0.1217
0.0932696
0.1217
0.1217
0.1217
0.1217
0.1217
0.1217
0.1217
0.1217
0.1217
0.1217
0.1217
0.1217
0.1217
0.0855542
0.1217
0.1217
0.0317587
0.1217
0.1217
0.1217
0.1217
0.1217
0.1217
0.1217
0.1217
0.1217
0.1217
0.1217
0.1217
0.1217
0.1217
0.1217
0.1217
0.1217
0.1217
0.00746952
0.1217
0.0861727
0.1217
0.1217
0.0259807
0.1217
0.1217
0.1217
0.0336213
0.1217
0.1217
0.1217
0.1217
0.1217
0.1217
0.1217
0.1217
0.1217
0.1217
0.0647588
0.1217
0.1217
0.0217213
0.1217
0.1217
0.1217
0.1217
0.1217
0.1217
0.1217
0.1217
0.1217
0.0368547
0.1217
0.1217
0.1217
0.1217
0.1217
0.1217
0.115988
0.1217
0.0363555
0.0368805
0.1217
0.1217
0.1217
0.1217
0.1217
0.0361476
0.1217
0.0382353
0.1217
0.1217
0.1217
0.1217
0.1217
0.1217
0.1217
0.1217
0.1217
0.1217
0.0219635
0.1217
0.1217
0.1217
0.1217
0.110761
0.1217
0.1217
0.1217
0.0718981
0.0257276
0.1217
0.1217
0.1217
0.1217
0.1217
0.1217
0.1217
0.1217
0.1217
0.1217
0.1217
0.1217
0.1217
0.1217
0.0336054
0.1217
0.1217
0.1217
0.1217
0.1217
0.1217
0.034396
0.1217
0.105008
0.1217
0.1217
0.0766185
0.0347355
0.1217
0.1217
0.1217
0.1217
0.1217
0.1217
0.1217
0.1217
0.1217
0.1217
0.1217
0.1217
0.0317864
0.1217
0.1217
0.1217
0.1217
0.1217
0.1217
0.1217
0.1217
0.1217
0.1217
0.1217
0.1217
0.0888059
0.1217
0.1217
0.1217
0.0230264
0.00373326
0.1217
0.1217
0.0879414
0.1217
0.1217
0.1217
0.1217
0.1217
0.1217
0.1217
0.1217
0.1217
0.1217
0.1217
0.1217
0.1217
0.1217
0.1217
0.1217
0.1217
0.1217
0.1217
0.10837
0.1217
0.1217
0.1217
0.1217
0.1217
0.1217
0.1217
0.1217
0.1217
0.1217
0.1217
0.0386279
0.1217
0.1217
0.1217
0.1217
0.1217
0.1217
0.1217
0.1217
0.0836966
0.1217
0.1217
0.1217
0.1217
0.1217
0.1217
0.1217
0.1217
0.1217
0.1217
0.1217
0.1217
0.1217
0.1217
0.1217
0.1217
0.1217
0.1217
0.1217
0.1217
0.1217
0.1217
0.1217
0.1217
0.1217
0.1217
0.1217
0.0702243
0.1217
0.117542
0.1217
0.1217
0.1217
0.1217
0.1217
0.1217
0.1217
0.1217
0.1217
0.115061
0.1217
0.1217
0.1217
0.1217
0.1217
0.1217
0.1217
0.1217
0.1217
0.1217
0.1217
0.1217
0.1217
0.1217
0.1217
0.1217
0.1217
0.1217
0.1217
0.111244
0.1217
0.1217
0.1217
0.1217
0.1217
0.1217
0.0904587
0.1217
0.1217
0.0330878
0.1217
0.1217
0.1217
0.1217
0.1217
0.1217
0.1217
0.1217
0.0335883
0.1217
0.1217
0.1217
0.1217
0.1217
0.1217
0.1217
0.1217
0.1217
0.105148
0.1217
0.1217
0.1217
0.0786288
0.1217
0.1217
0.1217
0.1217
0.1217
0.1217
0.1217
0.1217
0.0306403
0.1217
0.1217
0.1217
0.1217
0.1217
0.1217
0.1217
0.1217
0.1217
0.0407757
0.1217
0.1217
0.1217
0.1217
0.1217
0.1217
0.1217
0.1217
0.1217
0.1217
0.1217
0.1217
0.1217
0.1217
0.0295403
0.1217
0.1217
0.1217
0.1217
0.1217
0.116322
0.1217
0.1217
0.1217
0.1217
0.1217
0.1217
0.00991339
0.1217
0.1217
0.1217
0.1217
0.1217
0.1217
0.1217
0.1217
0.1217
0.1217
0.1217
0.1217
0.1217
0.1217
0.1217
0.1217
0.1217
0.1217
0.0187977
0.1217
0.1217
0.1217
0.1217
0.1217
0.0844427
0.0922803
0.1217
0.1217
0.1217
0.113558
0.1217
0.1217
0.1217
0.1217
0.1217
0.1217
0.1217
0.1217
0.1217
0.0356811
0.1217
0.1217
0.1217
0.1217
0.1217
0.1217
0.0368197
0.1217
0.111193
0.1217
0.1217
0.1217
0.1217
0.1217
0.1217
0.1217
0.1217
0.1217
0.1217
0.1217
0.0833156
0.1217
0.1217
0.1217
0.1217
0.1217
0.1217
0.1217
0.1217
0.1217
0.1217
0.1217
0.1217
0.1217
0.1217
0.1217
0.1217
0.1217
0.1217
0.1217
0.1217
0.1217
0.1217
0.1217
0.0858963
0.1217
0.1217
0.1217
0.1217
0.1217
0.1217
0.1217
0.1217
0.1217
0.1217
0.1217
0.115226
0.1217
0.1217
0.1217
0.1217
0.1217
0.0825816
0.1217
0.1217
0.1217
0.1217
0.1217
0.1217
0.1217
0.1217
0.1217
0.1217
0.1217
0.037988
0.1217
0.1217
0.1217
0.1217
0.1217
0.1217
0.1217
0.1217
0.1217
0.1217
0.1217
0.1217
0.030858
0.1217
0.1217
0.1217
0.1217
0.1217
0.1217
0.1217
0.0832688
0.0094166
0.0304059
0.1217
0.1217
0.1217
0.1217
0.1217
0.0316286
0.1217
0.1217
0.1217
0.1217
0.1217
0.1217
0.1217
0.1217
0.1217
0.1217
0.0837426
0.118536
0.1217
0.1217
0.1217
0.1217
0.1217
0.1217
0.1217
0.1217
0.1217
0.1217
0.1217
0.0361939
0.1217
0.1217
0.1217
0.109511
0.1217
0.1217
0.1217
0.1217
0.1217
0.1217
0.1217
0.1217
0.1217
0.1217
0.1217
0.1217
0.1217
0.1217
0.1217
0.1217
0.030404
0.1217
0.1217
0.1217
0.1217
0.1217
0.1217
0.1217
0.1217
0.1217
0.1217
0.121281
0.1217
0.1217
0.0969802
0.1217
0.1217
0.1217
0.102165
0.1217
0.1217
0.1217
0.1217
0.1217
0.1217
0.1217
0.1217
0.1217
0.1217
0.1217
0.0799218
0.1217
0.1217
0.1217
0.1217
0.1217
0.1217
0.1217
0.1217
0.00302959
0.1217
0.0404889
0.1217
0.1217
0.1217
0.1217
0.0825218
0.1217
0.0968183
0.1217
0.1217
0.1217
0.1217
0.1217
0.1217
0.1217
0.1217
0.105588
0.1217
0.1217
0.1217
0.033044
0.1217
0.1217
0.1217
0.1217
0.1217
0.1217
0.1217
0.1217
0.1217
0.0828012
0.1217
0.1217
0.1217
0.1217
0.00757303
0.0305658
0.1217
0.1217
0.1217
0.1217
0.1217
0.0149729
0.1217
0.0984077
0.1217
0.1217
0.1217
0.1217
0.1217
0.1217
0.1217
0.1217
0.1217
0.1217
0.1217
0.1217
0.1217
0.1217
0.1217
0.1217
0.1217
0.1217
0.1217
0.0869559
0.1217
0.1217
0.1217
0.1217
0.1217
0.1217
0.1217
0.1217
0.1217
0.1217
0.0364296
0.1217
0.1217
0.1217
0.1217
0.1217
0.1217
0.0800354
0.1217
0.1217
0.1217
0.1217
0.1217
0.1217
0.1217
0.1217
0.1217
0.0898679
0.1217
0.00183113
0.1217
0.1217
0.1217
0.1217
0.1217
0.1217
0.1217
0.1217
0.1217
0.1217
0.1217
0.1217
0.1217
0.1217
0.1217
0.1217
0.1217
0.1217
0.1217
0.1217
0.1217
0.1217
0.1217
0.1217
0.1217
0.1217
0.111592
0.1217
0.1217
0.1217
0.1217
0.1217
0.1217
0.1217
0.1217
0.1217
0.1217
0.1217
0.1217
0.1217
0.0316674
0.1217
0.1217
0.0676324
0.1217
0.1217
0.1217
0.1217
0.1217
0.1217
0.1217
0.1217
0.1217
0.1217
0.1217
0.1217
0.1217
0.1217
0.1217
0.1217
0.1217
0.10258
0.1217
0.1217
0.1217
0.1217
0.1217
0.1217
0.1217
0.0383446
0.1217
0.1217
0.1217
0.0302958
0.1217
0.1217
0.1217
0.106244
0.0340208
0.1217
0.1217
0.1217
0.1217
0.1217
0.1217
0.1217
0.1217
0.1217
0.1217
0.1217
0.1217
0.1217
0.1217
0.1217
0.083513
0.1217
0.1217
0.1217
0.1217
0.1217
0.1217
0.1217
0.1217
0.1217
0.1217
0.1217
0.1217
0.0340885
0.1217
0.1217
0.1217
0.1217
0.1217
0.1217
0.1217
0.1217
0.1217
0.1217
0.1217
0.1217
0.1217
0.1217
0.1217
0.1217
0.1217
0.1217
0.1217
0.1217
0.1217
0.1217
0.1217
0.1217
0.1217
0.1217
0.1217
0.1217
0.1217
0.093411
0.1217
0.1217
0.1217
0.1217
0.1217
0.1217
0.1217
0.1217
0.1217
0.1217
0.1217
0.1217
0.1217
0.1217
0.1217
0.1217
0.1217
0.0163955
0.1217
0.1217
0.0230288
0.1217
0.00202252
0.1217
0.1217
0.1217
0.1217
0.1217
0.1217
0.1217
0.1217
0.1217
0.1217
0.1217
0.1217
0.109843
0.1217
0.1217
0.1217
0.1217
0.1217
0.1217
0.1217
0.1217
0.1217
0.1217
0.1217
0.1217
0.1217
0.1217
0.1217
0.1217
0.1217
0.1217
0.1217
0.1217
0.1217
0.1217
0.1217
0.1217
0.1217
0.1217
0.1217
0.1217
0.1217
0.1217
0.1217
0.0268831
0.118602
0.1217
0.1217
0.1217
0.1217
0.1217
0.1217
0.1217
0.1217
0.1217
0.1217
0.1217
0.1217
0.1217
0.1217
0.115368
0.1217
0.112176
0.1217
0.1217
0.1217
0.1217
0.1217
0.1217
0.1217
0.1217
0.1217
0.1217
0.1217
0.1217
0.1217
0.1217
0.1217
0.1217
0.102273
0.1217
0.1217
0.1217
0.1217
0.1217
0.1217
0.0766386
0.1217
0.1217
0.1217
0.1217
0.0901521
0.1217
0.1217
0.1217
0.1217
0.1217
0.1217
0.1217
0.1217
0.1217
0.1217
0.1217
0.1217
0.1217
0.1217
0.1217
0.1217
0.1217
0.1217
0.1217
0.1217
0.1217
0.1217
0.1217
0.1217
0.1217
0.1217
0.1217
0.1217
0.1217
0.1217
0.1217
0.1217
0.1217
0.1217
0.1217
0.03933
0.1217
0.1217
0.1217
0.1217
0.1217
0.1217
0.1217
0.1217
0.1217
0.1217
0.1217
0.1217
0.1217
0.1217
0.1217
0.1217
0.0325638
0.1217
0.105513
0.0281986
0.1217
0.1217
0.0828415
0.1217
0.1217
0.0856679
0.1217
0.1217
0.103477
0.1217
0.1217
0.1217
0.1217
0.1217
0.037829
0.1217
0.1217
0.1217
0.1217
0.1217
0.1217
0.1217
0.1217
0.1217
0.1217
0.1217
0.00709212
0.1217
0.1217
0.1217
0.1217
0.1217
0.1217
0.1217
0.1217
0.1217
0.1217
0.1217
0.1217
0.1217
0.1217
0.1217
0.1217
0.1217
0.1217
0.1217
0.1217
0.1217
0.1217
0.1217
0.0855509
0.1217
0.1217
0.1217
0.116073
0.1217
0.1217
0.1217
0.1217
0.1217
0.0869081
0.1217
0.1217
0.107383
0.1217
0.1217
0.0298548
0.1217
0.1217
0.0281105
0.1217
0.1217
0.1217
0.1217
0.0905496
0.1217
0.1217
0.1217
0.1217
0.1217
0.1217
0.1217
0.1217
0.1217
0.1217
0.1217
0.1217
0.0876961
0.0877653
0.1217
0.1217
0.1217
0.1217
0.1217
0.1217
0.1217
0.1217
0.0849656
0.1217
0.1217
0.1217
0.00989462
0.1217
0.1217
0.101231
0.1217
0.1217
0.1217
0.0255742
0.1217
0.1217
0.1217
0.1217
0.1217
0.1217
0.1217
0.1217
0.1217
0.1217
0.1217
0.1217
0.1217
0.1217
0.1217
0.1217
0.1217
0.1217
0.1217
0.1217
0.1217
0.1217
0.1217
0.1217
0.1217
0.0372926
0.1217
0.1217
0.1217
0.0684922
0.1217
0.1217
0.1217
0.1217
0.1217
0.1217
0.0356596
0.1217
0.1217
0.1217
0.1217
0.1217
0.1217
0.0904106
0.1217
0.1217
0.1217
0.1217
0.1217
0.1217
0.1217
0.1217
0.1217
0.00510455
0.1217
0.1217
0.1217
0.1217
0.1217
0.0324611
0.1217
0.1217
0.1217
0.1217
0.1217
0.1217
0.0988772
0.1217
0.0951256
0.1217
0.1217
0.0353062
0.0730005
0.0162356
0.1217
0.1217
0.1217
0.1217
0.1217
0.1217
0.1217
0.0159119
0.1217
0.1217
0.0300553
0.1217
0.1217
0.1217
0.1217
0.1217
0.1217
0.1217
0.1217
0.1217
0.1217
0.1217
0.1217
0.1217
0.1217
0.0271691
0.1217
0.1217
0.1217
0.0324758
0.1217
0.0337498
0.1217
0.1217
0.1217
0.1217
0.1217
0.1217
0.1217
0.1217
0.1217
0.1217
0.1217
0.1217
0.1217
0.1217
0.1217
0.1217
0.1217
0.1217
0.1217
0.1217
0.1217
0.1217
0.1217
0.1217
0.1217
0.1217
0.1217
0.1217
0.1217
0.1217
0.1217
0.1217
0.1217
0.0917104
0.1217
0.0828586
0.11437
0.1217
0.1217
0.1217
0.1217
0.1217
0.1217
0.0378146
0.1217
0.1217
0.1217
0.1217
0.1217
0.1217
0.1217
0.1217
0.1217
0.1217
0.1217
0.0294814
0.1217
0.1217
0.1217
0.1217
0.109113
0.1217
0.1217
0.1217
0.1217
0.1217
0.1217
0.1217
0.1217
0.1217
0.1217
0.0402787
0.1217
0.1217
0.116161
0.1217
0.0742477
0.1217
0.1217
0.1217
0.038779
0.1217
0.1217
0.1217
0.1217
0.1217
0.1217
0.1217
0.1217
0.1217
0.1217
0.1217
0.1217
0.0864657
0.1217
0.1217
0.1217
0.1217
0.1217
0.1217
0.1217
0.0216053
0.1217
0.1217
0.1217
0.1217
0.08783
0.1217
0.1217
0.0891034
0.1217
0.0150913
0.1217
0.1217
0.1217
0.1217
0.1217
0.0417657
0.1217
0.1217
0.1217
0.1217
0.1217
0.1217
0.1217
0.1217
0.1217
0.1217
0.1217
0.1217
0.1217
0.1217
0.1217
0.1217
0.1217
0.0847253
0.1217
0.1217
0.1217
0.1217
0.1217
0.1217
0.1217
0.1217
0.1217
0.1217
0.107338
0.1217
0.1217
0.1217
0.1217
0.1217
0.1217
0.1217
0.1217
0.1217
0.1217
0.1217
0.1217
0.1217
0.0991685
0.1217
0.1217
0.1217
0.0969999
0.1217
0.1217
0.1217
0.0849886
0.1217
0.1217
0.1217
0.1217
0.1217
0.1217
0.1217
0.0741844
0.1217
0.1217
0.1217
0.1217
0.000745959
0.1217
0.1217
0.1217
0.1217
0.1217
0.1217
0.1217
0.1217
0.1217
0.1217
0.1217
0.1217
0.1217
0.1217
0.1217
0.1217
0.1217
0.1217
0.1217
0.1217
0.1217
0.0826319
0.1217
0.1217
0.110728
0.1217
0.1217
0.00260166
0.1217
0.1217
0.104193
0.1217
0.1217
0.1217
0.117445
0.1217
0.1217
0.1217
0.1217
0.1217
0.1217
0.1217
0.0865096
0.1217
0.1217
0.1217
0.1217
0.1217
0.1217
0.1217
0.1217
0.1217
0.1217
0.0835636
0.1217
0.1217
0.1125
0.1217
0.1217
0.1217
0.1217
0.1217
0.1217
0.1217
0.1217
0.1217
0.1217
0.114206
0.1217
0.1217
0.1217
0.1217
0.1217
0.0212306
0.0747796
0.1217
0.1217
0.0295914
0.1217
0.1217
0.1217
0.1217
0.1217
0.1217
0.1217
0.1217
0.1217
0.1217
0.1217
0.1217
0.1217
0.1217
0.1217
0.1217
0.1217
0.1217
0.1217
0.1217
0.1217
0.1217
0.1217
0.1217
0.1217
0.1217
0.1217
0.1217
0.1217
0.1217
0.1217
0.1217
0.1217
0.1217
0.1217
0.1217
0.1217
0.1217
0.1217
0.0338208
0.1217
0.1217
0.1217
0.1217
0.1217
0.1217
0.1217
0.1217
0.108488
0.1217
0.1217
0.1217
0.0837085
0.0843492
0.1217
0.1217
0.1217
0.1217
0.1217
0.1217
0.1217
0.1217
0.1217
0.1217
0.1217
0.1217
0.1217
0.09188
0.1217
0.1217
0.1217
0.1217
0.1217
0.1217
0.1217
0.1217
0.1217
0.1217
0.1217
0.1217
0.1217
0.1217
0.1217
0.1217
0.1217
0.1217
0.1217
0.1217
0.1217
0.1217
0.100629
0.1217
0.1217
0.1217
0.1217
0.1217
0.1217
0.1217
0.1217
0.1217
0.1217
0.1217
0.1217
0.1217
0.1217
0.1217
0.1217
0.1217
0.1217
0.1217
0.1217
0.0739239
0.1217
0.1217
0.0442029
0.1217
0.1217
0.1217
0.110331
0.00314598
0.1217
0.1217
0.1217
0.120567
0.1217
0.1217
0.1217
0.1217
0.1217
0.1217
0.0283339
0.029182
0.1217
0.1217
0.1217
0.114459
0.1217
0.0305648
0.1217
0.1217
0.1217
0.1217
0.1217
0.1217
0.1217
0.035924
0.1217
0.1217
0.1217
0.1217
0.0828952
0.1217
0.1217
0.1217
0.1217
0.1217
0.106264
0.1217
0.1217
0.1217
0.1217
0.1217
0.1217
0.1217
0.1217
0.1217
0.1217
0.1217
0.1217
0.1217
0.1217
0.1217
0.116218
0.1217
0.1217
0.1217
0.1217
0.0243469
0.1217
0.1217
0.1217
0.1217
0.1217
0.1217
0.1217
0.1217
0.1217
0.102865
0.0851804
0.1217
0.1217
0.0867961
0.1217
0.1217
0.1217
0.1217
0.0282824
0.1217
0.1217
0.0369448
0.1217
0.1217
0.1217
0.1217
0.1217
0.1217
0.0227666
0.1217
0.1217
0.1217
0.1217
0.1217
0.1217
0.1217
0.1217
0.1217
0.1217
0.0825968
0.0909384
0.1217
0.1217
0.1217
0.1217
0.1217
0.1217
0.0296927
0.1217
0.1217
0.1217
0.1217
0.1217
0.1217
0.1217
0.1217
0.1217
0.0953866
0.1217
0.1217
0.1217
0.1217
0.1217
0.1217
0.1217
0.1217
0.1217
0.1217
0.1217
0.1217
0.1217
0.1217
0.1217
0.1217
0.1217
0.1217
0.1217
0.1217
0.1217
0.1217
0.1217
0.1217
0.00820877
0.1217
0.0818033
0.1217
0.1217
0.1217
0.1217
0.1217
0.1217
0.1217
0.0967197
0.0773653
0.1217
0.1217
0.1217
0.1217
0.1217
0.1217
0.1217
0.1217
0.1217
0.1217
0.1217
0.1217
0.1217
0.1217
0.0371588
0.0947041
0.1217
0.0296918
0.1217
0.1217
0.1217
0.1217
0.1217
0.1217
0.00471068
0.1217
0.1217
0.1217
0.1217
0.037504
0.1217
0.1217
0.1217
0.1217
0.1217
0.1217
0.1217
0.0827276
0.1217
0.1217
0.1217
0.1217
0.1217
0.1217
0.1217
0.1217
0.1217
0.1217
0.0325497
0.1217
0.1217
0.1217
0.1217
0.1217
0.00392349
0.00853103
0.1217
0.1217
0.1217
0.1217
0.1217
0.1217
0.1217
0.1217
0.1217
0.1217
0.1217
0.1217
0.1217
0.1217
0.1217
0.1217
0.1217
0.035795
0.1217
0.1217
0.1217
0.1217
0.1217
0.0112954
0.1217
0.1217
0.1217
0.1217
0.1217
0.1217
0.1217
0.1217
0.1217
0.1217
0.1217
0.1217
0.1217
0.1217
0.1217
0.1217
0.1217
0.1217
0.1217
0.1217
0.1217
0.0876289
0.1217
0.1217
0.1217
0.1217
0.1217
0.1217
0.1217
0.1217
0.1217
0.1217
0.1217
0.1217
0.1217
0.1217
0.1217
0.1217
0.0358805
0.110879
0.1217
0.1217
0.1217
0.1217
0.1217
0.1217
0.1217
0.1217
0.1217
0.1217
0.100838
0.1217
0.1217
0.1217
0.1217
0.1217
0.1217
0.0829895
0.1217
0.1217
0.1217
0.1217
0.105834
0.0392358
0.0254265
0.1217
0.1217
0.1217
0.1217
0.1217
0.1217
0.1217
0.1217
0.1217
0.1217
0.1217
0.1217
0.1217
0.1217
0.1217
0.1217
0.1217
0.108191
0.101534
0.1217
0.1217
0.1217
0.1217
0.1217
0.1217
0.0379737
0.1217
0.1217
0.1217
0.1217
0.1217
0.1217
0.0343916
0.1217
0.1217
0.1217
0.1217
0.1217
0.1217
0.1217
0.1217
0.1217
0.1217
0.1217
0.1217
0.1217
0.1217
0.0111428
0.0951438
0.1217
0.0883098
0.1217
0.1217
0.1217
0.1217
0.11138
0.1217
0.1217
0.1217
0.1217
0.1217
0.1217
0.1217
0.0828239
0.1217
0.1217
0.1217
0.1217
0.1217
0.1217
0.1217
0.1217
0.1217
0.1217
0.1217
0.1217
0.1217
0.1217
0.1217
0.1217
0.1217
0.0868385
0.1217
0.1217
0.1217
0.1217
0.1217
0.1217
0.0371276
0.0164053
0.1217
0.1217
0.1217
0.1217
0.1217
0.0378196
0.0376357
0.1217
0.1217
0.1217
0.1217
0.1217
0.00149351
0.1217
0.1217
0.1217
0.1217
0.1217
0.1217
0.0247402
0.00617777
0.1217
0.10097
0.1217
0.0152385
0.1217
0.1217
0.1217
0.1217
0.1217
0.1217
0.1217
0.1217
0.1217
0.1217
0.1217
0.1217
0.1217
0.1217
0.1217
0.1217
0.1217
0.1217
0.1217
0.1217
0.1217
0.1217
0.1217
0.1217
0.0360682
0.1217
0.1217
0.0910086
0.1217
0.1217
0.1217
0.1217
0.1217
0.1217
0.1217
0.1217
0.1217
0.1217
0.1217
0.1217
0.1217
0.1217
0.1217
0.1217
0.1217
0.1217
0.1217
0.1217
0.1217
0.0160516
0.1217
0.1217
0.1217
0.1217
0.1217
0.1217
0.1217
0.0368215
0.1217
0.1217
0.1217
0.1217
0.1217
0.1217
0.1217
0.1217
0.1217
0.1217
0.1217
0.1217
0.1217
0.0391998
0.1217
0.1217
0.1217
0.1217
0.1217
0.1217
0.1217
0.1217
0.1217
0.1217
0.1217
0.1217
0.1217
0.1217
0.1217
0.1217
0.1217
0.1217
0.1217
0.1217
0.1217
0.1217
0.1217
0.1217
0.1217
0.1217
0.1217
0.1217
0.1217
0.1217
0.1217
0.114067
0.1217
0.1217
0.1217
0.0366651
0.1217
0.0122012
0.1217
0.1217
0.1217
0.1217
0.1217
0.1217
0.1217
0.1217
0.1217
0.1217
0.1217
0.1217
0.104076
0.1217
0.1217
0.1217
0.103751
0.1217
0.1217
0.0271979
0.1217
0.0927202
0.1217
0.1217
0.1217
0.1217
0.1217
0.1217
0.1217
0.1217
0.1217
0.1217
0.1217
0.1217
0.1217
0.1217
0.1217
0.1217
0.1217
0.1217
0.1217
0.1217
0.1217
0.1217
0.1217
0.1217
0.1217
0.1217
0.1217
0.1217
0.1217
0.1217
0.1217
0.1217
0.1217
0.1217
0.1217
0.1217
0.1217
0.1217
0.106729
0.1217
0.1217
0.1217
0.1217
0.1217
0.0352217
0.0866927
0.1217
0.0768605
0.1217
0.1217
0.1217
0.1217
0.1217
0.1217
0.113016
0.1217
0.1217
0.1217
0.1217
0.1217
0.1217
0.1217
0.1217
0.1217
0.1217
0.1217
0.1217
0.1217
0.1217
0.1217
0.1217
0.1217
0.1217
0.0848705
0.1217
0.1217
0.1217
0.1217
0.1217
0.1217
0.1217
0.1217
0.1217
0.1217
0.1217
0.1217
0.1217
0.1217
0.1217
0.1217
0.0333521
0.1217
0.1217
0.1217
0.1217
0.1217
0.1217
0.1217
0.1217
0.1217
0.108717
0.1217
0.1217
0.1217
0.1217
0.1217
0.1217
0.1217
0.1217
0.1217
0.1217
0.1217
0.1217
0.1217
0.1217
0.0121942
0.1217
0.1217
0.1217
0.1217
0.110824
0.1217
0.1217
0.1217
0.1217
0.1217
0.1217
0.1217
0.1217
0.1217
0.1217
0.1217
0.1217
0.1217
0.0846197
0.1217
0.1217
0.1217
0.1217
0.1217
0.1217
0.0972031
0.0358135
0.1217
0.1217
0.1217
0.1217
0.1217
0.1217
0.1217
0.1217
0.1217
0.1217
0.1217
0.1217
0.1217
0.1217
0.1217
0.1217
0.1217
0.1217
0.1217
0.1217
0.0204186
0.1217
0.1217
0.1217
0.1217
0.1217
0.1217
0.1217
0.1217
0.1217
0.1217
0.00326215
0.0278298
0.1217
0.1217
0.1217
0.1217
0.1217
0.1217
0.1217
0.1217
0.1217
0.0356149
0.1217
0.1217
0.1217
0.1217
0.1217
0.1217
0.1217
0.1217
0.1217
0.1217
0.1217
0.1217
0.1217
0.1217
0.105803
0.1217
0.1217
0.1217
0.1217
0.1217
0.1217
0.1217
0.0893028
0.1217
0.1217
0.1217
0.1217
0.1217
0.1217
0.1217
0.1217
0.0233879
0.1217
0.1217
0.1217
0.1217
0.1217
0.1217
0.1217
0.1217
0.1217
0.1217
0.1217
0.1217
0.1217
0.1217
0.1217
0.1217
0.1217
0.1217
0.1217
0.1217
0.1217
0.0349792
0.1217
0.0851161
0.1217
0.1217
0.1217
0.1217
0.1217
0.1217
0.1217
0.0358063
0.1217
0.1217
0.1217
0.1217
0.1217
0.1217
0.1217
0.0855794
0.1217
0.1217
0.1217
0.1217
0.1217
0.1217
0.1217
0.0764455
0.1217
0.1217
0.1217
0.1217
0.1217
0.1217
0.1217
0.1217
0.0390848
0.0128131
0.1217
0.1217
0.1217
0.1217
0.1217
0.1217
0.1217
0.1217
0.1217
0.1217
0.1217
0.1217
0.1217
0.1217
0.0882702
0.115691
0.1217
0.0995471
0.1217
0.1217
0.1217
0.1217
0.1217
0.1217
0.1217
0.1217
0.1217
0.1217
0.1217
0.1217
0.1217
0.1217
0.1217
0.1217
0.0288881
0.1217
0.1217
0.0993248
0.1217
0.1217
0.1217
0.109311
0.1217
0.1217
0.1217
0.1217
0.1217
0.1217
0.1217
0.1217
0.1217
0.1217
0.108539
0.1217
0.1217
0.1217
0.1217
0.101694
0.0834306
0.1217
0.0790807
0.1217
0.0926681
0.108625
0.1217
0.1217
0.085092
0.1217
0.108843
0.1217
0.1217
0.1217
0.1217
0.1217
0.1217
0.1217
0.1217
0.0336804
0.1217
0.1217
0.1217
0.0256567
0.1217
0.1217
0.1217
0.1217
0.0013146
0.1217
0.1217
0.1217
0.1217
0.1217
0.1217
0.0890965
0.1217
0.1217
0.1217
0.1217
0.1217
0.1217
0.0908951
0.1217
0.1217
0.1217
0.1217
0.1217
0.0252603
0.1217
0.1217
0.1217
0.0808925
0.1217
0.1217
0.1217
0.1217
0.1217
0.1217
0.0899342
0.1217
0.1217
0.1217
0.1217
0.1217
0.1217
0.1217
0.0836067
0.1217
0.100973
0.1217
0.1217
0.1217
0.1217
0.1217
0.1217
0.1217
0.1217
0.1217
0.1217
0.111856
0.1217
0.1217
0.1217
0.1217
0.1217
0.1217
0.1217
0.1217
0.1217
0.1217
0.1217
0.1217
0.08978
0.1217
0.1217
0.1217
0.1217
0.1217
0.1217
0.1217
0.1217
0.1217
0.1217
0.1217
0.1217
0.1217
0.1217
0.1217
0.000619854
0.1217
0.1217
0.1217
0.1217
0.1217
0.1217
0.1217
0.1217
0.1217
0.1217
0.1217
0.1217
0.106649
0.1217
0.1217
0.1217
0.1217
0.00379228
0.1217
0.00150529
0.1217
0.1217
0.1217
0.1217
0.1217
0.1217
0.1217
0.1217
0.1217
0.1217
0.0272967
0.1217
0.1217
0.0301338
0.1217
0.1217
0.1217
0.1217
0.1217
0.1217
0.032389
0.1217
0.1217
0.1217
0.1217
0.1217
0.1217
0.1217
0.1217
0.1217
0.1217
0.1217
0.1217
0.1217
0.1217
0.1217
0.1217
0.1217
0.1217
0.1217
0.1217
0.1217
0.1217
0.1217
0.1217
0.1217
0.1217
0.1217
0.1217
0.1217
0.111856
0.1217
0.0834478
0.1217
0.1217
0.1217
0.1217
0.1217
0.0825317
0.1217
0.1217
0.1217
0.1217
0.1217
0.1217
0.1217
0.0293528
0.1217
0.1217
0.1217
0.1217
0.1217
0.1217
0.1217
0.110366
0.1217
0.1217
0.0239282
0.1217
0.1217
0.1217
0.1217
0.1217
0.1217
0.1217
0.1217
0.1217
0.1217
0.0855732
0.1217
0.1217
0.1217
0.1217
0.1217
0.1217
0.1217
0.0334323
0.0222847
0.1217
0.1217
0.1217
0.1217
0.106314
0.1217
0.1217
0.1217
0.1217
0.1217
0.1217
0.1217
0.1217
0.1217
0.00540379
0.1217
0.0974343
0.1217
0.1217
0.1217
0.1217
0.106491
0.1217
0.1217
0.00987284
0.1217
0.1217
0.1217
0.1217
0.1217
0.1217
0.0993975
0.1217
0.1217
0.1217
0.1217
0.0152103
0.1217
0.1217
0.1217
0.1217
0.1217
0.1217
0.1217
0.0145982
0.1217
0.1217
0.1217
0.119797
0.1217
0.0110665
0.1217
0.1217
0.1217
0.1217
0.0382163
0.1217
0.1217
0.013412
0.1217
0.1217
0.1217
0.1217
0.1217
0.1217
0.1217
0.1217
0.1217
0.1217
0.1217
0.1217
0.1217
0.1217
0.1217
0.1217
0.1217
0.1217
0.1217
0.1217
0.0917989
0.1217
0.1217
0.0994278
0.1217
0.1217
0.1217
0.1217
0.1217
0.1217
0.1217
0.1217
0.1217
0.1217
0.1217
0.121011
0.1217
0.00667631
0.1217
0.1217
0.1217
0.1217
0.1217
0.1217
0.1217
0.1217
0.1217
0.1217
0.1217
0.1217
0.1217
0.1217
0.1217
0.1217
0.0312507
0.1217
0.111888
0.0644422
0.1217
0.1217
0.1217
0.1217
0.1217
0.1217
0.1217
0.1217
0.1217
0.1217
0.1217
0.0909083
0.1217
0.1217
0.0502765
0.1217
0.1217
0.1217
0.1217
0.1217
0.1217
0.1217
0.0018523
0.1217
0.1217
0.1217
0.0334105
0.1217
0.1217
0.1217
0.1217
0.0387342
0.1217
0.0849726
0.0833663
0.1217
0.1217
0.1217
0.1217
0.1217
0.0172347
0.1217
0.1217
0.1217
0.1217
0.0891597
0.1217
0.1217
0.00824597
0.1217
0.1217
0.1217
0.1217
0.1217
0.0462257
0.1217
0.1217
0.1217
0.1217
0.1217
0.1217
0.1217
0.1217
0.1217
0.1217
0.1217
0.1217
0.1217
0.1217
0.1217
0.1217
0.1217
0.1217
0.1217
0.0934085
0.1217
0.0307791
0.1217
0.1217
0.1217
0.1217
0.1217
0.117189
0.1217
0.1217
0.1217
0.1217
0.000592807
0.1217
0.1217
0.0130244
0.0845434
0.1217
0.1217
0.1217
0.1217
0.1217
0.1217
0.1217
0.1217
0.0860955
0.1217
0.1217
0.1217
0.092202
0.1217
0.1217
0.1217
0.1217
0.1217
0.1217
0.1217
0.1217
0.0859982
0.1217
0.0849953
0.1217
0.1217
0.1217
0.1217
0.1217
0.0352609
0.1217
0.1217
0.1217
0.1217
0.1217
0.1217
0.1217
0.1217
0.111888
0.118505
0.1217
0.1217
0.1217
0.1217
0.1217
0.1217
0.117191
0.1217
0.1217
0.118536
0.0468294
0.1217
0.1217
0.1217
0.1217
0.1217
0.1217
0.1217
0.1217
0.1217
0.1217
0.1217
0.1217
0.1217
0.1217
0.1217
0.1217
0.1217
0.1217
0.1217
0.1217
0.0354573
0.1217
0.1217
0.1217
0.1217
0.1217
0.1217
0.1217
0.0254129
0.1217
0.1217
0.1217
0.1217
0.1217
0.103752
0.0159953
0.1217
0.0156309
0.0912281
0.00874225
0.1217
0.1217
0.1217
0.0995026
0.1217
0.1217
0.1217
0.1217
0.0862787
0.1217
0.1217
0.1217
0.1217
0.1217
0.1217
0.1217
0.0848144
0.1217
0.1217
0.1217
0.1217
0.1217
0.1217
0.0159461
0.1217
0.1217
0.1217
0.114518
0.1217
0.1217
0.1217
0.1217
0.1217
0.1217
0.1217
0.1217
0.1217
0.1217
0.00136194
0.1217
0.1217
0.1217
0.1217
0.116097
0.110576
0.1217
0.1217
0.1217
0.1217
0.1217
0.1217
0.1217
0.1217
0.1217
0.1217
0.1217
0.0146546
0.1217
0.1217
0.1217
0.00975635
0.1217
0.1217
0.1217
0.1217
0.1217
0.1217
0.1217
0.1217
0.1217
0.1217
0.1217
0.1217
0.1217
0.1217
0.1217
0.1217
0.1217
0.1217
0.1217
0.1217
0.0358058
0.0862315
0.1217
0.1217
0.1217
0.1217
0.1217
0.1217
0.1217
0.1217
0.1217
0.1217
0.1217
0.1217
0.1217
0.1217
0.1217
0.107067
0.1217
0.1217
0.1217
0.1217
0.1217
0.1217
0.1217
0.1217
0.1217
0.1217
0.1217
0.1217
0.1217
0.1217
0.1217
0.1217
0.1217
0.1217
0.1217
0.1217
0.1217
0.1217
0.1217
0.1217
0.1217
0.1217
0.1217
0.1217
0.1217
0.1217
0.1217
0.1217
0.1217
0.1217
0.1217
0.1217
0.1217
0.1217
0.1217
0.1217
0.1217
0.1217
0.1217
0.1217
0.1217
0.1217
0.1217
0.1217
0.1217
0.1217
0.1217
0.1217
0.1217
0.1217
0.1217
0.1217
0.1217
0.1217
0.0153252
0.1217
0.1217
0.1217
0.1217
0.0832223
0.1217
0.1217
0.1217
0.0282691
0.1217
0.105379
0.1217
0.1217
0.1217
0.1217
0.1217
0.1217
0.1217
0.1217
0.10876
0.1217
0.1217
0.1217
0.1217
0.1217
0.1217
0.1217
0.1217
0.1217
0.1217
0.1217
0.107277
0.1217
0.0182264
0.0372324
0.00169126
0.1217
0.1217
0.1217
0.1217
0.1217
0.1217
0.1217
0.0201857
0.1217
0.1217
0.1217
0.1217
0.1217
0.1217
0.1217
0.1217
0.121081
0.1217
0.1217
0.1217
0.0938436
0.1217
0.1217
0.1217
0.1217
0.00317024
0.1217
0.1217
0.1217
0.1217
0.1217
0.1217
0.1217
0.115586
0.1217
0.1217
0.1217
0.1217
0.1217
0.1217
0.1217
0.086643
0.1217
0.1217
0.1217
0.1217
0.1217
0.1217
0.036743
0.1217
0.1217
0.1217
0.1217
0.0265082
0.1217
0.101615
0.1217
0.0327756
0.1217
0.1217
0.0370177
0.1217
0.1217
0.1217
0.1217
0.1217
0.1217
0.1217
0.1217
0.1217
0.0194135
0.1217
0.1217
0.1217
0.102952
0.000161262
0.1217
0.1217
0.1217
0.119822
0.1217
0.1217
0.1217
0.1217
0.1217
0.0989485
0.1217
0.1217
0.1217
0.1217
0.1217
0.1217
0.0848282
0.1217
0.1217
0.1217
0.1217
0.1217
0.1217
0.0963069
0.0882374
0.1217
0.1217
0.1217
0.1217
0.1217
0.1217
0.1217
0.1217
0.1217
0.1217
0.1217
0.1217
0.1217
0.1217
0.1217
0.0359552
0.1217
0.1217
0.1217
0.1217
0.1217
0.1217
0.1217
0.1217
0.0390508
0.0210292
0.0855794
0.0887811
0.1217
0.1217
0.1217
0.1217
0.1217
0.00315749
0.1217
0.0882022
0.1217
0.1217
0.0299413
0.1217
0.1217
0.1217
0.1217
0.1217
0.1217
0.1217
0.1217
0.1217
0.113678
0.1217
0.0364423
0.1217
0.1217
0.1217
0.1217
0.1217
0.1217
0.1217
0.114285
0.1217
0.0173621
0.1217
0.1217
0.1217
0.1217
0.1217
0.118967
0.1217
0.1217
0.1217
0.1217
0.1217
0.1217
0.1217
0.0789631
0.1217
0.0834519
0.1217
0.0358444
0.1217
0.0251436
0.11424
0.0903428
0.1217
0.086199
0.1217
0.1217
0.1217
0.1217
0.1217
0.1217
0.1217
0.1217
0.00614066
0.1217
0.1217
0.1217
0.1217
0.1217
0.1217
0.1217
0.1217
0.1217
0.1217
0.1217
0.1217
0.1217
0.1217
0.1217
0.1217
0.1217
